100,101,102
100,100,100
99.9997,100,100
99.9993,100,100
99.999,100,100
99.9986,100,100
99.9983,100,100
99.9979,100,100
99.9976,100,100
99.9972,100,100
99.9969,100,100
99.9965,100,100
99.9962,100,100
99.9958,100,100
99.9955,100,100
99.9951,100,100
99.9948,100,100
99.9944,100,100
99.9941,100,100
99.9938,100,100
99.9934,100,100
99.9931,100,100
99.9927,100,100
99.9924,100,100
99.992,100,100
99.9917,100,100
99.9913,100,100
99.991,100,100
99.9906,100,100
99.9903,100,100
99.9899,100,100
99.9896,100,100
99.9892,100,100
99.9889,100,100
99.9885,100,100
99.9882,100,100
99.9879,100,100
99.9875,100,100
99.9872,100,100
99.9868,100,100
99.9865,100,100
99.9861,100,100
99.9858,100,100
99.9854,100,100
99.9851,100,100
99.9847,100,100
99.9844,100,100
99.984,100,100
99.9837,100,100
99.9833,100,100
99.983,100,100
99.9826,100,100
99.9823,100,100
99.982,100,100
99.9816,100,100
99.9813,100,100
99.9809,100,100
99.9806,100,100
99.9802,100,100
99.9799,100,100
99.9795,100,100
99.9792,100,100
99.9788,100,100
99.9785,100,100
99.9781,100,100
99.9778,100,100
99.9774,100,100
99.9771,100,100
99.9768,100,100
99.9764,100,100
99.9761,100,100
99.9757,100,100
99.9754,100,100
99.975,100,100
99.9747,100,100
99.9743,100,100
99.974,100,100
99.9736,100,100
99.9733,100,100
99.9729,100,100
99.9726,100,100
99.9722,100,100
99.9719,100,100
99.9715,100,100
99.9712,100,100
99.9709,100,100
99.9705,100,100
99.9702,100,100
99.9698,100,100
99.9695,100,100
99.9691,100,100
99.9688,100,100
99.9684,100,100
99.9681,100,100
99.9677,100,100
99.9674,100,100
99.967,100,100
99.9667,100,100
99.9663,100,100
99.966,100,100
99.9656,100,100
99.9653,100,100
99.9649,100,100
99.9645,100,100
99.9641,100,100
99.9637,100,100
99.9633,100,100
99.9629,100,100
99.9625,100,100
99.9621,100,100
99.9617,100,100
99.9613,100,100
99.9609,100,100
99.9605,100,100
99.9601,100,100
99.9597,100,100
99.9592,100,100
99.9588,100,100
99.9584,100,100
99.958,100,100
99.9576,100,100
99.9572,100,100
99.9568,100,100
99.9564,100,100
99.956,100,100
99.9556,100,100
99.9552,100,100
99.9548,100,100
99.9544,100,100
99.954,100,100
99.9536,100,100
99.9532,100,100
99.9528,100,100
99.9524,100,100
99.952,100,100
99.9516,100,100
99.9512,100,100
99.9508,100,100
99.9504,100,100
99.95,100,100
99.9496,100,100
99.9492,100,100
99.9488,100,100
99.9484,100,100
99.948,100,100
99.9476,100,100
99.9472,100,100
99.9468,100,100
99.9464,100,100
99.946,100,100
99.9456,100,100
99.9451,100,100
99.9447,100,100
99.9443,100,100
99.9439,100,100
99.9435,100,100
99.9431,100,100
99.9427,100,100
99.9423,100,100
99.9419,100,100
99.9415,100,100
99.9411,100,100
99.9407,100,100
99.9403,100,100
99.9399,100,100
99.9395,100,100
99.9391,100,100
99.9387,100,100
99.9383,100,100
99.9379,100,100
99.9375,100,100
99.9371,100,100
99.9367,100,100
99.9363,100,100
99.9359,100,100
99.9355,100,100
99.9351,100,100
99.9347,100,100
99.9343,100,100
99.9339,100,100
99.9335,100,100
99.9331,100,100
99.9327,100,100
99.9323,100,100
99.9319,100,100
99.9315,100,100
99.931,100,100
99.9306,100,100
99.9302,100,100
99.9298,100,100
99.9294,100,100
99.929,100,100
99.9286,100,100
99.9282,100,100
99.9278,100,100
99.9274,100,100
99.927,100,100
99.9266,100,100
99.9262,100,100
99.9258,100,100
99.9254,100,100
99.925,100,100
99.9246,100,100
99.9242,100,100
99.9237,100,100
99.9233,100,100
99.9229,100,100
99.9225,100,100
99.9221,100,100
99.9216,100,100
99.9212,100,100
99.9208,100,100
99.9204,100,100
99.9199,100,100
99.9195,100,100
99.9191,100,100
99.9187,100,100
99.9183,100,100
99.9178,100,100
99.9174,100,100
99.917,100,100
99.9166,100,100
99.9162,100,100
99.9157,100,100
99.9153,100,100
99.9149,100,100
99.9145,100,100
99.914,100,100
99.9136,100,100
99.9132,100,100
99.9128,100,100
99.9124,100,100
99.9119,100,100
99.9115,100,100
99.9111,100,100
99.9107,100,100
99.9102,100,100
99.9098,100,100
99.9094,100,100
99.909,100,100
99.9086,100,100
99.9081,100,100
99.9077,100,100
99.9073,100,100
99.9069,100,100
99.9065,100,100
99.906,100,100
99.9056,100,100
99.9052,100,100
99.9048,100,100
99.9043,100,100
99.9039,100,100
99.9035,100,100
99.9031,100,100
99.9027,100,100
99.9022,100,100
99.9018,100,100
99.9014,100,100
99.901,100,100
99.9006,100,100
99.9001,100,100
99.8997,100,100
99.8993,100,100
99.8989,100,100
99.8984,100,100
99.898,100,100
99.8976,100,100
99.8972,100,100
99.8968,100,100
99.8963,100,100
99.8959,100,100
99.8955,100,100
99.8951,100,100
99.8946,100,100
99.8942,100,100
99.8938,100,100
99.8934,100,100
99.893,100,100
99.8925,100,100
99.8921,100,100
99.8917,100,100
99.8913,100,100
99.8909,100,100
99.8904,100,100
99.89,100,100
99.8896,100,100
99.8892,100,100
99.8887,100,100
99.8883,100,100
99.8879,100,100
99.8875,100,100
99.8871,100,100
99.8866,100,100
99.8862,100,100
99.8858,100,100
99.8854,100,100
99.885,100,100
99.8845,100,100
99.8841,100,100
99.8837,100,100
99.8833,100,100
99.8828,100,100
99.8824,100,100
99.882,100,100
99.8816,100,100
99.8811,100,100
99.8807,100,100
99.8803,100,100
99.8798,100,100
99.8794,100,100
99.879,100,100
99.8785,100,100
99.8781,100,100
99.8777,100,100
99.8772,100,100
99.8768,100,100
99.8764,100,100
99.8759,100,100
99.8755,100,100
99.8751,100,100
99.8747,100,100
99.8742,100,100
99.8738,100,100
99.8734,100,100
99.8729,100,100
99.8725,100,100
99.8721,100,100
99.8716,100,100
99.8712,100,100
99.8708,100,100
99.8703,100,100
99.8699,100,100
99.8695,100,100
99.869,100,100
99.8686,100,100
99.8682,100,100
99.8678,100,100
99.8673,100,100
99.8669,100,100
99.8665,100,100
99.866,100,100
99.8656,100,100
99.8652,100,100
99.8647,100,100
99.8643,100,100
99.8639,100,100
99.8634,100,100
99.863,100,100
99.8626,100,100
99.8621,100,100
99.8617,100,100
99.8613,100,100
99.8609,100,100
99.8604,100,100
99.86,100,100
99.8596,100,100
99.8591,100,100
99.8587,100,100
99.8583,100,100
99.8578,100,100
99.8574,100,100
99.857,100,100
99.8565,100,100
99.8561,100,100
99.8557,100,100
99.8553,100,100
99.8548,100,100
99.8544,100,100
99.854,100,100
99.8535,100,100
99.8531,100,100
99.8527,100,100
99.8522,100,100
99.8518,100,100
99.8514,100,100
99.8509,100,100
99.8505,100,100
99.8501,100,100
99.8496,100,100
99.8492,100,100
99.8488,100,100
99.8484,100,100
99.8479,100,100
99.8475,100,100
99.8471,100,100
99.8466,100,100
99.8462,100,100
99.8458,100,100
99.8453,100,100
99.8449,100,100
99.8445,100,100
99.844,100,100
99.8436,100,100
99.8432,100,100
99.8427,100,100
99.8423,100,100
99.8419,100,100
99.8415,100,100
99.841,100,100
99.8406,100,100
99.8402,100,100
99.8397,100,100
99.8393,100,100
99.8388,100,100
99.8384,100,100
99.838,100,100
99.8375,100,100
99.8371,100,100
99.8366,100,100
99.8362,100,100
99.8358,100,100
99.8353,100,100
99.8349,100,100
99.8344,100,100
99.834,100,100
99.8336,100,100
99.8331,100,100
99.8327,100,100
99.8322,100,100
99.8318,100,100
99.8314,100,100
99.8309,100,100
99.8305,100,100
99.83,100,100
99.8296,100,100
99.8291,100,100
99.8287,100,100
99.8283,100,100
99.8278,100,100
99.8274,100,100
99.8269,100,100
99.8265,100,100
99.8261,100,100
99.8256,100,100
99.8252,100,100
99.8247,100,100
99.8243,100,100
99.8239,100,100
99.8234,100,100
99.823,100,100
99.8225,100,100
99.8221,100,100
99.8217,100,100
99.8212,100,100
99.8208,100,100
99.8203,100,100
99.8199,100,100
99.8194,100,100
99.819,100,100
99.8186,100,100
99.8181,100,100
99.8177,100,100
99.8172,100,100
99.8168,100,100
99.8164,100,100
99.8159,100,100
99.8155,100,100
99.815,100,100
99.8146,100,100
99.8142,100,100
99.8137,100,100
99.8133,100,100
99.8128,100,100
99.8124,100,100
99.8119,100,100
99.8115,100,100
99.8111,100,100
99.8106,100,100
99.8102,100,100
99.8097,100,100
99.8093,100,100
99.8089,100,100
99.8084,100,100
99.808,100,100
99.8075,100,100
99.8071,100,100
99.8067,100,100
99.8062,100,100
99.8058,100,100
99.8053,100,100
99.8049,100,100
99.8045,100,100
99.804,100,100
99.8036,100,100
99.8031,100,100
99.8027,100,100
99.8022,100,100
99.8018,100,100
99.8014,100,100
99.8009,100,100
99.8005,100,100
99.8,100,100
99.7996,100,100
99.7992,100,100
99.7987,100,100
99.7983,100,100
99.7978,100,100
99.7974,100,100
99.797,100,100
99.7965,100,100
99.7961,100,100
99.7956,100,100
99.7952,100,100
99.7947,100,100
99.7942,100,100
99.7938,100,100
99.7933,100,100
99.7928,100,100
99.7923,100,100
99.7919,100,100
99.7914,100,100
99.7909,100,100
99.7905,100,100
99.79,100,100
99.7895,100,100
99.7891,100,100
99.7886,100,100
99.7881,100,100
99.7876,100,100
99.7872,100,100
99.7867,100,100
99.7862,100,100
99.7858,100,100
99.7853,100,100
99.7848,100,100
99.7844,100,100
99.7839,100,100
99.7834,100,100
99.7829,100,100
99.7825,100,100
99.782,100,100
99.7815,100,100
99.7811,100,100
99.7806,100,100
99.7801,100,100
99.7797,100,100
99.7792,100,100
99.7787,100,100
99.7782,100,100
99.7778,100,100
99.7773,100,100
99.7768,100,100
99.7764,100,100
99.7759,100,100
99.7754,100,100
99.775,100,100
99.7745,100,100
99.774,100,100
99.7735,100,100
99.7731,100,100
99.7726,100,100
99.7721,100,100
99.7717,100,100
99.7712,100,100
99.7707,100,100
99.7703,100,100
99.7698,100,100
99.7693,100,100
99.7688,100,100
99.7684,100,100
99.7679,100,100
99.7674,100,100
99.767,100,100
99.7665,100,100
99.766,100,100
99.7656,100,100
99.7651,100,100
99.7646,100,100
99.7641,100,100
99.7637,100,100
99.7632,100,100
99.7627,100,100
99.7623,100,100
99.7618,100,100
99.7613,100,100
99.7609,100,100
99.7604,100,100
99.7599,100,100
99.7594,100,100
99.759,100,100
99.7585,100,100
99.758,100,100
99.7576,100,100
99.7571,100,100
99.7566,100,100
99.7561,100,100
99.7557,100,100
99.7552,100,100
99.7547,100,100
99.7543,100,100
99.7538,100,100
99.7533,100,100
99.7529,100,100
99.7524,100,100
99.7519,100,100
99.7514,100,100
99.751,100,100
99.7505,100,100
99.75,100,100
99.7496,100,100
99.7491,100,100
99.7486,100,100
99.7481,100,100
99.7477,100,100
99.7472,100,100
99.7467,100,100
99.7462,100,100
99.7457,100,100
99.7452,100,100
99.7448,100,100
99.7443,100,100
99.7438,100,100
99.7433,100,100
99.7428,100,100
99.7423,100,100
99.7419,100,100
99.7414,100,100
99.7409,100,100
99.7404,100,100
99.7399,100,100
99.7394,100,100
99.739,100,100
99.7385,100,100
99.738,100,100
99.7375,100,100
99.737,100,100
99.7365,100,100
99.7361,100,100
99.7356,100,100
99.7351,100,100
99.7346,100,100
99.7341,100,100
99.7336,100,100
99.7332,100,100
99.7327,100,100
99.7322,100,100
99.7317,100,100
99.7312,100,100
99.7307,100,100
99.7303,100,100
99.7298,100,100
99.7293,100,100
99.7288,100,100
99.7283,100,100
99.7278,100,100
99.7274,100,100
99.7269,100,100
99.7264,100,100
99.7259,100,100
99.7254,100,100
99.7249,100,100
99.7244,100,100
99.724,100,100
99.7235,100,100
99.723,100,100
99.7225,100,100
99.722,100,100
99.7215,100,100
99.7211,100,100
99.7206,100,100
99.7201,100,100
99.7196,100,100
99.7191,100,100
99.7186,100,100
99.7182,100,100
99.7177,100,100
99.7172,100,100
99.7167,100,100
99.7162,100,100
99.7157,100,100
99.7153,100,100
99.7148,100,100
99.7143,100,100
99.7138,100,100
99.7133,100,100
99.7128,100,100
99.7124,100,100
99.7119,100,100
99.7114,100,100
99.7109,100,100
99.7104,100,100
99.7099,100,100
99.7095,100,100
99.709,100,100
99.7085,100,100
99.708,100,100
99.7075,100,100
99.707,100,100
99.7066,100,100
99.7061,100,100
99.7056,100,100
99.7051,100,100
99.7046,100,100
99.7041,100,100
99.7037,100,100
99.7032,100,100
99.7027,100,100
99.7022,100,100
99.7017,100,100
99.7012,100,100
99.7008,100,100
99.7003,100,100
99.6998,100,100
99.6993,100,100
99.6987,100,100
99.6982,100,100
99.6977,100,100
99.6972,100,100
99.6967,100,100
99.6962,100,100
99.6957,100,100
99.6952,100,100
99.6947,100,100
99.6942,100,100
99.6937,100,100
99.6932,100,100
99.6927,100,100
99.6922,100,100
99.6916,100,100
99.6911,100,100
99.6906,100,100
99.6901,100,100
99.6896,100,100
99.6891,100,100
99.6886,100,100
99.6881,100,100
99.6876,100,100
99.6871,100,100
99.6866,100,100
99.6861,100,100
99.6856,100,100
99.685,100,100
99.6845,100,100
99.684,100,100
99.6835,100,100
99.683,100,100
99.6825,100,100
99.682,100,100
99.6815,100,100
99.681,100,100
99.6805,100,100
99.68,100,100
99.6795,100,100
99.679,100,100
99.6784,100,100
99.6779,100,100
99.6774,100,100
99.6769,100,100
99.6764,100,100
99.6759,100,100
99.6754,100,100
99.6749,100,100
99.6744,100,100
99.6739,100,100
99.6734,100,100
99.6729,100,100
99.6724,100,100
99.6719,100,100
99.6713,100,100
99.6708,100,100
99.6703,100,100
99.6698,100,100
99.6693,100,100
99.6688,100,100
99.6683,100,100
99.6678,100,100
99.6673,100,100
99.6668,100,100
99.6663,100,100
99.6658,100,100
99.6653,100,100
99.6647,100,100
99.6642,100,100
99.6637,100,100
99.6632,100,100
99.6627,100,100
99.6622,100,100
99.6617,100,100
99.6612,100,100
99.6607,100,100
99.6602,100,100
99.6597,100,100
99.6592,100,100
99.6587,100,100
99.6582,100,100
99.6576,100,100
99.6571,100,100
99.6566,100,100
99.6561,100,100
99.6556,100,100
99.6551,100,100
99.6546,100,100
99.6541,100,100
99.6536,100,100
99.6531,100,100
99.6526,100,100
99.6521,100,100
99.6516,100,100
99.651,100,100
99.6505,100,100
99.65,100,100
99.6495,100,100
99.649,100,100
99.6485,100,100
99.648,100,100
99.6474,100,100
99.6469,100,100
99.6464,100,100
99.6459,100,100
99.6454,100,100
99.6448,100,100
99.6443,100,100
99.6438,100,100
99.6433,100,100
99.6428,100,100
99.6422,100,100
99.6417,100,100
99.6412,100,100
99.6407,100,100
99.6402,100,100
99.6396,100,100
99.6391,100,100
99.6386,100,100
99.6381,100,100
99.6376,100,100
99.637,100,100
99.6365,100,100
99.636,100,100
99.6355,100,100
99.635,100,100
99.6344,100,100
99.6339,100,100
99.6334,100,100
99.6329,100,100
99.6324,100,100
99.6318,100,100
99.6313,100,100
99.6308,100,100
99.6303,100,100
99.6298,100,100
99.6292,100,100
99.6287,100,100
99.6282,100,100
99.6277,100,100
99.6272,100,100
99.6266,100,100
99.6261,100,100
99.6256,100,100
99.6251,100,100
99.6246,100,100
99.624,100,100
99.6235,100,100
99.623,100,100
99.6225,100,100
99.622,100,100
99.6214,100,100
99.6209,100,100
99.6204,100,100
99.6199,100,100
99.6194,100,100
99.6188,100,100
99.6183,100,100
99.6178,100,100
99.6173,100,100
99.6168,100,100
99.6162,100,100
99.6157,100,100
99.6152,100,100
99.6147,100,100
99.6142,100,100
99.6136,100,100
99.6131,100,100
99.6126,100,100
99.6121,100,100
99.6116,100,100
99.611,100,100
99.6105,100,100
99.61,100,100
99.6095,100,100
99.609,100,100
99.6084,100,100
99.6079,100,100
99.6074,100,100
99.6069,100,100
99.6064,100,100
99.6058,100,100
99.6053,100,100
99.6048,100,100
99.6043,100,100
99.6038,100,100
99.6032,100,100
99.6027,100,100
99.6022,100,100
99.6017,100,100
99.6012,100,100
99.6006,100,100
99.6001,100,100
99.5996,100,100
99.5991,100,100
99.5986,100,100
99.598,100,100
99.5975,100,100
99.597,100,100
99.5965,100,100
99.596,100,100
99.5954,100,100
99.5949,100,100
99.5944,100,100
99.5939,100,100
99.5934,100,100
99.5929,100,100
99.5923,100,100
99.5918,100,100
99.5913,100,100
99.5908,100,100
99.5903,100,100
99.5897,100,100
99.5892,100,100
99.5887,100,100
99.5882,100,100
99.5877,100,100
99.5872,100,100
99.5866,100,100
99.5861,100,100
99.5856,100,100
99.5851,100,100
99.5846,100,100
99.584,100,100
99.5835,100,100
99.583,100,100
99.5825,100,100
99.582,100,100
99.5815,100,100
99.5809,100,100
99.5804,100,100
99.5799,100,100
99.5794,100,100
99.5789,100,100
99.5784,100,100
99.5778,100,100
99.5773,100,100
99.5768,100,100
99.5763,100,100
99.5758,100,100
99.5752,100,100
99.5747,100,100
99.5742,100,100
99.5737,100,100
99.5732,100,100
99.5727,100,100
99.5721,100,100
99.5716,100,100
99.5711,100,100
99.5706,100,100
99.5701,100,100
99.5695,100,100
99.569,100,100
99.5685,100,100
99.568,100,100
99.5675,100,100
99.567,100,100
99.5664,100,100
99.5659,100,100
99.5654,100,100
99.5649,100,100
99.5644,100,100
99.5639,100,100
99.5633,100,100
99.5628,100,100
99.5623,100,100
99.5618,100,100
99.5613,100,100
99.5607,100,100
99.5602,100,100
99.5597,100,100
99.5592,100,100
99.5587,100,100
99.5582,100,100
99.5576,100,100
99.5571,100,100
99.5566,100,100
99.5561,100,100
99.5556,100,100
99.555,100,100
99.5545,100,100
99.554,100,100
99.5535,100,100
99.553,100,100
99.5525,100,100
99.5519,100,100
99.5514,100,100
99.5509,100,100
99.5504,100,100
99.5499,100,100
99.5494,100,100
99.5488,100,100
99.5483,100,100
99.5478,100,100
99.5473,100,100
99.5468,100,100
99.5462,100,100
99.5457,100,100
99.5452,100,100
99.5447,100,100
99.5442,100,100
99.5437,100,100
99.5432,100,100
99.5427,100,100
99.5422,100,100
99.5417,100,100
99.5412,100,100
99.5407,100,100
99.5401,100,100
99.5396,100,100
99.5391,100,100
99.5386,100,100
99.5381,100,100
99.5376,100,100
99.5371,100,100
99.5366,100,100
99.5361,100,100
99.5356,100,100
99.5351,100,100
99.5346,100,100
99.5341,100,100
99.5336,100,100
99.533,100,100
99.5325,100,100
99.532,100,100
99.5315,100,100
99.531,100,100
99.5305,100,100
99.53,100,100
99.5295,100,100
99.529,100,100
99.5285,100,100
99.528,100,100
99.5275,100,100
99.527,100,100
99.5265,100,100
99.5259,100,100
99.5254,100,100
99.5249,100,100
99.5244,100,100
99.5239,100,100
99.5234,100,100
99.5229,100,100
99.5224,100,100
99.5219,100,100
99.5214,100,100
99.5209,100,100
99.5204,100,100
99.5199,100,100
99.5194,100,100
99.5188,100,100
99.5183,100,100
99.5178,100,100
99.5173,100,100
99.5168,100,100
99.5163,100,100
99.5158,100,100
99.5153,100,100
99.5148,100,100
99.5143,100,100
99.5138,100,100
99.5133,100,100
99.5128,100,100
99.5123,100,100
99.5117,100,100
99.5112,100,100
99.5107,100,100
99.5102,100,100
99.5097,100,100
99.5092,100,100
99.5087,100,100
99.5082,100,100
99.5077,100,100
99.5072,100,100
99.5067,100,100
99.5062,100,100
99.5057,100,100
99.5052,100,100
99.5046,100,100
99.5041,100,100
99.5036,100,100
99.5031,100,100
99.5026,100,100
99.5021,100,100
99.5016,100,100
99.5011,100,100
99.5006,100,100
99.5001,100,100
99.4996,100,100
99.4991,100,100
99.4986,100,100
99.4981,100,100
99.4975,100,100
99.497,100,100
99.4965,100,100
99.496,100,100
99.4955,100,100
99.495,100,100
99.4945,100,100
99.494,100,100
99.4934,100,100
99.4929,100,100
99.4924,100,100
99.4918,100,100
99.4913,100,100
99.4908,100,100
99.4903,100,100
99.4897,100,100
99.4892,100,100
99.4887,100,100
99.4881,100,100
99.4876,100,100
99.4871,100,100
99.4866,100,100
99.486,100,100
99.4855,100,100
99.485,100,100
99.4844,100,100
99.4839,100,100
99.4834,100,100
99.4829,100,100
99.4823,100,100
99.4818,100,100
99.4813,100,100
99.4807,100,100
99.4802,100,100
99.4797,100,100
99.4792,100,100
99.4786,100,100
99.4781,100,100
99.4776,100,100
99.477,100,100
99.4765,100,100
99.476,100,100
99.4755,100,100
99.4749,100,100
99.4744,100,100
99.4739,100,100
99.4733,100,100
99.4728,100,100
99.4723,100,100
99.4718,100,100
99.4712,100,100
99.4707,100,100
99.4702,100,100
99.4696,100,100
99.4691,100,100
99.4686,100,100
99.4681,100,100
99.4675,100,100
99.467,100,100
99.4665,100,100
99.4659,100,100
99.4654,100,100
99.4649,100,100
99.4644,100,100
99.4638,100,100
99.4633,100,100
99.4628,100,100
99.4622,100,100
99.4617,100,100
99.4612,100,100
99.4607,100,100
99.4601,100,100
99.4596,100,100
99.4591,100,100
99.4585,100,100
99.458,100,100
99.4575,100,100
99.457,100,100
99.4564,100,100
99.4559,100,100
99.4554,100,100
99.4548,100,100
99.4543,100,100
99.4538,100,100
99.4533,100,100
99.4527,100,100
99.4522,100,100
99.4517,100,100
99.4511,100,100
99.4506,100,100
99.4501,100,100
99.4496,100,100
99.449,100,100
99.4485,100,100
99.448,100,100
99.4474,100,100
99.4469,100,100
99.4464,100,100
99.4459,100,100
99.4453,100,100
99.4448,100,100
99.4443,100,100
99.4437,100,100
99.4432,100,100
99.4427,100,100
99.4422,100,100
99.4415,100,100
99.4409,100,100
99.4403,100,100
99.4396,100,100
99.439,100,100
99.4384,100,100
99.4378,100,100
99.4371,100,100
99.4365,100,100
99.4359,100,100
99.4352,100,100
99.4346,100,100
99.434,100,100
99.4333,100,100
99.4327,100,100
99.4321,100,100
99.4315,100,100
99.4308,100,100
99.4302,100,100
99.4296,100,100
99.4289,100,100
99.4283,100,100
99.4277,100,100
99.427,100,100
99.4264,100,100
99.4258,100,100
99.4251,100,100
99.4245,100,100
99.4239,100,100
99.4233,100,100
99.4226,100,100
99.422,100,100
99.4214,100,100
99.4207,100,100
99.4201,100,100
99.4195,100,100
99.4188,100,100
99.4182,100,100
99.4176,100,100
99.4169,100,100
99.4163,100,100
99.4157,100,100
99.4151,100,100
99.4144,100,100
99.4138,100,100
99.4132,100,100
99.4125,100,100
99.4119,100,100
99.4113,100,100
99.4106,100,100
99.41,100,100
99.4094,100,100
99.4088,100,100
99.4081,100,100
99.4075,100,100
99.4069,100,100
99.4062,100,100
99.4056,100,100
99.405,100,100
99.4043,100,100
99.4037,100,100
99.4031,100,100
99.4024,100,100
99.4018,100,100
99.4012,100,100
99.4006,100,100
99.3999,100,100
99.3993,100,100
99.3987,100,100
99.398,100,100
99.3974,100,100
99.3968,100,100
99.3961,100,100
99.3955,100,100
99.3949,100,100
99.3943,100,100
99.3936,100,100
99.393,100,100
99.3924,100,100
99.3917,100,100
99.3911,100,100
99.3905,100,100
99.3898,100,100
99.3892,100,100
99.3886,100,100
99.3879,100,100
99.3873,100,100
99.3867,100,100
99.3861,100,100
99.3854,100,100
99.3848,100,100
99.3842,100,100
99.3835,100,100
99.3829,100,100
99.3823,100,100
99.3816,100,100
99.381,100,100
99.3804,100,100
99.3798,100,100
99.3791,100,100
99.3784,100,100
99.3777,100,100
99.3769,100,100
99.3762,100,100
99.3754,100,100
99.3747,100,100
99.3739,100,100
99.3732,100,100
99.3725,100,100
99.3717,100,100
99.371,100,100
99.3702,100,100
99.3695,100,100
99.3688,100,100
99.368,100,100
99.3673,100,100
99.3665,100,100
99.3658,100,100
99.3651,100,100
99.3643,100,100
99.3636,100,100
99.3628,100,100
99.3621,100,100
99.3613,100,100
99.3606,100,100
99.3599,100,100
99.3591,100,100
99.3584,100,100
99.3576,100,100
99.3569,100,100
99.3562,100,100
99.3554,100,100
99.3547,100,100
99.3539,100,100
99.3532,100,100
99.3524,100,100
99.3517,100,100
99.351,100,100
99.3502,100,100
99.3495,100,100
99.3487,100,100
99.348,100,100
99.3473,100,100
99.3465,100,100
99.3458,100,100
99.345,100,100
99.3443,100,100
99.3435,100,100
99.3428,100,100
99.3421,100,100
99.3413,100,100
99.3406,100,100
99.3398,100,100
99.3391,100,100
99.3384,100,100
99.3376,100,100
99.3369,100,100
99.3361,100,100
99.3354,100,100
99.3347,100,100
99.3339,100,100
99.3332,100,100
99.3324,100,100
99.3317,100,100
99.3309,100,100
99.3302,100,100
99.3295,100,100
99.3287,100,100
99.328,100,100
99.3272,100,100
99.3265,100,100
99.3258,100,100
99.325,100,100
99.3243,100,100
99.3235,100,100
99.3228,100,100
99.322,100,100
99.3213,100,100
99.3206,100,100
99.3198,100,100
99.3191,100,100
99.3183,100,100
99.3176,100,100
99.3169,100,100
99.3161,100,100
99.3154,100,100
99.3146,100,100
99.3139,100,100
99.3132,100,100
99.3124,100,100
99.3117,100,100
99.3109,100,100
99.3102,100,100
99.3094,100,100
99.3087,100,100
99.308,100,100
99.3072,100,100
99.3065,100,100
99.3057,100,100
99.305,100,100
99.3042,100,100
99.3033,100,100
99.3025,100,100
99.3017,100,100
99.3009,100,100
99.3,100,100
99.2992,100,100
99.2984,100,100
99.2975,100,100
99.2967,100,100
99.2959,100,100
99.295,100,100
99.2942,100,100
99.2934,100,100
99.2926,100,100
99.2917,100,100
99.2909,100,100
99.2901,100,100
99.2892,100,100
99.2884,100,100
99.2876,100,100
99.2867,100,100
99.2859,100,100
99.2851,100,100
99.2843,100,100
99.2834,100,100
99.2826,100,100
99.2818,100,100
99.2809,100,100
99.2801,100,100
99.2793,100,100
99.2784,100,100
99.2776,100,100
99.2768,100,100
99.2759,100,100
99.2751,100,100
99.2743,100,100
99.2735,100,100
99.2726,100,100
99.2718,100,100
99.271,100,100
99.2701,100,100
99.2693,100,100
99.2685,100,100
99.2676,100,100
99.2668,100,100
99.266,100,100
99.2652,100,100
99.2643,100,100
99.2635,100,100
99.2627,100,100
99.2618,100,100
99.261,100,100
99.2602,100,100
99.2593,100,100
99.2585,100,100
99.2577,100,100
99.2569,100,100
99.256,100,100
99.2552,100,100
99.2544,100,100
99.2535,100,100
99.2527,100,100
99.2519,100,100
99.251,100,100
99.2502,100,100
99.2494,100,100
99.2485,100,100
99.2477,100,100
99.2469,100,100
99.2461,100,100
99.2452,100,100
99.2444,100,100
99.2436,100,100
99.2427,100,100
99.2419,100,100
99.2411,100,100
99.2402,100,100
99.2394,100,100
99.2386,100,100
99.2378,100,100
99.2369,100,100
99.2361,100,100
99.2353,100,100
99.2344,100,100
99.2336,100,100
99.2328,100,100
99.2319,100,100
99.2311,100,100
99.2303,100,100
99.2294,100,100
99.2286,100,100
99.2278,100,100
99.227,100,100
99.2261,100,100
99.2253,100,100
99.2245,100,100
99.2236,100,100
99.2228,100,100
99.222,100,100
99.2211,100,100
99.2202,100,100
99.2193,100,100
99.2184,100,100
99.2175,100,100
99.2166,100,100
99.2157,100,100
99.2148,100,100
99.2139,100,100
99.213,100,100
99.2121,100,100
99.2111,100,100
99.2102,100,100
99.2093,100,100
99.2084,100,100
99.2075,100,100
99.2066,100,100
99.2057,100,100
99.2048,100,100
99.2039,100,100
99.203,100,100
99.2021,100,100
99.2012,100,100
99.2003,100,100
99.1994,100,100
99.1985,100,100
99.1976,100,100
99.1967,100,100
99.1958,100,100
99.1949,100,100
99.194,100,100
99.1931,100,100
99.1922,100,100
99.1913,100,100
99.1904,100,100
99.1895,100,100
99.1886,100,100
99.1877,100,100
99.1868,100,100
99.1859,100,100
99.1849,100,100
99.184,100,100
99.1831,100,100
99.1822,100,100
99.1813,100,100
99.1804,100,100
99.1795,100,100
99.1786,100,100
99.1777,100,100
99.1768,100,100
99.1759,100,100
99.175,100,100
99.1741,100,100
99.1732,100,100
99.1723,100,100
99.1714,100,100
99.1705,100,100
99.1696,100,100
99.1687,100,100
99.1678,100,100
99.1669,100,100
99.166,100,100
99.1651,100,100
99.1642,100,100
99.1633,100,100
99.1624,100,100
99.1615,100,100
99.1606,100,100
99.1597,100,100
99.1588,100,100
99.1578,100,100
99.1569,100,100
99.156,100,100
99.1551,100,100
99.1542,100,100
99.1533,100,100
99.1524,100,100
99.1515,100,100
99.1506,100,100
99.1497,100,100
99.1488,100,100
99.1479,100,100
99.147,100,100
99.1461,100,100
99.1452,100,100
99.1443,100,100
99.1434,100,100
99.1425,100,100
99.1416,100,100
99.1407,100,100
99.1398,100,100
99.1389,100,100
99.138,100,100
99.1371,100,100
99.1362,100,100
99.1353,100,100
99.1344,100,100
99.1335,100,100
99.1326,100,100
99.1316,100,100
99.1307,100,100
99.1297,100,100
99.1288,100,100
99.1278,100,100
99.1268,100,100
99.1259,100,100
99.1249,100,100
99.124,100,100
99.123,100,100
99.122,100,100
99.1211,100,100
99.1201,100,100
99.1192,100,100
99.1182,100,100
99.1172,100,100
99.1163,100,100
99.1153,100,100
99.1143,100,100
99.1134,100,100
99.1124,100,100
99.1115,100,100
99.1105,100,100
99.1095,100,100
99.1086,100,100
99.1076,100,100
99.1066,100,100
99.1057,100,100
99.1047,100,100
99.1038,100,100
99.1028,100,100
99.1018,100,100
99.1009,100,100
99.0999,100,100
99.099,100,100
99.098,100,100
99.097,100,100
99.0961,100,100
99.0951,100,100
99.0941,100,100
99.0932,100,100
99.0922,100,100
99.0913,100,100
99.0903,100,100
99.0893,100,100
99.0884,100,100
99.0874,100,100
99.0864,100,100
99.0855,100,100
99.0845,100,100
99.0836,100,100
99.0826,100,100
99.0816,100,100
99.0807,100,100
99.0797,100,100
99.0788,100,100
99.0778,100,100
99.0768,100,100
99.0759,100,100
99.0749,100,100
99.0739,100,100
99.073,100,100
99.072,100,100
99.0711,100,100
99.0701,100,100
99.0691,100,100
99.0682,100,100
99.0672,100,100
99.0662,100,100
99.0653,100,100
99.0643,100,100
99.0634,100,100
99.0624,100,100
99.0614,100,100
99.0605,100,100
99.0595,100,100
99.0586,100,100
99.0576,100,100
99.0566,100,100
99.0557,100,100
99.0547,100,100
99.0537,100,100
99.0528,100,100
99.0518,100,100
99.0509,100,100
99.0499,100,100
99.0489,100,100
99.048,100,100
99.047,100,100
99.046,100,100
99.0451,100,100
99.0441,100,100
99.0432,100,100
99.0422,100,100
99.0412,100,100
99.0403,100,100
99.0393,100,100
99.0384,100,100
99.0374,100,100
99.0364,100,100
99.0355,100,100
99.0345,100,100
99.0335,100,100
99.0324,100,100
99.0314,100,100
99.0304,100,100
99.0294,100,100
99.0284,100,100
99.0274,100,100
99.0264,100,100
99.0254,100,100
99.0244,100,100
99.0234,100,100
99.0223,100,100
99.0213,100,100
99.0203,100,100
99.0193,100,100
99.0183,100,100
99.0173,100,100
99.0163,100,100
99.0153,100,100
99.0143,100,100
99.0133,100,100
99.0123,100,100
99.0112,100,100
99.0102,100,100
99.0092,100,100
99.0082,100,100
99.0072,100,100
99.0062,100,100
99.0052,100,100
99.0042,100,100
99.0032,100,100
99.0022,100,100
99.0011,100,100
99.0001,100,100
98.9991,100,100
98.9981,100,100
98.9971,100,100
98.9961,100,100
98.9951,100,100
98.9941,100,100
98.9931,100,100
98.9921,100,100
98.991,100,100
98.99,100,100
98.989,100,100
98.988,100,100
98.987,100,100
98.986,100,100
98.985,100,100
98.984,100,100
98.983,100,100
98.982,100,100
98.981,100,100
98.9799,100,100
98.9789,100,100
98.9779,100,100
98.9769,100,100
98.9759,100,100
98.9749,100,100
98.9739,100,100
98.9729,100,100
98.9719,100,100
98.9709,100,100
98.9698,100,100
98.9688,100,100
98.9678,100,100
98.9668,100,100
98.9658,100,100
98.9648,100,100
98.9638,100,100
98.9628,100,100
98.9618,100,100
98.9608,100,100
98.9598,100,100
98.9587,100,100
98.9577,100,100
98.9567,100,100
98.9557,100,100
98.9547,100,100
98.9537,100,100
98.9527,100,100
98.9517,100,100
98.9507,100,100
98.9497,100,100
98.9486,100,100
98.9476,100,100
98.9466,100,100
98.9456,100,100
98.9446,100,100
98.9436,100,100
98.9426,100,100
98.9416,100,100
98.9406,100,100
98.9396,100,100
98.9385,100,100
98.9375,100,100
98.9365,100,100
98.9355,100,100
98.9345,100,100
98.9335,100,100
98.9324,100,100
98.9314,100,100
98.9303,100,100
98.9293,100,100
98.9282,100,100
98.9272,100,100
98.9261,100,100
98.9251,100,100
98.924,100,100
98.923,100,100
98.9219,100,100
98.9209,100,100
98.9198,100,100
98.9188,100,100
98.9177,100,100
98.9167,100,100
98.9156,100,100
98.9146,100,100
98.9136,100,100
98.9125,100,100
98.9115,100,100
98.9104,100,100
98.9094,100,100
98.9083,100,100
98.9073,100,100
98.9062,100,100
98.9052,100,100
98.9041,100,100
98.9031,100,100
98.902,100,100
98.901,100,100
98.8999,100,100
98.8989,100,100
98.8978,100,100
98.8968,100,100
98.8957,100,100
98.8947,100,100
98.8937,100,100
98.8926,100,100
98.8916,100,100
98.8905,100,100
98.8895,100,100
98.8884,100,100
98.8874,100,100
98.8863,100,100
98.8853,100,100
98.8842,100,100
98.8832,100,100
98.8821,100,100
98.8811,100,100
98.88,100,100
98.879,100,100
98.8779,100,100
98.8769,100,100
98.8758,100,100
98.8748,100,100
98.8738,100,100
98.8727,100,100
98.8717,100,100
98.8706,100,100
98.8696,100,100
98.8685,100,100
98.8675,100,100
98.8664,100,100
98.8654,100,100
98.8643,100,100
98.8633,100,100
98.8622,100,100
98.8612,100,100
98.8601,100,100
98.8591,100,100
98.858,100,100
98.857,100,100
98.8559,100,100
98.8549,100,100
98.8539,100,100
98.8528,100,100
98.8518,100,100
98.8507,100,100
98.8497,100,100
98.8486,100,100
98.8476,100,100
98.8465,100,100
98.8455,100,100
98.8444,100,100
98.8434,100,100
98.8423,100,100
98.8413,100,100
98.8402,100,100
98.8392,100,100
98.8381,100,100
98.8371,100,100
98.836,100,100
98.835,100,100
98.834,100,100
98.8329,100,100
98.8319,100,100
98.8308,100,100
98.8298,100,100
98.8287,100,100
98.8276,100,100
98.8265,100,100
98.8254,100,100
98.8243,100,100
98.8232,100,100
98.8221,100,100
98.821,100,100
98.8199,100,100
98.8188,100,100
98.8177,100,100
98.8166,100,100
98.8155,100,100
98.8144,100,100
98.8133,100,100
98.8122,100,100
98.8111,100,100
98.81,100,100
98.8089,100,100
98.8078,100,100
98.8067,100,100
98.8056,100,100
98.8045,100,100
98.8034,100,100
98.8023,100,100
98.8012,100,100
98.8001,100,100
98.799,100,100
98.7979,100,100
98.7968,100,100
98.7957,100,100
98.7946,100,100
98.7935,100,100
98.7924,100,100
98.7913,100,100
98.7902,100,100
98.7891,100,100
98.788,100,100
98.7869,100,100
98.7858,100,100
98.7847,100,100
98.7836,100,100
98.7825,100,100
98.7814,100,100
98.7803,100,100
98.7792,100,100
98.7781,100,100
98.777,100,100
98.7759,100,100
98.7748,100,100
98.7737,100,100
98.7726,100,100
98.7715,100,100
98.7704,100,100
98.7693,100,100
98.7682,100,100
98.7671,100,100
98.766,100,100
98.7649,100,100
98.7638,100,100
98.7627,100,100
98.7616,100,100
98.7605,100,100
98.7594,100,100
98.7583,100,100
98.7572,100,100
98.7561,100,100
98.755,100,100
98.7539,100,100
98.7528,100,100
98.7517,100,100
98.7506,100,100
98.7495,100,100
98.7484,100,100
98.7473,100,100
98.7462,100,100
98.7451,100,100
98.744,100,100
98.7429,100,100
98.7418,100,100
98.7407,100,100
98.7396,100,100
98.7385,100,100
98.7374,100,100
98.7363,100,100
98.7352,100,100
98.7341,100,100
98.733,100,100
98.7319,100,100
98.7308,100,100
98.7297,100,100
98.7286,100,100
98.7275,100,100
98.7264,100,100
98.7253,100,100
98.7243,100,100
98.7232,100,100
98.7221,100,100
98.721,100,100
98.7199,100,100
98.7187,100,100
98.7176,100,100
98.7165,100,100
98.7154,100,100
98.7142,100,100
98.7131,100,100
98.712,100,100
98.7109,100,100
98.7098,100,100
98.7086,100,100
98.7075,100,100
98.7064,100,100
98.7053,100,100
98.7042,100,100
98.703,100,100
98.7019,100,100
98.7008,100,100
98.6997,100,100
98.6986,100,100
98.6974,100,100
98.6963,100,100
98.6952,100,100
98.6941,100,100
98.693,100,100
98.6918,100,100
98.6907,100,100
98.6896,100,100
98.6885,100,100
98.6873,100,100
98.6862,100,100
98.6851,100,100
98.684,100,100
98.6829,100,100
98.6817,100,100
98.6806,100,100
98.6795,100,100
98.6784,100,100
98.6773,100,100
98.6761,100,100
98.675,100,100
98.6739,100,100
98.6728,100,100
98.6717,100,100
98.6705,100,100
98.6694,100,100
98.6683,100,100
98.6672,100,100
98.6661,100,100
98.6649,100,100
98.6638,100,100
98.6627,100,100
98.6616,100,100
98.6604,100,100
98.6593,100,100
98.6582,100,100
98.6571,100,100
98.656,100,100
98.6548,100,100
98.6537,100,100
98.6526,100,100
98.6515,100,100
98.6504,100,100
98.6492,100,100
98.6481,100,100
98.647,100,100
98.6459,100,100
98.6448,100,100
98.6436,100,100
98.6425,100,100
98.6414,100,100
98.6403,100,100
98.6392,100,100
98.638,100,100
98.6369,100,100
98.6358,100,100
98.6347,100,100
98.6336,100,100
98.6324,100,100
98.6313,100,100
98.6302,100,100
98.6291,100,100
98.6279,100,100
98.6268,100,100
98.6257,100,100
98.6246,100,100
98.6235,100,100
98.6223,100,100
98.6212,100,100
98.6201,100,100
98.619,100,100
98.6179,100,100
98.6167,100,100
98.6156,100,100
98.6145,100,100
98.6134,100,100
98.6123,100,100
98.6111,100,100
98.61,100,100
98.6089,100,100
98.6078,100,100
98.6066,100,100
98.6055,100,100
98.6044,100,100
98.6032,100,100
98.6021,100,100
98.601,100,100
98.5998,100,100
98.5987,100,100
98.5976,100,100
98.5964,100,100
98.5953,100,100
98.5942,100,100
98.593,100,100
98.5919,100,100
98.5908,100,100
98.5896,100,100
98.5885,100,100
98.5874,100,100
98.5862,100,100
98.5851,100,100
98.584,100,100
98.5828,100,100
98.5817,100,100
98.5806,100,100
98.5794,100,100
98.5783,100,100
98.5772,100,100
98.576,100,100
98.5749,100,100
98.5738,100,100
98.5726,100,100
98.5715,100,100
98.5704,100,100
98.5692,100,100
98.5681,100,100
98.567,100,100
98.5658,100,100
98.5647,100,100
98.5636,100,100
98.5624,100,100
98.5613,100,100
98.5602,100,100
98.559,100,100
98.5579,100,100
98.5568,100,100
98.5556,100,100
98.5545,100,100
98.5534,100,100
98.5522,100,100
98.5511,100,100
98.55,100,100
98.5488,100,100
98.5477,100,100
98.5466,100,100
98.5454,100,100
98.5443,100,100
98.5432,100,100
98.542,100,100
98.5409,100,100
98.5398,100,100
98.5386,100,100
98.5375,100,100
98.5364,100,100
98.5352,100,100
98.5341,100,100
98.533,100,100
98.5318,100,100
98.5307,100,100
98.5296,100,100
98.5284,100,100
98.5273,100,100
98.5262,100,100
98.525,100,100
98.5239,100,100
98.5228,100,100
98.5216,100,100
98.5205,100,100
98.5194,100,100
98.5182,100,100
98.5171,100,100
98.516,100,100
98.5148,100,100
98.5137,100,100
98.5126,100,100
98.5114,100,100
98.5103,100,100
98.5092,100,100
98.508,100,100
98.5069,100,100
98.5058,100,100
98.5046,100,100
98.5035,100,100
98.5024,100,100
98.5012,100,100
98.5001,100,100
98.499,100,100
98.4978,100,100
98.4967,100,100
98.4956,100,100
98.4944,100,100
98.4933,100,100
98.4921,100,100
98.491,100,100
98.4898,100,100
98.4887,100,100
98.4876,100,100
98.4864,100,100
98.4853,100,100
98.4841,100,100
98.483,100,100
98.4818,100,100
98.4807,100,100
98.4796,100,100
98.4784,100,100
98.4773,100,100
98.4761,100,100
98.475,100,100
98.4738,100,100
98.4727,100,100
98.4716,100,100
98.4704,100,100
98.4693,100,100
98.4681,100,100
98.467,100,100
98.4658,100,100
98.4647,100,100
98.4635,100,100
98.4624,100,100
98.4613,100,100
98.4601,100,100
98.459,100,100
98.4578,100,100
98.4567,100,100
98.4555,100,100
98.4544,100,100
98.4533,100,100
98.4521,100,100
98.451,100,100
98.4498,100,100
98.4487,100,100
98.4475,100,100
98.4464,100,100
98.4453,100,100
98.4441,100,100
98.443,100,100
98.4418,100,100
98.4407,100,100
98.4395,100,100
98.4384,100,100
98.4373,100,100
98.4361,100,100
98.435,100,100
98.4338,100,100
98.4327,100,100
98.4315,100,100
98.4304,100,100
98.4292,100,100
98.4281,100,100
98.427,100,100
98.4258,100,100
98.4247,100,100
98.4235,100,100
98.4224,100,100
98.4212,100,100
98.4201,100,100
98.419,100,100
98.4178,100,100
98.4167,100,100
98.4155,100,100
98.4144,100,100
98.4132,100,100
98.4121,100,100
98.411,100,100
98.4098,100,100
98.4087,100,100
98.4075,100,100
98.4064,100,100
98.4052,100,100
98.4041,100,100
98.403,100,100
98.4018,100,100
98.4007,100,100
98.3995,100,100
98.3984,100,100
98.3972,100,100
98.3961,100,100
98.3949,100,100
98.3938,100,100
98.3927,100,100
98.3915,100,100
98.3904,100,100
98.3892,100,100
98.3881,100,100
98.3869,100,100
98.3858,100,100
98.3847,100,100
98.3835,100,100
98.3824,100,100
98.3812,100,100
98.3801,100,100
98.3789,100,100
98.3778,100,100
98.3766,100,100
98.3755,100,100
98.3743,100,100
98.3732,100,100
98.372,100,100
98.3709,100,100
98.3697,100,100
98.3686,100,100
98.3674,100,100
98.3663,100,100
98.3651,100,100
98.364,100,100
98.3628,100,100
98.3617,100,100
98.3605,100,100
98.3594,100,100
98.3583,100,100
98.3571,100,100
98.356,100,100
98.3548,100,100
98.3537,100,100
98.3525,100,100
98.3514,100,100
98.3502,100,100
98.3491,100,100
98.3479,100,100
98.3468,100,100
98.3456,100,100
98.3445,100,100
98.3433,100,100
98.3422,100,100
98.341,100,100
98.3399,100,100
98.3387,100,100
98.3376,100,100
98.3364,100,100
98.3353,100,100
98.3341,100,100
98.333,100,100
98.3318,100,100
98.3307,100,100
98.3295,100,100
98.3284,100,100
98.3272,100,100
98.3261,100,100
98.3249,100,100
98.3238,100,100
98.3226,100,100
98.3215,100,100
98.3203,100,100
98.3192,100,100
98.318,100,100
98.3169,100,100
98.3157,100,100
98.3146,100,100
98.3134,100,100
98.3123,100,100
98.3111,100,100
98.31,100,100
98.3088,100,100
98.3077,100,100
98.3065,100,100
98.3054,100,100
98.3042,100,100
98.3031,100,100
98.3019,100,100
98.3008,100,100
98.2996,100,100
98.2985,100,100
98.2973,100,100
98.2962,100,100
98.295,100,100
98.2939,100,100
98.2927,100,100
98.2916,100,100
98.2905,100,100
98.2893,100,100
98.2882,100,100
98.287,100,100
98.2859,100,100
98.2847,100,100
98.2836,100,100
98.2824,100,100
98.2813,100,100
98.2801,100,100
98.279,100,100
98.2778,100,100
98.2767,100,100
98.2755,100,100
98.2744,100,100
98.2732,100,100
98.2721,100,100
98.2709,100,100
98.2698,100,100
98.2686,100,100
98.2675,100,100
98.2663,100,100
98.2652,100,100
98.264,100,100
98.2629,100,100
98.2617,100,100
98.2605,100,100
98.2594,100,100
98.2582,100,100
98.2571,100,100
98.2559,100,100
98.2548,100,100
98.2536,100,100
98.2525,100,100
98.2513,100,100
98.2502,100,100
98.249,100,100
98.2478,100,100
98.2467,100,100
98.2455,100,100
98.2444,100,100
98.2432,100,100
98.2421,100,100
98.2409,100,100
98.2398,100,100
98.2386,100,100
98.2374,100,100
98.2363,100,100
98.2351,100,100
98.234,100,100
98.2328,100,100
98.2317,100,100
98.2305,100,100
98.2294,100,100
98.2282,100,100
98.227,100,100
98.2259,100,100
98.2247,100,100
98.2236,100,100
98.2224,100,100
98.2213,100,100
98.2201,100,100
98.219,100,100
98.2178,100,100
98.2167,100,100
98.2155,100,100
98.2143,100,100
98.2132,100,100
98.212,100,100
98.2109,100,100
98.2097,100,100
98.2086,100,100
98.2074,100,100
98.2063,100,100
98.2051,100,100
98.2039,100,100
98.2028,100,100
98.2016,100,100
98.2005,100,100
98.1993,100,100
98.1982,100,100
98.197,100,100
98.1959,100,100
98.1947,100,100
98.1936,100,100
98.1924,100,100
98.1912,100,100
98.1901,100,100
98.1889,100,100
98.1878,100,100
98.1866,100,100
98.1855,100,100
98.1843,100,100
98.1832,100,100
98.182,100,100
98.1808,100,100
98.1797,100,100
98.1785,100,100
98.1774,100,100
98.1762,100,100
98.1751,100,100
98.1739,100,100
98.1728,100,100
98.1716,100,100
98.1704,100,100
98.1693,100,100
98.1681,100,100
98.167,100,100
98.1658,100,100
98.1647,100,100
98.1635,100,100
98.1624,100,100
98.1612,100,100
98.1601,100,100
98.1589,100,100
98.1577,100,100
98.1566,100,100
98.1554,100,100
98.1543,100,100
98.1531,100,100
98.152,100,100
98.1508,100,100
98.1497,100,100
98.1485,100,100
98.1473,100,100
98.1462,100,100
98.145,100,100
98.1439,100,100
98.1427,100,100
98.1415,100,100
98.1404,100,100
98.1392,100,100
98.1381,100,100
98.1369,100,100
98.1357,100,100
98.1346,100,100
98.1334,100,100
98.1323,100,100
98.1311,100,100
98.1299,100,100
98.1288,100,100
98.1276,100,100
98.1265,100,100
98.1253,100,100
98.1241,100,100
98.123,100,100
98.1218,100,100
98.1207,100,100
98.1195,100,100
98.1183,100,100
98.1172,100,100
98.116,100,100
98.1149,100,100
98.1137,100,100
98.1126,100,100
98.1114,100,100
98.1102,100,100
98.1091,100,100
98.1079,100,100
98.1068,100,100
98.1056,100,100
98.1044,100,100
98.1033,100,100
98.1021,100,100
98.101,100,100
98.0998,100,100
98.0986,100,100
98.0975,100,100
98.0963,100,100
98.0952,100,100
98.094,100,100
98.0928,100,100
98.0917,100,100
98.0905,100,100
98.0894,100,100
98.0882,100,100
98.087,100,100
98.0859,100,100
98.0847,100,100
98.0836,100,100
98.0824,100,100
98.0812,100,100
98.0801,100,100
98.0789,100,100
98.0778,100,100
98.0766,100,100
98.0754,100,100
98.0743,100,100
98.0731,100,100
98.072,100,100
98.0708,100,100
98.0697,100,100
98.0685,100,100
98.0673,100,100
98.0662,100,100
98.065,100,100
98.0639,100,100
98.0627,100,100
98.0615,100,100
98.0604,100,100
98.0592,100,100
98.0581,100,100
98.0569,100,100
98.0557,100,100
98.0546,100,100
98.0534,100,100
98.0523,100,100
98.0511,100,100
98.0499,100,100
98.0488,100,100
98.0476,100,100
98.0465,100,100
98.0453,100,100
98.0441,100,100
98.043,100,100
98.0418,100,100
98.0407,100,100
98.0395,100,100
98.0383,100,100
98.0372,100,100
98.036,100,100
98.0349,100,100
98.0337,100,100
98.0325,100,100
98.0314,100,100
98.0302,100,100
98.0291,100,100
98.0279,100,100
98.0267,100,100
98.0256,100,100
98.0244,100,100
98.0233,100,100
98.0221,100,100
98.0209,100,100
98.0198,100,100
98.0186,100,100
98.0175,100,100
98.0163,100,100
98.0151,100,100
98.014,100,100
98.0128,100,100
98.0117,100,100
98.0105,100,100
98.0093,100,100
98.0082,100,100
98.007,100,100
98.0059,100,100
98.0047,100,100
98.0035,100,100
98.0024,100,100
98.0012,100,100
98.0001,100,100
97.9989,100,100
97.9977,100,100
97.9966,100,100
97.9954,100,100
97.9943,100,100
97.9931,100,100
97.9919,100,100
97.9908,100,100
97.9896,100,100
97.9885,100,100
97.9873,100,100
97.9861,100,100
97.985,100,100
97.9838,100,100
97.9827,100,100
97.9815,100,100
97.9803,100,100
97.9792,100,100
97.978,100,100
97.9769,100,100
97.9757,100,100
97.9745,100,100
97.9734,100,100
97.9722,100,100
97.9711,100,100
97.9699,100,100
97.9687,100,100
97.9676,100,100
97.9664,100,100
97.9653,100,100
97.9641,100,100
97.9629,100,100
97.9618,100,100
97.9606,100,100
97.9595,100,100
97.9583,100,100
97.9571,100,100
97.956,100,100
97.9548,100,100
97.9537,100,100
97.9525,100,100
97.9513,100,100
97.9502,100,100
97.949,100,100
97.9479,100,100
97.9467,100,100
97.9455,100,100
97.9444,100,100
97.9432,100,100
97.9421,100,100
97.9409,100,100
97.9397,100,100
97.9386,100,100
97.9374,100,100
97.9363,100,100
97.9351,100,100
97.9339,100,100
97.9328,100,100
97.9316,100,100
97.9305,100,100
97.9293,100,100
97.9281,100,100
97.927,100,100
97.9258,100,100
97.9247,100,100
97.9235,100,100
97.9223,100,100
97.9212,100,100
97.92,100,100
97.9189,100,100
97.9177,100,100
97.9165,100,100
97.9154,100,100
97.9142,100,100
97.9131,100,100
97.9119,100,100
97.9107,100,100
97.9096,100,100
97.9084,100,100
97.9072,100,100
97.9061,100,100
97.9049,100,100
97.9038,100,100
97.9026,100,100
97.9014,100,100
97.9003,100,100
97.8991,100,100
97.898,100,100
97.8968,100,100
97.8956,100,100
97.8945,100,100
97.8933,100,100
97.8922,100,100
97.891,100,100
97.8898,100,100
97.8887,100,100
97.8875,100,100
97.8864,100,100
97.8852,100,100
97.884,100,100
97.8829,100,100
97.8817,100,100
97.8806,100,100
97.8794,100,100
97.8782,100,100
97.8771,100,100
97.8759,100,100
97.8748,100,100
97.8736,100,100
97.8724,100,100
97.8713,100,100
97.8701,100,100
97.8689,100,100
97.8678,100,100
97.8666,100,100
97.8655,100,100
97.8643,100,100
97.8631,100,100
97.862,100,100
97.8608,100,100
97.8597,100,100
97.8585,100,100
97.8573,100,100
97.8562,100,100
97.855,100,100
97.8539,100,100
97.8527,100,100
97.8515,100,100
97.8504,100,100
97.8492,100,100
97.8481,100,100
97.8469,100,100
97.8457,100,100
97.8446,100,100
97.8434,100,100
97.8423,100,100
97.8411,100,100
97.8399,100,100
97.8388,100,100
97.8376,100,100
97.8365,100,100
97.8353,100,100
97.8341,100,100
97.833,100,100
97.8318,100,100
97.8306,100,100
97.8295,100,100
97.8283,100,100
97.8272,100,100
97.826,100,100
97.8248,100,100
97.8237,100,100
97.8225,100,100
97.8214,100,100
97.8202,100,100
97.819,100,100
97.8179,100,100
97.8167,100,100
97.8156,100,100
97.8144,100,100
97.8132,100,100
97.8121,100,100
97.8109,100,100
97.8098,100,100
97.8086,100,100
97.8074,100,100
97.8063,100,100
97.8051,100,100
97.804,100,100
97.8028,100,100
97.8016,100,100
97.8005,100,100
97.7993,100,100
97.7981,100,100
97.797,100,100
97.7958,100,100
97.7947,100,100
97.7935,100,100
97.7923,100,100
97.7912,100,100
97.79,100,100
97.7888,100,100
97.7877,100,100
97.7865,100,100
97.7854,100,100
97.7842,100,100
97.783,100,100
97.7819,100,100
97.7807,100,100
97.7795,100,100
97.7784,100,100
97.7772,100,100
97.7761,100,100
97.7749,100,100
97.7737,100,100
97.7726,100,100
97.7714,100,100
97.7702,100,100
97.7691,100,100
97.7679,100,100
97.7667,100,100
97.7656,100,100
97.7644,100,100
97.7633,100,100
97.7621,100,100
97.7609,100,100
97.7598,100,100
97.7586,100,100
97.7574,100,100
97.7563,100,100
97.7551,100,100
97.754,100,100
97.7528,100,100
97.7516,100,100
97.7505,100,100
97.7493,100,100
97.7481,100,100
97.747,100,100
97.7458,100,100
97.7447,100,100
97.7435,100,100
97.7423,100,100
97.7412,100,100
97.74,100,100
97.7388,100,100
97.7377,100,100
97.7365,100,100
97.7354,100,100
97.7342,100,100
97.733,100,100
97.7319,100,100
97.7307,100,100
97.7295,100,100
97.7284,100,100
97.7272,100,100
97.7261,100,100
97.7249,100,100
97.7237,100,100
97.7226,100,100
97.7214,100,100
97.7202,100,100
97.7191,100,100
97.7179,100,100
97.7168,100,100
97.7156,100,100
97.7144,100,100
97.7133,100,100
97.7121,100,100
97.7109,100,100
97.7098,100,100
97.7086,100,100
97.7074,100,100
97.7063,100,100
97.7051,100,100
97.704,100,100
97.7028,100,100
97.7016,100,100
97.7005,100,100
97.6993,100,100
97.6981,100,100
97.697,100,100
97.6958,100,100
97.6947,100,100
97.6935,100,100
97.6923,100,100
97.6912,100,100
97.69,100,100
97.6888,100,100
97.6877,100,100
97.6865,100,100
97.6854,100,100
97.6842,100,100
97.683,100,100
97.6819,100,100
97.6807,100,100
97.6795,100,100
97.6784,100,100
97.6772,100,100
97.676,100,100
97.6749,100,100
97.6737,100,100
97.6726,100,100
97.6714,100,100
97.6702,100,100
97.6691,100,100
97.6679,100,100
97.6667,100,100
97.6656,100,100
97.6644,100,100
97.6633,100,100
97.6621,100,100
97.6609,100,100
97.6598,100,100
97.6586,100,100
97.6574,100,100
97.6563,100,100
97.6551,100,100
97.6539,100,100
97.6528,100,100
97.6516,100,100
97.6505,100,100
97.6493,100,100
97.6481,100,100
97.647,100,100
97.6458,100,100
97.6446,100,100
97.6435,100,100
97.6423,100,100
97.6411,100,100
97.64,100,100
97.6388,100,100
97.6377,100,100
97.6365,100,100
97.6353,100,100
97.6342,100,100
97.633,100,100
97.6318,100,100
97.6307,100,100
97.6295,100,100
97.6283,100,100
97.6272,100,100
97.626,100,100
97.6249,100,100
97.6237,100,100
97.6225,100,100
97.6214,100,100
97.6202,100,100
97.619,100,100
97.6179,100,100
97.6167,100,100
97.6155,100,100
97.6144,100,100
97.6132,100,100
97.6121,100,100
97.6109,100,100
97.6097,100,100
97.6086,100,100
97.6074,100,100
97.6062,100,100
97.6051,100,100
97.6039,100,100
97.6028,100,100
97.6016,100,100
97.6004,100,100
97.5993,100,100
97.5981,100,100
97.5969,100,100
97.5958,100,100
97.5946,100,100
97.5934,100,100
97.5923,100,100
97.5911,100,100
97.59,100,100
97.5888,100,100
97.5876,100,100
97.5865,100,100
97.5853,100,100
97.5841,100,100
97.583,100,100
97.5818,100,100
97.5806,100,100
97.5795,100,100
97.5783,100,100
97.5772,100,100
97.576,100,100
97.5748,100,100
97.5737,100,100
97.5725,100,100
97.5713,100,100
97.5702,100,100
97.569,100,100
97.5679,100,100
97.5667,100,100
97.5655,100,100
97.5644,100,100
97.5632,100,100
97.562,100,100
97.5609,100,100
97.5597,100,100
97.5586,100,100
97.5574,100,100
97.5562,100,100
97.5551,100,100
97.5539,100,100
97.5527,100,100
97.5516,100,100
97.5504,100,100
97.5493,100,100
97.5481,100,100
97.5469,100,100
97.5458,100,100
97.5446,100,100
97.5435,100,100
97.5423,100,100
97.5411,100,100
97.54,100,100
97.5388,100,100
97.5376,100,100
97.5365,100,100
97.5353,100,100
97.5342,100,100
97.533,100,100
97.5318,100,100
97.5307,100,100
97.5295,100,100
97.5284,100,100
97.5272,100,100
97.526,100,100
97.5249,100,100
97.5237,100,100
97.5225,100,100
97.5214,100,100
97.5202,100,100
97.5191,100,100
97.5179,100,100
97.5167,100,100
97.5156,100,100
97.5144,100,100
97.5133,100,100
97.5121,100,100
97.5109,100,100
97.5098,100,100
97.5086,100,100
97.5074,100,100
97.5063,100,100
97.5051,100,100
97.504,100,100
97.5028,100,100
97.5016,100,100
97.5005,100,100
97.4993,100,100
97.4982,100,100
97.497,100,100
97.4958,100,100
97.4947,100,100
97.4935,100,100
97.4923,100,100
97.4912,100,100
97.49,100,100
97.4889,100,100
97.4877,100,100
97.4865,100,100
97.4854,100,100
97.4842,100,100
97.483,100,100
97.4819,100,100
97.4807,100,100
97.4796,100,100
97.4784,100,100
97.4772,100,100
97.4761,100,100
97.4749,100,100
97.4738,100,100
97.4726,100,100
97.4714,100,100
97.4703,100,100
97.4691,100,100
97.4679,100,100
97.4668,100,100
97.4656,100,100
97.4645,100,100
97.4633,100,100
97.4621,100,100
97.461,100,100
97.4598,100,100
97.4587,100,100
97.4575,100,100
97.4563,100,100
97.4552,100,100
97.454,100,100
97.4528,100,100
97.4517,100,100
97.4505,100,100
97.4494,100,100
97.4482,100,100
97.447,100,100
97.4459,100,100
97.4447,100,100
97.4436,100,100
97.4424,100,100
97.4412,100,100
97.4401,100,100
97.4389,100,100
97.4378,100,100
97.4366,100,100
97.4355,100,100
97.4343,100,100
97.4331,100,100
97.432,100,100
97.4308,100,100
97.4297,100,100
97.4285,100,100
97.4273,100,100
97.4262,100,100
97.425,100,100
97.4239,100,100
97.4227,100,100
97.4215,100,100
97.4204,100,100
97.4192,100,100
97.4181,100,100
97.4169,100,100
97.4157,100,100
97.4146,100,100
97.4134,100,100
97.4123,100,100
97.4111,100,100
97.4099,100,100
97.4088,100,100
97.4076,100,100
97.4065,100,100
97.4053,100,100
97.4041,100,100
97.403,100,100
97.4018,100,100
97.4007,100,100
97.3995,100,100
97.3983,100,100
97.3972,100,100
97.396,100,100
97.3949,100,100
97.3937,100,100
97.3925,100,100
97.3914,100,100
97.3902,100,100
97.3891,100,100
97.3879,100,100
97.3867,100,100
97.3856,100,100
97.3844,100,100
97.3833,100,100
97.3821,100,100
97.3809,100,100
97.3798,100,100
97.3786,100,100
97.3775,100,100
97.3763,100,100
97.3751,100,100
97.374,100,100
97.3728,100,100
97.3717,100,100
97.3705,100,100
97.3693,100,100
97.3682,100,100
97.367,100,100
97.3659,100,100
97.3647,100,100
97.3636,100,100
97.3624,100,100
97.3612,100,100
97.3601,100,100
97.3589,100,100
97.3578,100,100
97.3566,100,100
97.3554,100,100
97.3543,100,100
97.3531,100,100
97.352,100,100
97.3508,100,100
97.3496,100,100
97.3485,100,100
97.3473,100,100
97.3462,100,100
97.345,100,100
97.3438,100,100
97.3427,100,100
97.3415,100,100
97.3404,100,100
97.3392,100,100
97.338,100,100
97.3369,100,100
97.3357,100,100
97.3345,100,100
97.3334,100,100
97.3322,100,100
97.3311,100,100
97.3299,100,100
97.3287,100,100
97.3276,100,100
97.3264,100,100
97.3252,100,100
97.3241,100,100
97.3229,100,100
97.3217,100,100
97.3206,100,100
97.3194,100,100
97.3183,100,100
97.3171,100,100
97.3159,100,100
97.3148,100,100
97.3136,100,100
97.3124,100,100
97.3113,100,100
97.3101,100,100
97.3089,100,100
97.3078,100,100
97.3066,100,100
97.3055,100,100
97.3043,100,100
97.3031,100,100
97.302,100,100
97.3008,100,100
97.2996,100,100
97.2985,100,100
97.2973,100,100
97.2961,100,100
97.295,100,100
97.2938,100,100
97.2926,100,100
97.2915,100,100
97.2903,100,100
97.2892,100,100
97.288,100,100
97.2868,100,100
97.2857,100,100
97.2845,100,100
97.2833,100,100
97.2822,100,100
97.281,100,100
97.2798,100,100
97.2787,100,100
97.2775,100,100
97.2764,100,100
97.2752,100,100
97.274,100,100
97.2729,100,100
97.2717,100,100
97.2705,100,100
97.2694,100,100
97.2682,100,100
97.267,100,100
97.2659,100,100
97.2647,100,100
97.2636,100,100
97.2624,100,100
97.2612,100,100
97.2601,100,100
97.2589,100,100
97.2577,100,100
97.2566,100,100
97.2554,100,100
97.2542,100,100
97.2531,100,100
97.2519,100,100
97.2507,100,100
97.2496,100,100
97.2484,100,100
97.2473,100,100
97.2461,100,100
97.2449,100,100
97.2438,100,100
97.2426,100,100
97.2414,100,100
97.2403,100,100
97.2391,100,100
97.2379,100,100
97.2368,100,100
97.2356,100,100
97.2345,100,100
97.2333,100,100
97.2321,100,100
97.231,100,100
97.2298,100,100
97.2286,100,100
97.2275,100,100
97.2263,100,100
97.2251,100,100
97.224,100,100
97.2228,100,100
97.2217,100,100
97.2205,100,100
97.2193,100,100
97.2181,100,100
97.217,100,100
97.2158,100,100
97.2146,100,100
97.2134,100,100
97.2123,100,100
97.2111,100,100
97.2099,100,100
97.2087,100,100
97.2076,100,100
97.2064,100,100
97.2052,100,100
97.2041,100,100
97.2029,100,100
97.2017,100,100
97.2005,100,100
97.1994,100,100
97.1982,100,100
97.197,100,100
97.1958,100,100
97.1947,100,100
97.1935,100,100
97.1923,100,100
97.1911,100,100
97.19,100,100
97.1888,100,100
97.1876,100,100
97.1864,100,100
97.1853,100,100
97.1841,100,100
97.1829,100,100
97.1817,100,100
97.1806,100,100
97.1794,100,100
97.1782,100,100
97.1771,100,100
97.1759,100,100
97.1747,100,100
97.1735,100,100
97.1724,100,100
97.1712,100,100
97.17,100,100
97.1688,100,100
97.1677,100,100
97.1665,100,100
97.1653,100,100
97.1641,100,100
97.163,100,100
97.1618,100,100
97.1606,100,100
97.1594,100,100
97.1583,100,100
97.1571,100,100
97.1559,100,100
97.1548,100,100
97.1536,100,100
97.1524,100,100
97.1512,100,100
97.1501,100,100
97.1489,100,100
97.1477,100,100
97.1465,100,100
97.1454,100,100
97.1442,100,100
97.143,100,100
97.1418,100,100
97.1407,100,100
97.1395,100,100
97.1383,100,100
97.1371,100,100
97.136,100,100
97.1348,100,100
97.1336,100,100
97.1324,100,100
97.1313,100,100
97.1301,100,100
97.1289,100,100
97.1278,100,100
97.1266,100,100
97.1254,100,100
97.1242,100,100
97.1231,100,100
97.1219,100,100
97.1207,100,100
97.1195,100,100
97.1184,100,100
97.1172,100,100
97.116,100,100
97.1148,100,100
97.1137,100,100
97.1125,100,100
97.1113,100,100
97.1101,100,100
97.109,100,100
97.1078,100,100
97.1066,100,100
97.1054,100,100
97.1043,100,100
97.1031,100,100
97.1019,100,100
97.1008,100,100
97.0996,100,100
97.0984,100,100
97.0973,100,100
97.0961,100,100
97.0949,100,100
97.0937,100,100
97.0926,100,100
97.0914,100,100
97.0902,100,100
97.0891,100,100
97.0879,100,100
97.0867,100,100
97.0856,100,100
97.0844,100,100
97.0832,100,100
97.082,100,100
97.0809,100,100
97.0797,100,100
97.0785,100,100
97.0774,100,100
97.0762,100,100
97.075,100,100
97.0739,100,100
97.0727,100,100
97.0715,100,100
97.0703,100,100
97.0692,100,100
97.068,100,100
97.0668,100,100
97.0657,100,100
97.0645,100,100
97.0633,100,100
97.0622,100,100
97.061,100,100
97.0598,100,100
97.0587,100,100
97.0575,100,100
97.0563,100,100
97.0551,100,100
97.054,100,100
97.0528,100,100
97.0516,100,100
97.0505,100,100
97.0493,100,100
97.0481,100,100
97.047,100,100
97.0458,100,100
97.0446,100,100
97.0434,100,100
97.0423,100,100
97.0411,100,100
97.0399,100,100
97.0388,100,100
97.0376,100,100
97.0364,100,100
97.0353,100,100
97.0341,100,100
97.0329,100,100
97.0317,100,100
97.0306,100,100
97.0294,100,100
97.0282,100,100
97.0271,100,100
97.0259,100,100
97.0247,100,100
97.0236,100,100
97.0224,100,100
97.0212,100,100
97.02,100,100
97.0189,100,100
97.0177,100,100
97.0165,100,100
97.0154,100,100
97.0142,100,100
97.013,100,100
97.0119,100,100
97.0107,100,100
97.0095,100,100
97.0083,100,100
97.0072,100,100
97.006,100,100
97.0048,100,100
97.0037,100,100
97.0025,100,100
97.0013,100,100
97.0002,100,100
96.999,100,100
96.9978,100,100
96.9967,100,100
96.9955,100,100
96.9943,100,100
96.9931,100,100
96.992,100,100
96.9908,100,100
96.9896,100,100
96.9885,100,100
96.9873,100,100
96.9861,100,100
96.9849,100,100
96.9838,100,100
96.9826,100,100
96.9814,100,100
96.9802,100,100
96.9791,100,100
96.9779,100,100
96.9767,100,100
96.9755,100,100
96.9744,100,100
96.9732,100,100
96.972,100,100
96.9708,100,100
96.9697,100,100
96.9685,100,100
96.9673,100,100
96.9662,100,100
96.965,100,100
96.9638,100,100
96.9626,100,100
96.9615,100,100
96.9603,100,100
96.9591,100,100
96.9579,100,100
96.9568,100,100
96.9556,100,100
96.9544,100,100
96.9532,100,100
96.9521,100,100
96.9509,100,100
96.9497,100,100
96.9485,100,100
96.9474,100,100
96.9462,100,100
96.945,100,100
96.9438,100,100
96.9427,100,100
96.9415,100,100
96.9403,100,100
96.9391,100,100
96.938,100,100
96.9368,100,100
96.9356,100,100
96.9344,100,100
96.9333,100,100
96.9321,100,100
96.9309,100,100
96.9297,100,100
96.9286,100,100
96.9274,100,100
96.9262,100,100
96.925,100,100
96.9239,100,100
96.9227,100,100
96.9215,100,100
96.9203,100,100
96.9192,100,100
96.918,100,100
96.9168,100,100
96.9156,100,100
96.9145,100,100
96.9133,100,100
96.9121,100,100
96.9109,100,100
96.9098,100,100
96.9086,100,100
96.9074,100,100
96.9062,100,100
96.9051,100,100
96.9039,100,100
96.9027,100,100
96.9015,100,100
96.9004,100,100
96.8992,100,100
96.898,100,100
96.8968,100,100
96.8957,100,100
96.8945,100,100
96.8933,100,100
96.8921,100,100
96.891,100,100
96.8898,100,100
96.8886,100,100
96.8874,100,100
96.8863,100,100
96.8851,100,100
96.8839,100,100
96.8827,100,100
96.8816,100,100
96.8804,100,100
96.8792,100,100
96.878,100,100
96.8769,100,100
96.8757,100,100
96.8745,100,100
96.8733,100,100
96.8722,100,100
96.871,100,100
96.8698,100,100
96.8686,100,100
96.8675,100,100
96.8663,100,100
96.8651,100,100
96.8639,100,100
96.8628,100,100
96.8616,100,100
96.8604,100,100
96.8592,100,100
96.8581,100,100
96.8569,100,100
96.8557,100,100
96.8545,100,100
96.8534,100,100
96.8522,100,100
96.851,100,100
96.8498,100,100
96.8487,100,100
96.8475,100,100
96.8463,100,100
96.8451,100,100
96.844,100,100
96.8428,100,100
96.8416,100,100
96.8404,100,100
96.8393,100,100
96.8381,100,100
96.8369,100,100
96.8357,100,100
96.8346,100,100
96.8334,100,100
96.8322,100,100
96.831,100,100
96.8299,100,100
96.8287,100,100
96.8275,100,100
96.8263,100,100
96.8252,100,100
96.824,100,100
96.8228,100,100
96.8216,100,100
96.8205,100,100
96.8193,100,100
96.8181,100,100
96.8169,100,100
96.8158,100,100
96.8146,100,100
96.8134,100,100
96.8122,100,100
96.8111,100,100
96.8099,100,100
96.8087,100,100
96.8075,100,100
96.8064,100,100
96.8052,100,100
96.804,100,100
96.8028,100,100
96.8017,100,100
96.8005,100,100
96.7993,100,100
96.7981,100,100
96.797,100,100
96.7958,100,100
96.7946,100,100
96.7934,100,100
96.7923,100,100
96.7911,100,100
96.7899,100,100
96.7887,100,100
96.7876,100,100
96.7864,100,100
96.7852,100,100
96.784,100,100
96.7829,100,100
96.7817,100,100
96.7805,100,100
96.7793,100,100
96.7782,100,100
96.777,100,100
96.7758,100,100
96.7746,100,100
96.7735,100,100
96.7723,100,100
96.7711,100,100
96.7699,100,100
96.7688,100,100
96.7676,100,100
96.7664,100,100
96.7652,100,100
96.7641,100,100
96.7629,100,100
96.7617,100,100
96.7605,100,100
96.7594,100,100
96.7582,100,100
96.757,100,100
96.7558,100,100
96.7547,100,100
96.7535,100,100
96.7523,100,100
96.7511,100,100
96.75,100,100
96.7488,100,100
96.7476,100,100
96.7464,100,100
96.7453,100,100
96.7441,100,100
96.7429,100,100
96.7417,100,100
96.7406,100,100
96.7394,100,100
96.7382,100,100
96.737,100,100
96.7359,100,100
96.7347,100,100
96.7335,100,100
96.7323,100,100
96.7312,100,100
96.73,100,100
96.7288,100,100
96.7276,100,100
96.7265,100,100
96.7253,100,100
96.7241,100,100
96.7229,100,100
96.7218,100,100
96.7206,100,100
96.7194,100,100
96.7182,100,100
96.7171,100,100
96.7159,100,100
96.7147,100,100
96.7135,100,100
96.7124,100,100
96.7112,100,100
96.71,100,100
96.7088,100,100
96.7077,100,100
96.7065,100,100
96.7053,100,100
96.7041,100,100
96.703,100,100
96.7018,100,100
96.7006,100,100
96.6994,100,100
96.6983,100,100
96.6971,100,100
96.6959,100,100
96.6947,100,100
96.6936,100,100
96.6924,100,100
96.6912,100,100
96.69,100,100
96.6889,100,100
96.6877,100,100
96.6865,100,100
96.6853,100,100
96.6842,100,100
96.683,100,100
96.6818,100,100
96.6806,100,100
96.6795,100,100
96.6783,100,100
96.6771,100,100
96.6759,100,100
96.6748,100,100
96.6736,100,100
96.6724,100,100
96.6712,100,100
96.67,100,100
96.6689,100,100
96.6677,100,100
96.6665,100,100
96.6653,100,100
96.6642,100,100
96.663,100,100
96.6618,100,100
96.6606,100,100
96.6595,100,100
96.6583,100,100
96.6571,100,100
96.6559,100,100
96.6548,100,100
96.6536,100,100
96.6524,100,100
96.6512,100,100
96.6501,100,100
96.6489,100,100
96.6477,100,100
96.6465,100,100
96.6454,100,100
96.6442,100,100
96.643,100,100
96.6418,100,100
96.6407,100,100
96.6395,100,100
96.6383,100,100
96.6371,100,100
96.636,100,100
96.6348,100,100
96.6336,100,100
96.6324,100,100
96.6313,100,100
96.6301,100,100
96.6289,100,100
96.6277,100,100
96.6266,100,100
96.6254,100,100
96.6242,100,100
96.623,100,100
96.6219,100,100
96.6207,100,100
96.6195,100,100
96.6183,100,100
96.6172,100,100
96.616,100,100
96.6148,100,100
96.6136,100,100
96.6125,100,100
96.6113,100,100
96.6101,100,100
96.6089,100,100
96.6078,100,100
96.6066,100,100
96.6054,100,100
96.6042,100,100
96.6031,100,100
96.6019,100,100
96.6007,100,100
96.5995,100,100
96.5984,100,100
96.5972,100,100
96.596,100,100
96.5948,100,100
96.5937,100,100
96.5925,100,100
96.5913,100,100
96.5901,100,100
96.589,100,100
96.5878,100,100
96.5866,100,100
96.5854,100,100
96.5843,100,100
96.5831,100,100
96.5819,100,100
96.5807,100,100
96.5796,100,100
96.5784,100,100
96.5772,100,100
96.576,100,100
96.5749,100,100
96.5737,100,100
96.5725,100,100
96.5713,100,100
96.5702,100,100
96.569,100,100
96.5678,100,100
96.5666,100,100
96.5655,100,100
96.5643,100,100
96.5631,100,100
96.5619,100,100
96.5608,100,100
96.5596,100,100
96.5584,100,100
96.5572,100,100
96.5561,100,100
96.5549,100,100
96.5537,100,100
96.5525,100,100
96.5514,100,100
96.5502,100,100
96.549,100,100
96.5478,100,100
96.5467,100,100
96.5455,100,100
96.5443,100,100
96.5431,100,100
96.542,100,100
96.5408,100,100
96.5396,100,100
96.5384,100,100
96.5373,100,100
96.5361,100,100
96.5349,100,100
96.5337,100,100
96.5326,100,100
96.5314,100,100
96.5302,100,100
96.529,100,100
96.5279,100,100
96.5267,100,100
96.5255,100,100
96.5243,100,100
96.5232,100,100
96.522,100,100
96.5208,100,100
96.5196,100,100
96.5185,100,100
96.5173,100,100
96.5161,100,100
96.5149,100,100
96.5138,100,100
96.5126,100,100
96.5114,100,100
96.5102,100,100
96.5091,100,100
96.5079,100,100
96.5067,100,100
96.5055,100,100
96.5044,100,100
96.5032,100,100
96.502,100,100
96.5008,100,100
96.4997,100,100
96.4985,100,100
96.4973,100,100
96.4961,100,100
96.495,100,100
96.4938,100,100
96.4926,100,100
96.4914,100,100
96.4903,100,100
96.4891,100,100
96.4879,100,100
96.4867,100,100
96.4856,100,100
96.4844,100,100
96.4832,100,100
96.482,100,100
96.4809,100,100
96.4797,100,100
96.4785,100,100
96.4773,100,100
96.4762,100,100
96.475,100,100
96.4738,100,100
96.4726,100,100
96.4715,100,100
96.4703,100,100
96.4691,100,100
96.4679,100,100
96.4668,100,100
96.4656,100,100
96.4644,100,100
96.4632,100,100
96.4621,100,100
96.4609,100,100
96.4597,100,100
96.4585,100,100
96.4574,100,100
96.4562,100,100
96.455,100,100
96.4538,100,100
96.4527,100,100
96.4515,100,100
96.4503,100,100
96.4491,100,100
96.448,100,100
96.4468,100,100
96.4456,100,100
96.4444,100,100
96.4433,100,100
96.4421,100,100
96.4409,100,100
96.4397,100,100
96.4386,100,100
96.4374,100,100
96.4362,100,100
96.435,100,100
96.4339,100,100
96.4327,100,100
96.4315,100,100
96.4303,100,100
96.4292,100,100
96.428,100,100
96.4268,100,100
96.4256,100,100
96.4245,100,100
96.4233,100,100
96.4221,100,100
96.4209,100,100
96.4198,100,100
96.4186,100,100
96.4174,100,100
96.4162,100,100
96.4151,100,100
96.4139,100,100
96.4127,100,100
96.4115,100,100
96.4104,100,100
96.4092,100,100
96.408,100,100
96.4068,100,100
96.4057,100,100
96.4045,100,100
96.4033,100,100
96.4021,100,100
96.401,100,100
96.3998,100,100
96.3986,100,100
96.3974,100,100
96.3963,100,100
96.3951,100,100
96.3939,100,100
96.3928,100,100
96.3916,100,100
96.3904,100,100
96.3892,100,100
96.3881,100,100
96.3869,100,100
96.3857,100,100
96.3846,100,100
96.3834,100,100
96.3822,100,100
96.381,100,100
96.3799,100,100
96.3787,100,100
96.3775,100,100
96.3764,100,100
96.3752,100,100
96.374,100,100
96.3728,100,100
96.3717,100,100
96.3705,100,100
96.3693,100,100
96.3682,100,100
96.367,100,100
96.3658,100,100
96.3646,100,100
96.3635,100,100
96.3623,100,100
96.3611,100,100
96.36,100,100
96.3588,100,100
96.3576,100,100
96.3565,100,100
96.3553,100,100
96.3541,100,100
96.3529,100,100
96.3518,100,100
96.3506,100,100
96.3494,100,100
96.3483,100,100
96.3471,100,100
96.3459,100,100
96.3447,100,100
96.3436,100,100
96.3424,100,100
96.3412,100,100
96.3401,100,100
96.3389,100,100
96.3377,100,100
96.3365,100,100
96.3354,100,100
96.3342,100,100
96.333,100,100
96.3319,100,100
96.3307,100,100
96.3295,100,100
96.3283,100,100
96.3272,100,100
96.326,100,100
96.3248,100,100
96.3237,100,100
96.3225,100,100
96.3213,100,100
96.3201,100,100
96.319,100,100
96.3178,100,100
96.3166,100,100
96.3155,100,100
96.3143,100,100
96.3131,100,100
96.3119,100,100
96.3108,100,100
96.3096,100,100
96.3084,100,100
96.3073,100,100
96.3061,100,100
96.3049,100,100
96.3037,100,100
96.3026,100,100
96.3014,100,100
96.3002,100,100
96.2991,100,100
96.2979,100,100
96.2967,100,100
96.2956,100,100
96.2944,100,100
96.2932,100,100
96.292,100,100
96.2909,100,100
96.2897,100,100
96.2885,100,100
96.2874,100,100
96.2862,100,100
96.285,100,100
96.2838,100,100
96.2827,100,100
96.2815,100,100
96.2803,100,100
96.2791,100,100
96.278,100,100
96.2768,100,100
96.2756,100,100
96.2744,100,100
96.2733,100,100
96.2721,100,100
96.2709,100,100
96.2697,100,100
96.2686,100,100
96.2674,100,100
96.2662,100,100
96.265,100,100
96.2639,100,100
96.2627,100,100
96.2615,100,100
96.2604,100,100
96.2592,100,100
96.258,100,100
96.2568,100,100
96.2557,100,100
96.2545,100,100
96.2533,100,100
96.2521,100,100
96.251,100,100
96.2498,100,100
96.2486,100,100
96.2474,100,100
96.2463,100,100
96.2451,100,100
96.2439,100,100
96.2427,100,100
96.2416,100,100
96.2404,100,100
96.2392,100,100
96.238,100,100
96.2369,100,100
96.2357,100,100
96.2345,100,100
96.2333,100,100
96.2322,100,100
96.231,100,100
96.2298,100,100
96.2286,100,100
96.2275,100,100
96.2263,100,100
96.2251,100,100
96.2239,100,100
96.2228,100,100
96.2216,100,100
96.2204,100,100
96.2192,100,100
96.2181,100,100
96.2169,100,100
96.2157,100,100
96.2145,100,100
96.2134,100,100
96.2122,100,100
96.211,100,100
96.2098,100,100
96.2087,100,100
96.2075,100,100
96.2063,100,100
96.2051,100,100
96.204,100,100
96.2028,100,100
96.2016,100,100
96.2004,100,100
96.1993,100,100
96.1981,100,100
96.1969,100,100
96.1957,100,100
96.1946,100,100
96.1934,100,100
96.1922,100,100
96.191,100,100
96.1899,100,100
96.1887,100,100
96.1875,100,100
96.1863,100,100
96.1852,100,100
96.184,100,100
96.1828,100,100
96.1816,100,100
96.1805,100,100
96.1793,100,100
96.1781,100,100
96.1769,100,100
96.1758,100,100
96.1746,100,100
96.1734,100,100
96.1722,100,100
96.1711,100,100
96.1699,100,100
96.1687,100,100
96.1675,100,100
96.1664,100,100
96.1652,100,100
96.164,100,100
96.1628,100,100
96.1617,100,100
96.1605,100,100
96.1593,100,100
96.1581,100,100
96.1569,100,100
96.1558,100,100
96.1546,100,100
96.1534,100,100
96.1522,100,100
96.151,100,100
96.1499,100,100
96.1487,100,100
96.1475,100,100
96.1463,100,100
96.1451,100,100
96.144,100,100
96.1428,100,100
96.1416,100,100
96.1404,100,100
96.1393,100,100
96.1381,100,100
96.1369,100,100
96.1357,100,100
96.1345,100,100
96.1334,100,100
96.1322,100,100
96.131,100,100
96.1298,100,100
96.1286,100,100
96.1275,100,100
96.1263,100,100
96.1251,100,100
96.1239,100,100
96.1227,100,100
96.1216,100,100
96.1204,100,100
96.1192,100,100
96.118,100,100
96.1168,100,100
96.1157,100,100
96.1145,100,100
96.1133,100,100
96.1121,100,100
96.111,100,100
96.1098,100,100
96.1086,100,100
96.1074,100,100
96.1062,100,100
96.1051,100,100
96.1039,100,100
96.1027,100,100
96.1015,100,100
96.1003,100,100
96.0992,100,100
96.098,100,100
96.0968,100,100
96.0956,100,100
96.0944,100,100
96.0933,100,100
96.0921,100,100
96.0909,100,100
96.0897,100,100
96.0886,100,100
96.0874,100,100
96.0862,100,100
96.085,100,100
96.0838,100,100
96.0827,100,100
96.0815,100,100
96.0803,100,100
96.0791,100,100
96.0779,100,100
96.0768,100,100
96.0756,100,100
96.0744,100,100
96.0732,100,100
96.072,100,100
96.0709,100,100
96.0697,100,100
96.0685,100,100
96.0673,100,100
96.0661,100,100
96.065,100,100
96.0638,100,100
96.0626,100,100
96.0614,100,100
96.0603,100,100
96.0591,100,100
96.0579,100,100
96.0567,100,100
96.0555,100,100
96.0544,100,100
96.0532,100,100
96.052,100,100
96.0508,100,100
96.0496,100,100
96.0485,100,100
96.0473,100,100
96.0461,100,100
96.0449,100,100
96.0438,100,100
96.0426,100,100
96.0414,100,100
96.0402,100,100
96.039,100,100
96.0379,100,100
96.0367,100,100
96.0355,100,100
96.0343,100,100
96.0332,100,100
96.032,100,100
96.0308,100,100
96.0296,100,100
96.0284,100,100
96.0273,100,100
96.0261,100,100
96.0249,100,100
96.0237,100,100
96.0226,100,100
96.0214,100,100
96.0202,100,100
96.019,100,100
96.0179,100,100
96.0167,100,100
96.0155,100,100
96.0143,100,100
96.0131,100,100
96.012,100,100
96.0108,100,100
96.0096,100,100
96.0084,100,100
96.0073,100,100
96.0061,100,100
96.0049,100,100
96.0037,100,100
96.0026,100,100
96.0014,100,100
96.0002,100,100
95.999,100,100
95.9978,100,100
95.9967,100,100
95.9955,100,100
95.9943,100,100
95.9931,100,100
95.992,100,100
95.9908,100,100
95.9896,100,100
95.9884,100,100
95.9873,100,100
95.9861,100,100
95.9849,100,100
95.9837,100,100
95.9825,100,100
95.9814,100,100
95.9802,100,100
95.979,100,100
95.9778,100,100
95.9767,100,100
95.9755,100,100
95.9743,100,100
95.9731,100,100
95.972,100,100
95.9708,100,100
95.9696,100,100
95.9684,100,100
95.9672,100,100
95.9661,100,100
95.9649,100,100
95.9637,100,100
95.9625,100,100
95.9614,100,100
95.9602,100,100
95.959,100,100
95.9578,100,100
95.9567,100,100
95.9555,100,100
95.9543,100,100
95.9531,100,100
95.9519,100,100
95.9508,100,100
95.9496,100,100
95.9484,100,100
95.9472,100,100
95.9461,100,100
95.9449,100,100
95.9437,100,100
95.9425,100,100
95.9414,100,100
95.9402,100,100
95.939,100,100
95.9378,100,100
95.9366,100,100
95.9355,100,100
95.9343,100,100
95.9331,100,100
95.9319,100,100
95.9308,100,100
95.9296,100,100
95.9284,100,100
95.9272,100,100
95.9261,100,100
95.9249,100,100
95.9237,100,100
95.9225,100,100
95.9213,100,100
95.9202,100,100
95.919,100,100
95.9178,100,100
95.9166,100,100
95.9155,100,100
95.9143,100,100
95.9131,100,100
95.9119,100,100
95.9108,100,100
95.9096,100,100
95.9084,100,100
95.9072,100,100
95.9061,100,100
95.9049,100,100
95.9037,100,100
95.9025,100,100
95.9014,100,100
95.9002,100,100
95.899,100,100
95.8978,100,100
95.8967,100,100
95.8955,100,100
95.8943,100,100
95.8931,100,100
95.892,100,100
95.8908,100,100
95.8896,100,100
95.8884,100,100
95.8873,100,100
95.8861,100,100
95.8849,100,100
95.8837,100,100
95.8825,100,100
95.8814,100,100
95.8802,100,100
95.879,100,100
95.8778,100,100
95.8767,100,100
95.8755,100,100
95.8743,100,100
95.8731,100,100
95.872,100,100
95.8708,100,100
95.8696,100,100
95.8684,100,100
95.8673,100,100
95.8661,100,100
95.8649,100,100
95.8637,100,100
95.8626,100,100
95.8614,100,100
95.8602,100,100
95.859,100,100
95.8579,100,100
95.8567,100,100
95.8555,100,100
95.8543,100,100
95.8532,100,100
95.852,100,100
95.8508,100,100
95.8496,100,100
95.8485,100,100
95.8473,100,100
95.8461,100,100
95.8449,100,100
95.8438,100,100
95.8426,100,100
95.8414,100,100
95.8402,100,100
95.839,100,100
95.8379,100,100
95.8367,100,100
95.8355,100,100
95.8343,100,100
95.8332,100,100
95.832,100,100
95.8308,100,100
95.8296,100,100
95.8285,100,100
95.8273,100,100
95.8261,100,100
95.8249,100,100
95.8238,100,100
95.8226,100,100
95.8214,100,100
95.8202,100,100
95.8191,100,100
95.8179,100,100
95.8167,100,100
95.8155,100,100
95.8144,100,100
95.8132,100,100
95.812,100,100
95.8108,100,100
95.8097,100,100
95.8085,100,100
95.8073,100,100
95.8061,100,100
95.805,100,100
95.8038,100,100
95.8026,100,100
95.8014,100,100
95.8003,100,100
95.7991,100,100
95.7979,100,100
95.7967,100,100
95.7956,100,100
95.7944,100,100
95.7932,100,100
95.792,100,100
95.7909,100,100
95.7897,100,100
95.7885,100,100
95.7873,100,100
95.7862,100,100
95.785,100,100
95.7838,100,100
95.7826,100,100
95.7815,100,100
95.7803,100,100
95.7791,100,100
95.7779,100,100
95.7768,100,100
95.7756,100,100
95.7744,100,100
95.7732,100,100
95.7721,100,100
95.7709,100,100
95.7697,100,100
95.7685,100,100
95.7674,100,100
95.7662,100,100
95.765,100,100
95.7638,100,100
95.7626,100,100
95.7615,100,100
95.7603,100,100
95.7591,100,100
95.7579,100,100
95.7568,100,100
95.7556,100,100
95.7544,100,100
95.7532,100,100
95.7521,100,100
95.7509,100,100
95.7497,100,100
95.7485,100,100
95.7474,100,100
95.7462,100,100
95.745,100,100
95.7438,100,100
95.7427,100,100
95.7415,100,100
95.7403,100,100
95.7391,100,100
95.738,100,100
95.7368,100,100
95.7356,100,100
95.7344,100,100
95.7333,100,100
95.7321,100,100
95.7309,100,100
95.7297,100,100
95.7286,100,100
95.7274,100,100
95.7262,100,100
95.725,100,100
95.7239,100,100
95.7227,100,100
95.7215,100,100
95.7203,100,100
95.7192,100,100
95.718,100,100
95.7168,100,100
95.7156,100,100
95.7145,100,100
95.7133,100,100
95.7121,100,100
95.7109,100,100
95.7098,100,100
95.7086,100,100
95.7074,100,100
95.7062,100,100
95.7051,100,100
95.7039,100,100
95.7027,100,100
95.7015,100,100
95.7004,100,100
95.6992,100,100
95.698,100,100
95.6968,100,100
95.6957,100,100
95.6945,100,100
95.6933,100,100
95.6921,100,100
95.691,100,100
95.6898,100,100
95.6886,100,100
95.6875,100,100
95.6863,100,100
95.6851,100,100
95.684,100,100
95.6828,100,100
95.6816,100,100
95.6804,100,100
95.6793,100,100
95.6781,100,100
95.6769,100,100
95.6758,100,100
95.6746,100,100
95.6734,100,100
95.6722,100,100
95.6711,100,100
95.6699,100,100
95.6687,100,100
95.6676,100,100
95.6664,100,100
95.6652,100,100
95.664,100,100
95.6629,100,100
95.6617,100,100
95.6605,100,100
95.6594,100,100
95.6582,100,100
95.657,100,100
95.6559,100,100
95.6547,100,100
95.6535,100,100
95.6523,100,100
95.6512,100,100
95.65,100,100
95.6488,100,100
95.6477,100,100
95.6465,100,100
95.6453,100,100
95.6441,100,100
95.643,100,100
95.6418,100,100
95.6406,100,100
95.6395,100,100
95.6383,100,100
95.6371,100,100
95.6359,100,100
95.6348,100,100
95.6336,100,100
95.6324,100,100
95.6313,100,100
95.6301,100,100
95.6289,100,100
95.6278,100,100
95.6266,100,100
95.6254,100,100
95.6242,100,100
95.6231,100,100
95.6219,100,100
95.6207,100,100
95.6196,100,100
95.6184,100,100
95.6172,100,100
95.616,100,100
95.6149,100,100
95.6137,100,100
95.6125,100,100
95.6114,100,100
95.6102,100,100
95.609,100,100
95.6078,100,100
95.6067,100,100
95.6055,100,100
95.6043,100,100
95.6032,100,100
95.602,100,100
95.6008,100,100
95.5997,100,100
95.5985,100,100
95.5973,100,100
95.5961,100,100
95.595,100,100
95.5938,100,100
95.5926,100,100
95.5915,100,100
95.5903,100,100
95.5891,100,100
95.5879,100,100
95.5868,100,100
95.5856,100,100
95.5844,100,100
95.5833,100,100
95.5821,100,100
95.5809,100,100
95.5797,100,100
95.5786,100,100
95.5774,100,100
95.5762,100,100
95.5751,100,100
95.5739,100,100
95.5727,100,100
95.5716,100,100
95.5704,100,100
95.5692,100,100
95.5681,100,100
95.5669,100,100
95.5657,100,100
95.5646,100,100
95.5634,100,100
95.5623,100,100
95.5611,100,100
95.5599,100,100
95.5588,100,100
95.5576,100,100
95.5564,100,100
95.5553,100,100
95.5541,100,100
95.5529,100,100
95.5518,100,100
95.5506,100,100
95.5494,100,100
95.5483,100,100
95.5471,100,100
95.5459,100,100
95.5448,100,100
95.5436,100,100
95.5424,100,100
95.5413,100,100
95.5401,100,100
95.5389,100,100
95.5378,100,100
95.5366,100,100
95.5354,100,100
95.5343,100,100
95.5331,100,100
95.532,100,100
95.5308,100,100
95.5296,100,100
95.5285,100,100
95.5273,100,100
95.5261,100,100
95.525,100,100
95.5238,100,100
95.5226,100,100
95.5215,100,100
95.5203,100,100
95.5191,100,100
95.518,100,100
95.5168,100,100
95.5156,100,100
95.5145,100,100
95.5133,100,100
95.5121,100,100
95.511,100,100
95.5098,100,100
95.5086,100,100
95.5075,100,100
95.5063,100,100
95.5051,100,100
95.504,100,100
95.5028,100,100
95.5017,100,100
95.5005,100,100
95.4993,100,100
95.4982,100,100
95.497,100,100
95.4958,100,100
95.4947,100,100
95.4935,100,100
95.4923,100,100
95.4912,100,100
95.49,100,100
95.4888,100,100
95.4877,100,100
95.4865,100,100
95.4853,100,100
95.4842,100,100
95.483,100,100
95.4818,100,100
95.4807,100,100
95.4795,100,100
95.4783,100,100
95.4772,100,100
95.476,100,100
95.4748,100,100
95.4737,100,100
95.4725,100,100
95.4714,100,100
95.4702,100,100
95.469,100,100
95.4679,100,100
95.4667,100,100
95.4655,100,100
95.4644,100,100
95.4632,100,100
95.462,100,100
95.4609,100,100
95.4597,100,100
95.4585,100,100
95.4574,100,100
95.4562,100,100
95.455,100,100
95.4539,100,100
95.4527,100,100
95.4515,100,100
95.4504,100,100
95.4492,100,100
95.448,100,100
95.4469,100,100
95.4457,100,100
95.4445,100,100
95.4434,100,100
95.4422,100,100
95.441,100,100
95.4399,100,100
95.4387,100,100
95.4375,100,100
95.4364,100,100
95.4352,100,100
95.434,100,100
95.4329,100,100
95.4317,100,100
95.4305,100,100
95.4294,100,100
95.4282,100,100
95.427,100,100
95.4259,100,100
95.4247,100,100
95.4235,100,100
95.4224,100,100
95.4212,100,100
95.42,100,100
95.4188,100,100
95.4177,100,100
95.4165,100,100
95.4153,100,100
95.4142,100,100
95.413,100,100
95.4118,100,100
95.4107,100,100
95.4095,100,100
95.4083,100,100
95.4072,100,100
95.406,100,100
95.4048,100,100
95.4037,100,100
95.4025,100,100
95.4013,100,100
95.4002,100,100
95.399,100,100
95.3978,100,100
95.3967,100,100
95.3955,100,100
95.3943,100,100
95.3932,100,100
95.392,100,100
95.3908,100,100
95.3897,100,100
95.3885,100,100
95.3873,100,100
95.3862,100,100
95.385,100,100
95.3838,100,100
95.3827,100,100
95.3815,100,100
95.3803,100,100
95.3792,100,100
95.378,100,100
95.3768,100,100
95.3757,100,100
95.3745,100,100
95.3733,100,100
95.3722,100,100
95.371,100,100
95.3698,100,100
95.3687,100,100
95.3675,100,100
95.3663,100,100
95.3652,100,100
95.364,100,100
95.3628,100,100
95.3617,100,100
95.3605,100,100
95.3593,100,100
95.3582,100,100
95.357,100,100
95.3558,100,100
95.3547,100,100
95.3535,100,100
95.3523,100,100
95.3512,100,100
95.35,100,100
95.3488,100,100
95.3477,100,100
95.3465,100,100
95.3453,100,100
95.3442,100,100
95.343,100,100
95.3418,100,100
95.3406,100,100
95.3395,100,100
95.3383,100,100
95.3371,100,100
95.336,100,100
95.3348,100,100
95.3336,100,100
95.3325,100,100
95.3313,100,100
95.3301,100,100
95.3289,100,100
95.3278,100,100
95.3266,100,100
95.3254,100,100
95.3243,100,100
95.3231,100,100
95.3219,100,100
95.3208,100,100
95.3196,100,100
95.3184,100,100
95.3173,100,100
95.3161,100,100
95.3149,100,100
95.3137,100,100
95.3126,100,100
95.3114,100,100
95.3102,100,100
95.3091,100,100
95.3079,100,100
95.3067,100,100
95.3056,100,100
95.3044,100,100
95.3032,100,100
95.302,100,100
95.3009,100,100
95.2997,100,100
95.2985,100,100
95.2974,100,100
95.2962,100,100
95.295,100,100
95.2939,100,100
95.2927,100,100
95.2915,100,100
95.2903,100,100
95.2892,100,100
95.288,100,100
95.2868,100,100
95.2857,100,100
95.2845,100,100
95.2833,100,100
95.2822,100,100
95.281,100,100
95.2798,100,100
95.2786,100,100
95.2775,100,100
95.2763,100,100
95.2751,100,100
95.274,100,100
95.2728,100,100
95.2716,100,100
95.2705,100,100
95.2693,100,100
95.2681,100,100
95.2669,100,100
95.2658,100,100
95.2646,100,100
95.2634,100,100
95.2623,100,100
95.2611,100,100
95.2599,100,100
95.2588,100,100
95.2576,100,100
95.2564,100,100
95.2553,100,100
95.2541,100,100
95.2529,100,100
95.2517,100,100
95.2506,100,100
95.2494,100,100
95.2482,100,100
95.2471,100,100
95.2459,100,100
95.2447,100,100
95.2436,100,100
95.2424,100,100
95.2412,100,100
95.24,100,100
95.2389,100,100
95.2377,100,100
95.2365,100,100
95.2354,100,100
95.2342,100,100
95.233,100,100
95.2319,100,100
95.2307,100,100
95.2295,100,100
95.2283,100,100
95.2272,100,100
95.226,100,100
95.2248,100,100
95.2237,100,100
95.2225,100,100
95.2213,100,100
95.2202,100,100
95.219,100,100
95.2178,100,100
95.2166,100,100
95.2155,100,100
95.2143,100,100
95.2131,100,100
95.212,100,100
95.2108,100,100
95.2096,100,100
95.2084,100,100
95.2073,100,100
95.2061,100,100
95.2049,100,100
95.2038,100,100
95.2026,100,100
95.2014,100,100
95.2002,100,100
95.1991,100,100
95.1979,100,100
95.1967,100,100
95.1956,100,100
95.1944,100,100
95.1932,100,100
95.192,100,100
95.1909,100,100
95.1897,100,100
95.1885,100,100
95.1874,100,100
95.1862,100,100
95.185,100,100
95.1838,100,100
95.1827,100,100
95.1815,100,100
95.1803,100,100
95.1792,100,100
95.178,100,100
95.1768,100,100
95.1757,100,100
95.1745,100,100
95.1733,100,100
95.1721,100,100
95.171,100,100
95.1698,100,100
95.1686,100,100
95.1675,100,100
95.1663,100,100
95.1651,100,100
95.1639,100,100
95.1628,100,100
95.1616,100,100
95.1604,100,100
95.1593,100,100
95.1581,100,100
95.1569,100,100
95.1557,100,100
95.1546,100,100
95.1534,100,100
95.1522,100,100
95.1511,100,100
95.1499,100,100
95.1487,100,100
95.1475,100,100
95.1464,100,100
95.1452,100,100
95.144,100,100
95.1429,100,100
95.1417,100,100
95.1405,100,100
95.1393,100,100
95.1382,100,100
95.137,100,100
95.1358,100,100
95.1347,100,100
95.1335,100,100
95.1323,100,100
95.1312,100,100
95.13,100,100
95.1288,100,100
95.1276,100,100
95.1265,100,100
95.1253,100,100
95.1241,100,100
95.123,100,100
95.1218,100,100
95.1206,100,100
95.1194,100,100
95.1183,100,100
95.1171,100,100
95.1159,100,100
95.1148,100,100
95.1136,100,100
95.1124,100,100
95.1112,100,100
95.1101,100,100
95.1089,100,100
95.1077,100,100
95.1066,100,100
95.1054,100,100
95.1042,100,100
95.103,100,100
95.1019,100,100
95.1007,100,100
95.0995,100,100
95.0984,100,100
95.0972,100,100
95.096,100,100
95.0948,100,100
95.0937,100,100
95.0925,100,100
95.0913,100,100
95.0902,100,100
95.089,100,100
95.0878,100,100
95.0866,100,100
95.0855,100,100
95.0843,100,100
95.0831,100,100
95.082,100,100
95.0808,100,100
95.0796,100,100
95.0784,100,100
95.0773,100,100
95.0761,100,100
95.0749,100,100
95.0738,100,100
95.0726,100,100
95.0714,100,100
95.0702,100,100
95.0691,100,100
95.0679,100,100
95.0667,100,100
95.0656,100,100
95.0644,100,100
95.0632,100,100
95.062,100,100
95.0609,100,100
95.0597,100,100
95.0585,100,100
95.0574,100,100
95.0562,100,100
95.055,100,100
95.0538,100,100
95.0527,100,100
95.0515,100,100
95.0503,100,100
95.0492,100,100
95.048,100,100
95.0468,100,100
95.0456,100,100
95.0445,100,100
95.0433,100,100
95.0421,100,100
95.041,100,100
95.0398,100,100
95.0386,100,100
95.0374,100,100
95.0363,100,100
95.0351,100,100
95.0339,100,100
95.0328,100,100
95.0316,100,100
95.0304,100,100
95.0292,100,100
95.0281,100,100
95.0269,100,100
95.0257,100,100
95.0246,100,100
95.0234,100,100
95.0222,100,100
95.021,100,100
95.0199,100,100
95.0187,100,100
95.0175,100,100
95.0163,100,100
95.0152,100,100
95.014,100,100
95.0128,100,100
95.0117,100,100
95.0105,100,100
95.0093,100,100
95.0081,100,100
95.007,100,100
95.0058,100,100
95.0046,100,100
95.0035,100,100
95.0023,100,100
95.0011,100,100
94.9999,100,100
94.9988,100,100
94.9976,100,100
94.9964,100,100
94.9953,100,100
94.9941,100,100
94.9929,100,100
94.9917,100,100
94.9906,100,100
94.9894,100,100
94.9882,100,100
94.9871,100,100
94.9859,100,100
94.9847,100,100
94.9835,100,100
94.9824,100,100
94.9812,100,100
94.98,100,100
94.9788,100,100
94.9777,100,100
94.9765,100,100
94.9753,100,100
94.9742,100,100
94.973,100,100
94.9718,100,100
94.9706,100,100
94.9695,100,100
94.9683,100,100
94.9671,100,100
94.9659,100,100
94.9648,100,100
94.9636,100,100
94.9624,100,100
94.9613,100,100
94.9601,100,100
94.9589,100,100
94.9577,100,100
94.9566,100,100
94.9554,100,100
94.9542,100,100
94.953,100,100
94.9519,100,100
94.9507,100,100
94.9495,100,100
94.9483,100,100
94.9472,100,100
94.946,100,100
94.9448,100,100
94.9437,100,100
94.9425,100,100
94.9413,100,100
94.9401,100,100
94.939,100,100
94.9378,100,100
94.9366,100,100
94.9354,100,100
94.9343,100,100
94.9331,100,100
94.9319,100,100
94.9308,100,100
94.9296,100,100
94.9284,100,100
94.9272,100,100
94.9261,100,100
94.9249,100,100
94.9237,100,100
94.9225,100,100
94.9214,100,100
94.9202,100,100
94.919,100,100
94.9179,100,100
94.9167,100,100
94.9155,100,100
94.9143,100,100
94.9132,100,100
94.912,100,100
94.9108,100,100
94.9096,100,100
94.9085,100,100
94.9073,100,100
94.9061,100,100
94.905,100,100
94.9038,100,100
94.9026,100,100
94.9014,100,100
94.9003,100,100
94.8991,100,100
94.8979,100,100
94.8967,100,100
94.8956,100,100
94.8944,100,100
94.8932,100,100
94.892,100,100
94.8909,100,100
94.8897,100,100
94.8885,100,100
94.8874,100,100
94.8862,100,100
94.885,100,100
94.8838,100,100
94.8827,100,100
94.8815,100,100
94.8803,100,100
94.8791,100,100
94.878,100,100
94.8768,100,100
94.8756,100,100
94.8745,100,100
94.8733,100,100
94.8721,100,100
94.8709,100,100
94.8698,100,100
94.8686,100,100
94.8674,100,100
94.8663,100,100
94.8651,100,100
94.8639,100,100
94.8628,100,100
94.8616,100,100
94.8604,100,100
94.8592,100,100
94.8581,100,100
94.8569,100,100
94.8557,100,100
94.8546,100,100
94.8534,100,100
94.8522,100,100
94.8511,100,100
94.8499,100,100
94.8487,100,100
94.8476,100,100
94.8464,100,100
94.8452,100,100
94.844,100,100
94.8429,100,100
94.8417,100,100
94.8405,100,100
94.8394,100,100
94.8382,100,100
94.837,100,100
94.8359,100,100
94.8347,100,100
94.8335,100,100
94.8323,100,100
94.8312,100,100
94.83,100,100
94.8288,100,100
94.8277,100,100
94.8265,100,100
94.8253,100,100
94.8242,100,100
94.823,100,100
94.8218,100,100
94.8206,100,100
94.8195,100,100
94.8183,100,100
94.8171,100,100
94.816,100,100
94.8148,100,100
94.8136,100,100
94.8125,100,100
94.8113,100,100
94.8101,100,100
94.8089,100,100
94.8078,100,100
94.8066,100,100
94.8054,100,100
94.8043,100,100
94.8031,100,100
94.8019,100,100
94.8008,100,100
94.7996,100,100
94.7984,100,100
94.7972,100,100
94.7961,100,100
94.7949,100,100
94.7937,100,100
94.7926,100,100
94.7914,100,100
94.7902,100,100
94.7891,100,100
94.7879,100,100
94.7867,100,100
94.7856,100,100
94.7844,100,100
94.7832,100,100
94.782,100,100
94.7809,100,100
94.7797,100,100
94.7785,100,100
94.7774,100,100
94.7762,100,100
94.775,100,100
94.7739,100,100
94.7727,100,100
94.7715,100,100
94.7703,100,100
94.7692,100,100
94.768,100,100
94.7668,100,100
94.7657,100,100
94.7645,100,100
94.7633,100,100
94.7622,100,100
94.761,100,100
94.7598,100,100
94.7586,100,100
94.7575,100,100
94.7563,100,100
94.7551,100,100
94.754,100,100
94.7528,100,100
94.7516,100,100
94.7505,100,100
94.7493,100,100
94.7481,100,100
94.7469,100,100
94.7458,100,100
94.7446,100,100
94.7434,100,100
94.7423,100,100
94.7411,100,100
94.7399,100,100
94.7388,100,100
94.7376,100,100
94.7364,100,100
94.7353,100,100
94.7341,100,100
94.7329,100,100
94.7317,100,100
94.7306,100,100
94.7294,100,100
94.7282,100,100
94.7271,100,100
94.7259,100,100
94.7247,100,100
94.7236,100,100
94.7224,100,100
94.7212,100,100
94.72,100,100
94.7189,100,100
94.7177,100,100
94.7165,100,100
94.7154,100,100
94.7142,100,100
94.713,100,100
94.7119,100,100
94.7107,100,100
94.7095,100,100
94.7083,100,100
94.7072,100,100
94.706,100,100
94.7048,100,100
94.7037,100,100
94.7025,100,100
94.7013,100,100
94.7002,100,100
94.699,100,100
94.6978,100,100
94.6966,100,100
94.6955,100,100
94.6943,100,100
94.6931,100,100
94.692,100,100
94.6908,100,100
94.6896,100,100
94.6885,100,100
94.6873,100,100
94.6861,100,100
94.685,100,100
94.6838,100,100
94.6826,100,100
94.6814,100,100
94.6803,100,100
94.6791,100,100
94.6779,100,100
94.6768,100,100
94.6756,100,100
94.6744,100,100
94.6733,100,100
94.6721,100,100
94.6709,100,100
94.6697,100,100
94.6686,100,100
94.6674,100,100
94.6662,100,100
94.6651,100,100
94.6639,100,100
94.6627,100,100
94.6616,100,100
94.6604,100,100
94.6592,100,100
94.658,100,100
94.6569,100,100
94.6557,100,100
94.6545,100,100
94.6534,100,100
94.6522,100,100
94.651,100,100
94.6499,100,100
94.6487,100,100
94.6475,100,100
94.6463,100,100
94.6452,100,100
94.644,100,100
94.6428,100,100
94.6417,100,100
94.6405,100,100
94.6393,100,100
94.6382,100,100
94.637,100,100
94.6358,100,100
94.6346,100,100
94.6335,100,100
94.6323,100,100
94.6311,100,100
94.63,100,100
94.6288,100,100
94.6276,100,100
94.6265,100,100
94.6253,100,100
94.6241,100,100
94.6229,100,100
94.6218,100,100
94.6206,100,100
94.6194,100,100
94.6183,100,100
94.6171,100,100
94.6159,100,100
94.6147,100,100
94.6136,100,100
94.6124,100,100
94.6112,100,100
94.6101,100,100
94.6089,100,100
94.6077,100,100
94.6065,100,100
94.6054,100,100
94.6042,100,100
94.603,100,100
94.6019,100,100
94.6007,100,100
94.5995,100,100
94.5984,100,100
94.5972,100,100
94.596,100,100
94.5948,100,100
94.5937,100,100
94.5925,100,100
94.5913,100,100
94.5902,100,100
94.589,100,100
94.5878,100,100
94.5866,100,100
94.5855,100,100
94.5843,100,100
94.5831,100,100
94.582,100,100
94.5808,100,100
94.5796,100,100
94.5785,100,100
94.5773,100,100
94.5761,100,100
94.5749,100,100
94.5738,100,100
94.5726,100,100
94.5714,100,100
94.5703,100,100
94.5691,100,100
94.5679,100,100
94.5667,100,100
94.5656,100,100
94.5644,100,100
94.5632,100,100
94.5621,100,100
94.5609,100,100
94.5597,100,100
94.5585,100,100
94.5574,100,100
94.5562,100,100
94.555,100,100
94.5539,100,100
94.5527,100,100
94.5515,100,100
94.5504,100,100
94.5492,100,100
94.548,100,100
94.5468,100,100
94.5457,100,100
94.5445,100,100
94.5433,100,100
94.5422,100,100
94.541,100,100
94.5398,100,100
94.5386,100,100
94.5375,100,100
94.5363,100,100
94.5351,100,100
94.534,100,100
94.5328,100,100
94.5316,100,100
94.5305,100,100
94.5293,100,100
94.5281,100,100
94.5269,100,100
94.5258,100,100
94.5246,100,100
94.5234,100,100
94.5223,100,100
94.5211,100,100
94.5199,100,100
94.5187,100,100
94.5176,100,100
94.5164,100,100
94.5152,100,100
94.514,100,100
94.5129,100,100
94.5117,100,100
94.5105,100,100
94.5093,100,100
94.5082,100,100
94.507,100,100
94.5058,100,100
94.5046,100,100
94.5035,100,100
94.5023,100,100
94.5011,100,100
94.4999,100,100
94.4988,100,100
94.4976,100,100
94.4964,100,100
94.4952,100,100
94.4941,100,100
94.4929,100,100
94.4917,100,100
94.4905,100,100
94.4894,100,100
94.4882,100,100
94.487,100,100
94.4858,100,100
94.4847,100,100
94.4835,100,100
94.4823,100,100
94.4811,100,100
94.48,100,100
94.4788,100,100
94.4776,100,100
94.4764,100,100
94.4753,100,100
94.4741,100,100
94.4729,100,100
94.4717,100,100
94.4706,100,100
94.4694,100,100
94.4682,100,100
94.467,100,100
94.4659,100,100
94.4647,100,100
94.4635,100,100
94.4623,100,100
94.4612,100,100
94.46,100,100
94.4588,100,100
94.4576,100,100
94.4565,100,100
94.4553,100,100
94.4541,100,100
94.4529,100,100
94.4518,100,100
94.4506,100,100
94.4494,100,100
94.4482,100,100
94.4471,100,100
94.4459,100,100
94.4447,100,100
94.4435,100,100
94.4424,100,100
94.4412,100,100
94.44,100,100
94.4388,100,100
94.4377,100,100
94.4365,100,100
94.4353,100,100
94.4341,100,100
94.433,100,100
94.4318,100,100
94.4306,100,100
94.4294,100,100
94.4283,100,100
94.4271,100,100
94.4259,100,100
94.4247,100,100
94.4236,100,100
94.4224,100,100
94.4212,100,100
94.42,100,100
94.4189,100,100
94.4177,100,100
94.4165,100,100
94.4153,100,100
94.4142,100,100
94.413,100,100
94.4118,100,100
94.4106,100,100
94.4095,100,100
94.4083,100,100
94.4071,100,100
94.4059,100,100
94.4048,100,100
94.4036,100,100
94.4024,100,100
94.4012,100,100
94.4,100,100
94.3989,100,100
94.3977,100,100
94.3965,100,100
94.3953,100,100
94.3942,100,100
94.393,100,100
94.3918,100,100
94.3906,100,100
94.3894,100,100
94.3883,100,100
94.3871,100,100
94.3859,100,100
94.3847,100,100
94.3836,100,100
94.3824,100,100
94.3812,100,100
94.38,100,100
94.3789,100,100
94.3777,100,100
94.3765,100,100
94.3753,100,100
94.3741,100,100
94.373,100,100
94.3718,100,100
94.3706,100,100
94.3694,100,100
94.3683,100,100
94.3671,100,100
94.3659,100,100
94.3647,100,100
94.3635,100,100
94.3624,100,100
94.3612,100,100
94.36,100,100
94.3588,100,100
94.3577,100,100
94.3565,100,100
94.3553,100,100
94.3541,100,100
94.353,100,100
94.3518,100,100
94.3506,100,100
94.3494,100,100
94.3482,100,100
94.3471,100,100
94.3459,100,100
94.3447,100,100
94.3435,100,100
94.3424,100,100
94.3412,100,100
94.34,100,100
94.3388,100,100
94.3376,100,100
94.3365,100,100
94.3353,100,100
94.3341,100,100
94.3329,100,100
94.3318,100,100
94.3306,100,100
94.3294,100,100
94.3282,100,100
94.3271,100,100
94.3259,100,100
94.3247,100,100
94.3235,100,100
94.3223,100,100
94.3212,100,100
94.32,100,100
94.3188,100,100
94.3176,100,100
94.3165,100,100
94.3153,100,100
94.3141,100,100
94.3129,100,100
94.3117,100,100
94.3106,100,100
94.3094,100,100
94.3082,100,100
94.307,100,100
94.3059,100,100
94.3047,100,100
94.3035,100,100
94.3023,100,100
94.3011,100,100
94.3,100,100
94.2988,100,100
94.2976,100,100
94.2964,100,100
94.2953,100,100
94.2941,100,100
94.2929,100,100
94.2917,100,100
94.2906,100,100
94.2894,100,100
94.2882,100,100
94.287,100,100
94.2858,100,100
94.2847,100,100
94.2835,100,100
94.2823,100,100
94.2811,100,100
94.28,100,100
94.2788,100,100
94.2776,100,100
94.2764,100,100
94.2752,100,100
94.2741,100,100
94.2729,100,100
94.2717,100,100
94.2705,100,100
94.2694,100,100
94.2682,100,100
94.267,100,100
94.2658,100,100
94.2646,100,100
94.2635,100,100
94.2623,100,100
94.2611,100,100
94.2599,100,100
94.2588,100,100
94.2576,100,100
94.2564,100,100
94.2552,100,100
94.254,100,100
94.2529,100,100
94.2517,100,100
94.2505,100,100
94.2493,100,100
94.2482,100,100
94.247,100,100
94.2458,100,100
94.2446,100,100
94.2434,100,100
94.2423,100,100
94.2411,100,100
94.2399,100,100
94.2387,100,100
94.2376,100,100
94.2364,100,100
94.2352,100,100
94.234,100,100
94.2328,100,100
94.2317,100,100
94.2305,100,100
94.2293,100,100
94.2281,100,100
94.227,100,100
94.2258,100,100
94.2246,100,100
94.2234,100,100
94.2222,100,100
94.2211,100,100
94.2199,100,100
94.2187,100,100
94.2175,100,100
94.2164,100,100
94.2152,100,100
94.214,100,100
94.2128,100,100
94.2116,100,100
94.2105,100,100
94.2093,100,100
94.2081,100,100
94.2069,100,100
94.2058,100,100
94.2046,100,100
94.2034,100,100
94.2022,100,100
94.201,100,100
94.1999,100,100
94.1987,100,100
94.1975,100,100
94.1963,100,100
94.1952,100,100
94.194,100,100
94.1928,100,100
94.1916,100,100
94.1904,100,100
94.1893,100,100
94.1881,100,100
94.1869,100,100
94.1857,100,100
94.1846,100,100
94.1834,100,100
94.1822,100,100
94.181,100,100
94.1798,100,100
94.1787,100,100
94.1775,100,100
94.1763,100,100
94.1751,100,100
94.174,100,100
94.1728,100,100
94.1716,100,100
94.1704,100,100
94.1692,100,100
94.1681,100,100
94.1669,100,100
94.1657,100,100
94.1645,100,100
94.1633,100,100
94.1621,100,100
94.161,100,100
94.1598,100,100
94.1586,100,100
94.1574,100,100
94.1562,100,100
94.155,100,100
94.1539,100,100
94.1527,100,100
94.1515,100,100
94.1503,100,100
94.1491,100,100
94.1479,100,100
94.1468,100,100
94.1456,100,100
94.1444,100,100
94.1432,100,100
94.142,100,100
94.1408,100,100
94.1397,100,100
94.1385,100,100
94.1373,100,100
94.1361,100,100
94.1349,100,100
94.1337,100,100
94.1326,100,100
94.1314,100,100
94.1302,100,100
94.129,100,100
94.1278,100,100
94.1266,100,100
94.1255,100,100
94.1243,100,100
94.1231,100,100
94.1219,100,100
94.1207,100,100
94.1195,100,100
94.1184,100,100
94.1172,100,100
94.116,100,100
94.1148,100,100
94.1136,100,100
94.1124,100,100
94.1113,100,100
94.1101,100,100
94.1089,100,100
94.1077,100,100
94.1065,100,100
94.1053,100,100
94.1042,100,100
94.103,100,100
94.1018,100,100
94.1006,100,100
94.0994,100,100
94.0982,100,100
94.0971,100,100
94.0959,100,100
94.0947,100,100
94.0935,100,100
94.0923,100,100
94.0912,100,100
94.09,100,100
94.0888,100,100
94.0876,100,100
94.0864,100,100
94.0852,100,100
94.0841,100,100
94.0829,100,100
94.0817,100,100
94.0805,100,100
94.0793,100,100
94.0781,100,100
94.077,100,100
94.0758,100,100
94.0746,100,100
94.0734,100,100
94.0722,100,100
94.071,100,100
94.0699,100,100
94.0687,100,100
94.0675,100,100
94.0663,100,100
94.0651,100,100
94.0639,100,100
94.0628,100,100
94.0616,100,100
94.0604,100,100
94.0592,100,100
94.058,100,100
94.0568,100,100
94.0557,100,100
94.0545,100,100
94.0533,100,100
94.0521,100,100
94.0509,100,100
94.0497,100,100
94.0485,100,100
94.0473,100,100
94.0461,100,100
94.0449,100,100
94.0438,100,100
94.0426,100,100
94.0414,100,100
94.0402,100,100
94.039,100,100
94.0378,100,100
94.0366,100,100
94.0354,100,100
94.0342,100,100
94.033,100,100
94.0318,100,100
94.0306,100,100
94.0294,100,100
94.0282,100,100
94.027,100,100
94.0258,100,100
94.0246,100,100
94.0235,100,100
94.0223,100,100
94.0211,100,100
94.0199,100,100
94.0187,100,100
94.0175,100,100
94.0163,100,100
94.0151,100,100
94.0139,100,100
94.0127,100,100
94.0115,100,100
94.0103,100,100
94.0091,100,100
94.0079,100,100
94.0067,100,100
94.0055,100,100
94.0044,100,100
94.0032,100,100
94.002,100,100
94.0008,100,100
93.9996,100,100
93.9984,100,100
93.9972,100,100
93.996,100,100
93.9948,100,100
93.9936,100,100
93.9924,100,100
93.9912,100,100
93.99,100,100
93.9888,100,100
93.9876,100,100
93.9864,100,100
93.9853,100,100
93.9841,100,100
93.9829,100,100
93.9817,100,100
93.9805,100,100
93.9793,100,100
93.9781,100,100
93.9769,100,100
93.9757,100,100
93.9745,100,100
93.9733,100,100
93.9721,100,100
93.9709,100,100
93.9697,100,100
93.9685,100,100
93.9673,100,100
93.9662,100,100
93.965,100,100
93.9638,100,100
93.9626,100,100
93.9614,100,100
93.9602,100,100
93.959,100,100
93.9578,100,100
93.9566,100,100
93.9554,100,100
93.9542,100,100
93.953,100,100
93.9518,100,100
93.9506,100,100
93.9494,100,100
93.9482,100,100
93.947,100,100
93.9459,100,100
93.9447,100,100
93.9435,100,100
93.9423,100,100
93.9411,100,100
93.9399,100,100
93.9387,100,100
93.9375,100,100
93.9363,100,100
93.9351,100,100
93.9339,100,100
93.9327,100,100
93.9315,100,100
93.9303,100,100
93.9291,100,100
93.9279,100,100
93.9267,100,100
93.9255,100,100
93.9243,100,100
93.9231,100,100
93.9219,100,100
93.9207,100,100
93.9195,100,100
93.9183,100,100
93.9171,100,100
93.9159,100,100
93.9147,100,100
93.9135,100,100
93.9123,100,100
93.9111,100,100
93.9099,100,100
93.9087,100,100
93.9075,100,100
93.9063,100,100
93.9051,100,100
93.9039,100,100
93.9027,100,100
93.9015,100,100
93.9002,100,100
93.899,100,100
93.8978,100,100
93.8966,100,100
93.8954,100,100
93.8942,100,100
93.893,100,100
93.8918,100,100
93.8906,100,100
93.8894,100,100
93.8882,100,100
93.887,100,100
93.8858,100,100
93.8846,100,100
93.8834,100,100
93.8822,100,100
93.881,100,100
93.8798,100,100
93.8786,100,100
93.8774,100,100
93.8762,100,100
93.875,100,100
93.8738,100,100
93.8726,100,100
93.8714,100,100
93.8702,100,100
93.869,100,100
93.8678,100,100
93.8666,100,100
93.8654,100,100
93.8642,100,100
93.863,100,100
93.8618,100,100
93.8606,100,100
93.8594,100,100
93.8582,100,100
93.8569,100,100
93.8557,100,100
93.8545,100,100
93.8533,100,100
93.8521,100,100
93.8509,100,100
93.8497,100,100
93.8485,100,100
93.8473,100,100
93.8461,100,100
93.8449,100,100
93.8437,100,100
93.8425,100,100
93.8413,100,100
93.8401,100,100
93.8389,100,100
93.8377,100,100
93.8365,100,100
93.8353,100,100
93.8341,100,100
93.8329,100,100
93.8317,100,100
93.8305,100,100
93.8293,100,100
93.8281,100,100
93.8269,100,100
93.8257,100,100
93.8245,100,100
93.8233,100,100
93.8221,100,100
93.8209,100,100
93.8197,100,100
93.8185,100,100
93.8173,100,100
93.8161,100,100
93.8148,100,100
93.8136,100,100
93.8124,100,100
93.8112,100,100
93.81,100,100
93.8088,100,100
93.8076,100,100
93.8064,100,100
93.8052,100,100
93.8039,100,100
93.8027,100,100
93.8015,100,100
93.8003,100,100
93.7991,100,100
93.7979,100,100
93.7967,100,100
93.7954,100,100
93.7942,100,100
93.793,100,100
93.7918,100,100
93.7906,100,100
93.7894,100,100
93.7882,100,100
93.7869,100,100
93.7857,100,100
93.7845,100,100
93.7833,100,100
93.7821,100,100
93.7809,100,100
93.7797,100,100
93.7784,100,100
93.7772,100,100
93.776,100,100
93.7748,100,100
93.7736,100,100
93.7724,100,100
93.7712,100,100
93.7699,100,100
93.7687,100,100
93.7675,100,100
93.7663,100,100
93.7651,100,100
93.7639,100,100
93.7627,100,100
93.7614,100,100
93.7602,100,100
93.759,100,100
93.7578,100,100
93.7566,100,100
93.7554,100,100
93.7542,100,100
93.7529,100,100
93.7517,100,100
93.7505,100,100
93.7493,100,100
93.7481,100,100
93.7469,100,100
93.7457,100,100
93.7444,100,100
93.7432,100,100
93.742,100,100
93.7408,100,100
93.7396,100,100
93.7384,100,100
93.7372,100,100
93.7359,100,100
93.7347,100,100
93.7335,100,100
93.7323,100,100
93.7311,100,100
93.7299,100,100
93.7287,100,100
93.7274,100,100
93.7262,100,100
93.725,100,100
93.7238,100,100
93.7226,100,100
93.7214,100,100
93.7202,100,100
93.7189,100,100
93.7177,100,100
93.7165,100,100
93.7153,100,100
93.7141,100,100
93.7129,100,100
93.7117,100,100
93.7104,100,100
93.7092,100,100
93.708,100,100
93.7068,100,100
93.7056,100,100
93.7044,100,100
93.7032,100,100
93.7019,100,100
93.7007,100,100
93.6995,100,100
93.6983,100,100
93.6971,100,100
93.6959,100,100
93.6947,100,100
93.6934,100,100
93.6922,100,100
93.691,100,100
93.6898,100,100
93.6886,100,100
93.6874,100,100
93.6862,100,100
93.6849,100,100
93.6837,100,100
93.6825,100,100
93.6813,100,100
93.6801,100,100
93.6789,100,100
93.6776,100,100
93.6764,100,100
93.6752,100,100
93.674,100,100
93.6728,100,100
93.6715,100,100
93.6703,100,100
93.6691,100,100
93.6679,100,100
93.6667,100,100
93.6655,100,100
93.6642,100,100
93.663,100,100
93.6618,100,100
93.6606,100,100
93.6594,100,100
93.6582,100,100
93.6569,100,100
93.6557,100,100
93.6545,100,100
93.6533,100,100
93.6521,100,100
93.6509,100,100
93.6496,100,100
93.6484,100,100
93.6472,100,100
93.646,100,100
93.6448,100,100
93.6436,100,100
93.6423,100,100
93.6411,100,100
93.6399,100,100
93.6387,100,100
93.6375,100,100
93.6363,100,100
93.635,100,100
93.6338,100,100
93.6326,100,100
93.6314,100,100
93.6302,100,100
93.6289,100,100
93.6277,100,100
93.6265,100,100
93.6253,100,100
93.6241,100,100
93.6229,100,100
93.6216,100,100
93.6204,100,100
93.6192,100,100
93.618,100,100
93.6168,100,100
93.6156,100,100
93.6143,100,100
93.6131,100,100
93.6119,100,100
93.6107,100,100
93.6095,100,100
93.6083,100,100
93.607,100,100
93.6058,100,100
93.6046,100,100
93.6034,100,100
93.6022,100,100
93.601,100,100
93.5997,100,100
93.5985,100,100
93.5973,100,100
93.5961,100,100
93.5949,100,100
93.5937,100,100
93.5924,100,100
93.5912,100,100
93.59,100,100
93.5888,100,100
93.5876,100,100
93.5863,100,100
93.5851,100,100
93.5839,100,100
93.5827,100,100
93.5815,100,100
93.5803,100,100
93.579,100,100
93.5778,100,100
93.5766,100,100
93.5754,100,100
93.5742,100,100
93.573,100,100
93.5717,100,100
93.5705,100,100
93.5693,100,100
93.5681,100,100
93.5669,100,100
93.5656,100,100
93.5644,100,100
93.5632,100,100
93.562,100,100
93.5607,100,100
93.5595,100,100
93.5583,100,100
93.5571,100,100
93.5558,100,100
93.5546,100,100
93.5534,100,100
93.5522,100,100
93.551,100,100
93.5497,100,100
93.5485,100,100
93.5473,100,100
93.5461,100,100
93.5448,100,100
93.5436,100,100
93.5424,100,100
93.5412,100,100
93.5399,100,100
93.5387,100,100
93.5375,100,100
93.5363,100,100
93.535,100,100
93.5338,100,100
93.5326,100,100
93.5314,100,100
93.5301,100,100
93.5289,100,100
93.5277,100,100
93.5265,100,100
93.5253,100,100
93.524,100,100
93.5228,100,100
93.5216,100,100
93.5204,100,100
93.5191,100,100
93.5179,100,100
93.5167,100,100
93.5155,100,100
93.5142,100,100
93.513,100,100
93.5118,100,100
93.5106,100,100
93.5093,100,100
93.5081,100,100
93.5069,100,100
93.5057,100,100
93.5044,100,100
93.5032,100,100
93.502,100,100
93.5008,100,100
93.4996,100,100
93.4983,100,100
93.4971,100,100
93.4959,100,100
93.4947,100,100
93.4934,100,100
93.4922,100,100
93.491,100,100
93.4898,100,100
93.4885,100,100
93.4873,100,100
93.4861,100,100
93.4849,100,100
93.4836,100,100
93.4824,100,100
93.4812,100,100
93.48,100,100
93.4787,100,100
93.4775,100,100
93.4763,100,100
93.4751,100,100
93.4739,100,100
93.4726,100,100
93.4714,100,100
93.4702,100,100
93.469,100,100
93.4677,100,100
93.4665,100,100
93.4653,100,100
93.4641,100,100
93.4628,100,100
93.4616,100,100
93.4604,100,100
93.4592,100,100
93.4579,100,100
93.4567,100,100
93.4555,100,100
93.4543,100,100
93.453,100,100
93.4518,100,100
93.4506,100,100
93.4494,100,100
93.4482,100,100
93.4469,100,100
93.4457,100,100
93.4445,100,100
93.4432,100,100
93.442,100,100
93.4408,100,100
93.4395,100,100
93.4383,100,100
93.4371,100,100
93.4358,100,100
93.4346,100,100
93.4333,100,100
93.4321,100,100
93.4309,100,100
93.4296,100,100
93.4284,100,100
93.4272,100,100
93.4259,100,100
93.4247,100,100
93.4235,100,100
93.4222,100,100
93.421,100,100
93.4198,100,100
93.4185,100,100
93.4173,100,100
93.4161,100,100
93.4148,100,100
93.4136,100,100
93.4123,100,100
93.4111,100,100
93.4099,100,100
93.4086,100,100
93.4074,100,100
93.4062,100,100
93.4049,100,100
93.4037,100,100
93.4025,100,100
93.4012,100,100
93.4,100,100
93.3988,100,100
93.3975,100,100
93.3963,100,100
93.3951,100,100
93.3938,100,100
93.3926,100,100
93.3914,100,100
93.3901,100,100
93.3889,100,100
93.3876,100,100
93.3864,100,100
93.3852,100,100
93.3839,100,100
93.3827,100,100
93.3815,100,100
93.3802,100,100
93.379,100,100
93.3778,100,100
93.3765,100,100
93.3753,100,100
93.3741,100,100
93.3728,100,100
93.3716,100,100
93.3704,100,100
93.3691,100,100
93.3679,100,100
93.3666,100,100
93.3654,100,100
93.3642,100,100
93.3629,100,100
93.3617,100,100
93.3605,100,100
93.3592,100,100
93.358,100,100
93.3568,100,100
93.3555,100,100
93.3543,100,100
93.3531,100,100
93.3518,100,100
93.3506,100,100
93.3494,100,100
93.3481,100,100
93.3469,100,100
93.3457,100,100
93.3444,100,100
93.3432,100,100
93.3419,100,100
93.3407,100,100
93.3395,100,100
93.3382,100,100
93.337,100,100
93.3358,100,100
93.3345,100,100
93.3333,100,100
93.3321,100,100
93.3308,100,100
93.3296,100,100
93.3284,100,100
93.3271,100,100
93.3259,100,100
93.3247,100,100
93.3234,100,100
93.3222,100,100
93.3209,100,100
93.3197,100,100
93.3185,100,100
93.3172,100,100
93.316,100,100
93.3147,100,100
93.3135,100,100
93.3122,100,100
93.311,100,100
93.3098,100,100
93.3085,100,100
93.3073,100,100
93.306,100,100
93.3048,100,100
93.3035,100,100
93.3023,100,100
93.3011,100,100
93.2998,100,100
93.2986,100,100
93.2973,100,100
93.2961,100,100
93.2948,100,100
93.2936,100,100
93.2924,100,100
93.2911,100,100
93.2899,100,100
93.2886,100,100
93.2874,100,100
93.2861,100,100
93.2849,100,100
93.2837,100,100
93.2824,100,100
93.2812,100,100
93.2799,100,100
93.2787,100,100
93.2774,100,100
93.2762,100,100
93.275,100,100
93.2737,100,100
93.2725,100,100
93.2712,100,100
93.27,100,100
93.2687,100,100
93.2675,100,100
93.2663,100,100
93.265,100,100
93.2638,100,100
93.2625,100,100
93.2613,100,100
93.26,100,100
93.2588,100,100
93.2576,100,100
93.2563,100,100
93.2551,100,100
93.2538,100,100
93.2526,100,100
93.2513,100,100
93.2501,100,100
93.2489,100,100
93.2476,100,100
93.2464,100,100
93.2451,100,100
93.2439,100,100
93.2427,100,100
93.2414,100,100
93.2402,100,100
93.2389,100,100
93.2377,100,100
93.2364,100,100
93.2352,100,100
93.234,100,100
93.2327,100,100
93.2315,100,100
93.2302,100,100
93.229,100,100
93.2277,100,100
93.2265,100,100
93.2253,100,100
93.224,100,100
93.2228,100,100
93.2215,100,100
93.2203,100,100
93.219,100,100
93.2178,100,100
93.2166,100,100
93.2153,100,100
93.2141,100,100
93.2128,100,100
93.2116,100,100
93.2103,100,100
93.2091,100,100
93.2079,100,100
93.2066,100,100
93.2054,100,100
93.2041,100,100
93.2029,100,100
93.2016,100,100
93.2004,100,100
93.1992,100,100
93.1979,100,100
93.1967,100,100
93.1954,100,100
93.1942,100,100
93.1929,100,100
93.1917,100,100
93.1905,100,100
93.1892,100,100
93.188,100,100
93.1867,100,100
93.1855,100,100
93.1843,100,100
93.183,100,100
93.1818,100,100
93.1805,100,100
93.1793,100,100
93.178,100,100
93.1768,100,100
93.1756,100,100
93.1743,100,100
93.1731,100,100
93.1718,100,100
93.1706,100,100
93.1693,100,100
93.1681,100,100
93.1669,100,100
93.1656,100,100
93.1644,100,100
93.1631,100,100
93.1619,100,100
93.1607,100,100
93.1594,100,100
93.1582,100,100
93.1569,100,100
93.1557,100,100
93.1544,100,100
93.1532,100,100
93.152,100,100
93.1507,100,100
93.1495,100,100
93.1482,100,100
93.147,100,100
93.1457,100,100
93.1445,100,100
93.1433,100,100
93.142,100,100
93.1408,100,100
93.1395,100,100
93.1383,100,100
93.137,100,100
93.1358,100,100
93.1346,100,100
93.1333,100,100
93.1321,100,100
93.1308,100,100
93.1296,100,100
93.1284,100,100
93.1271,100,100
93.1259,100,100
93.1246,100,100
93.1234,100,100
93.1221,100,100
93.1209,100,100
93.1197,100,100
93.1184,100,100
93.1172,100,100
93.1159,100,100
93.1147,100,100
93.1134,100,100
93.1122,100,100
93.111,100,100
93.1097,100,100
93.1085,100,100
93.1072,100,100
93.106,100,100
93.1048,100,100
93.1035,100,100
93.1023,100,100
93.101,100,100
93.0998,100,100
93.0985,100,100
93.0973,100,100
93.0961,100,100
93.0948,100,100
93.0936,100,100
93.0923,100,100
93.0911,100,100
93.0898,100,100
93.0886,100,100
93.0874,100,100
93.0861,100,100
93.0849,100,100
93.0836,100,100
93.0824,100,100
93.0811,100,100
93.0799,100,100
93.0787,100,100
93.0774,100,100
93.0762,100,100
93.0749,100,100
93.0737,100,100
93.0724,100,100
93.0712,100,100
93.07,100,100
93.0687,100,100
93.0675,100,100
93.0662,100,100
93.065,100,100
93.0637,100,100
93.0625,100,100
93.0613,100,100
93.06,100,100
93.0588,100,100
93.0575,100,100
93.0563,100,100
93.055,100,100
93.0538,100,100
93.0526,100,100
93.0513,100,100
93.0501,100,100
93.0488,100,100
93.0476,100,100
93.0463,100,100
93.0451,100,100
93.0438,100,100
93.0426,100,100
93.0414,100,100
93.0401,100,100
93.0389,100,100
93.0376,100,100
93.0364,100,100
93.0351,100,100
93.0339,100,100
93.0327,100,100
93.0314,100,100
93.0302,100,100
93.0289,100,100
93.0277,100,100
93.0264,100,100
93.0252,100,100
93.0239,100,100
93.0227,100,100
93.0215,100,100
93.0202,100,100
93.019,100,100
93.0177,100,100
93.0165,100,100
93.0152,100,100
93.014,100,100
93.0128,100,100
93.0115,100,100
93.0103,100,100
93.009,100,100
93.0078,100,100
93.0065,100,100
93.0053,100,100
93.004,100,100
93.0028,100,100
93.0016,100,100
93.0003,100,100
92.9991,100,100
92.9978,100,100
92.9966,100,100
92.9953,100,100
92.9941,100,100
92.9929,100,100
92.9916,100,100
92.9904,100,100
92.9891,100,100
92.9879,100,100
92.9866,100,100
92.9854,100,100
92.9842,100,100
92.9829,100,100
92.9817,100,100
92.9804,100,100
92.9792,100,100
92.9779,100,100
92.9767,100,100
92.9754,100,100
92.9742,100,100
92.973,100,100
92.9717,100,100
92.9705,100,100
92.9692,100,100
92.968,100,100
92.9667,100,100
92.9655,100,100
92.9643,100,100
92.963,100,100
92.9618,100,100
92.9605,100,100
92.9593,100,100
92.958,100,100
92.9568,100,100
92.9555,100,100
92.9543,100,100
92.9531,100,100
92.9518,100,100
92.9506,100,100
92.9493,100,100
92.9481,100,100
92.9468,100,100
92.9456,100,100
92.9443,100,100
92.9431,100,100
92.9418,100,100
92.9406,100,100
92.9393,100,100
92.9381,100,100
92.9368,100,100
92.9356,100,100
92.9343,100,100
92.933,100,100
92.9318,100,100
92.9305,100,100
92.9293,100,100
92.928,100,100
92.9268,100,100
92.9255,100,100
92.9243,100,100
92.923,100,100
92.9218,100,100
92.9205,100,100
92.9193,100,100
92.918,100,100
92.9168,100,100
92.9155,100,100
92.9143,100,100
92.913,100,100
92.9118,100,100
92.9105,100,100
92.9093,100,100
92.908,100,100
92.9068,100,100
92.9055,100,100
92.9043,100,100
92.903,100,100
92.9018,100,100
92.9005,100,100
92.8992,100,100
92.898,100,100
92.8967,100,100
92.8955,100,100
92.8942,100,100
92.893,100,100
92.8917,100,100
92.8905,100,100
92.8892,100,100
92.888,100,100
92.8867,100,100
92.8855,100,100
92.8842,100,100
92.883,100,100
92.8817,100,100
92.8805,100,100
92.8792,100,100
92.878,100,100
92.8767,100,100
92.8755,100,100
92.8742,100,100
92.873,100,100
92.8717,100,100
92.8705,100,100
92.8692,100,100
92.868,100,100
92.8667,100,100
92.8655,100,100
92.8642,100,100
92.8629,100,100
92.8617,100,100
92.8604,100,100
92.8592,100,100
92.8579,100,100
92.8567,100,100
92.8554,100,100
92.8542,100,100
92.8529,100,100
92.8517,100,100
92.8504,100,100
92.8492,100,100
92.8479,100,100
92.8467,100,100
92.8454,100,100
92.8442,100,100
92.8429,100,100
92.8417,100,100
92.8404,100,100
92.8392,100,100
92.8379,100,100
92.8367,100,100
92.8354,100,100
92.8342,100,100
92.8329,100,100
92.8317,100,100
92.8304,100,100
92.8291,100,100
92.8279,100,100
92.8266,100,100
92.8254,100,100
92.8241,100,100
92.8229,100,100
92.8216,100,100
92.8204,100,100
92.8191,100,100
92.8179,100,100
92.8166,100,100
92.8154,100,100
92.8141,100,100
92.8129,100,100
92.8116,100,100
92.8104,100,100
92.8091,100,100
92.8079,100,100
92.8066,100,100
92.8054,100,100
92.8041,100,100
92.8029,100,100
92.8016,100,100
92.8004,100,100
92.7991,100,100
92.7979,100,100
92.7966,100,100
92.7954,100,100
92.7941,100,100
92.7929,100,100
92.7916,100,100
92.7904,100,100
92.7891,100,100
92.7879,100,100
92.7866,100,100
92.7854,100,100
92.7841,100,100
92.7829,100,100
92.7816,100,100
92.7804,100,100
92.7791,100,100
92.7779,100,100
92.7766,100,100
92.7754,100,100
92.7741,100,100
92.7729,100,100
92.7716,100,100
92.7704,100,100
92.7691,100,100
92.7679,100,100
92.7666,100,100
92.7654,100,100
92.7641,100,100
92.7629,100,100
92.7616,100,100
92.7604,100,100
92.7591,100,100
92.7579,100,100
92.7566,100,100
92.7553,100,100
92.7541,100,100
92.7528,100,100
92.7516,100,100
92.7503,100,100
92.7491,100,100
92.7478,100,100
92.7466,100,100
92.7453,100,100
92.7441,100,100
92.7428,100,100
92.7416,100,100
92.7403,100,100
92.7391,100,100
92.7378,100,100
92.7366,100,100
92.7353,100,100
92.7341,100,100
92.7328,100,100
92.7316,100,100
92.7303,100,100
92.7291,100,100
92.7278,100,100
92.7266,100,100
92.7253,100,100
92.7241,100,100
92.7228,100,100
92.7216,100,100
92.7203,100,100
92.7191,100,100
92.7178,100,100
92.7166,100,100
92.7153,100,100
92.7141,100,100
92.7128,100,100
92.7116,100,100
92.7103,100,100
92.7091,100,100
92.7078,100,100
92.7066,100,100
92.7053,100,100
92.7041,100,100
92.7028,100,100
92.7016,100,100
92.7003,100,100
92.6991,100,100
92.6978,100,100
92.6965,100,100
92.6953,100,100
92.694,100,100
92.6927,100,100
92.6915,100,100
92.6902,100,100
92.6889,100,100
92.6877,100,100
92.6864,100,100
92.6851,100,100
92.6839,100,100
92.6826,100,100
92.6813,100,100
92.6801,100,100
92.6788,100,100
92.6775,100,100
92.6763,100,100
92.675,100,100
92.6737,100,100
92.6725,100,100
92.6712,100,100
92.6699,100,100
92.6686,100,100
92.6674,100,100
92.6661,100,100
92.6648,100,100
92.6636,100,100
92.6623,100,100
92.661,100,100
92.6598,100,100
92.6585,100,100
92.6572,100,100
92.656,100,100
92.6547,100,100
92.6534,100,100
92.6522,100,100
92.6509,100,100
92.6496,100,100
92.6484,100,100
92.6471,100,100
92.6458,100,100
92.6446,100,100
92.6433,100,100
92.642,100,100
92.6408,100,100
92.6395,100,100
92.6382,100,100
92.637,100,100
92.6357,100,100
92.6344,100,100
92.6332,100,100
92.6319,100,100
92.6306,100,100
92.6294,100,100
92.6281,100,100
92.6268,100,100
92.6256,100,100
92.6243,100,100
92.623,100,100
92.6218,100,100
92.6205,100,100
92.6192,100,100
92.618,100,100
92.6167,100,100
92.6154,100,100
92.6142,100,100
92.6129,100,100
92.6116,100,100
92.6104,100,100
92.6091,100,100
92.6078,100,100
92.6066,100,100
92.6053,100,100
92.604,100,100
92.6028,100,100
92.6015,100,100
92.6002,100,100
92.599,100,100
92.5977,100,100
92.5964,100,100
92.5952,100,100
92.5939,100,100
92.5926,100,100
92.5914,100,100
92.5901,100,100
92.5888,100,100
92.5876,100,100
92.5863,100,100
92.585,100,100
92.5838,100,100
92.5825,100,100
92.5812,100,100
92.58,100,100
92.5787,100,100
92.5774,100,100
92.5762,100,100
92.5749,100,100
92.5736,100,100
92.5724,100,100
92.5711,100,100
92.5699,100,100
92.5686,100,100
92.5673,100,100
92.5661,100,100
92.5648,100,100
92.5635,100,100
92.5623,100,100
92.561,100,100
92.5597,100,100
92.5585,100,100
92.5572,100,100
92.556,100,100
92.5547,100,100
92.5534,100,100
92.5522,100,100
92.5509,100,100
92.5496,100,100
92.5484,100,100
92.5471,100,100
92.5459,100,100
92.5446,100,100
92.5433,100,100
92.5421,100,100
92.5408,100,100
92.5395,100,100
92.5383,100,100
92.537,100,100
92.5358,100,100
92.5345,100,100
92.5332,100,100
92.532,100,100
92.5307,100,100
92.5294,100,100
92.5282,100,100
92.5269,100,100
92.5256,100,100
92.5244,100,100
92.5231,100,100
92.5219,100,100
92.5206,100,100
92.5193,100,100
92.5181,100,100
92.5168,100,100
92.5155,100,100
92.5143,100,100
92.513,100,100
92.5118,100,100
92.5105,100,100
92.5092,100,100
92.508,100,100
92.5067,100,100
92.5054,100,100
92.5042,100,100
92.5029,100,100
92.5017,100,100
92.5004,100,100
92.4991,100,100
92.4979,100,100
92.4966,100,100
92.4953,100,100
92.4941,100,100
92.4928,100,100
92.4916,100,100
92.4903,100,100
92.489,100,100
92.4878,100,100
92.4865,100,100
92.4852,100,100
92.484,100,100
92.4827,100,100
92.4814,100,100
92.4802,100,100
92.4789,100,100
92.4777,100,100
92.4764,100,100
92.4751,100,100
92.4739,100,100
92.4726,100,100
92.4713,100,100
92.4701,100,100
92.4688,100,100
92.4676,100,100
92.4663,100,100
92.465,100,100
92.4638,100,100
92.4625,100,100
92.4612,100,100
92.46,100,100
92.4587,100,100
92.4575,100,100
92.4562,100,100
92.4549,100,100
92.4537,100,100
92.4524,100,100
92.4511,100,100
92.4499,100,100
92.4486,100,100
92.4474,100,100
92.4461,100,100
92.4449,100,100
92.4436,100,100
92.4424,100,100
92.4411,100,100
92.4399,100,100
92.4386,100,100
92.4374,100,100
92.4361,100,100
92.4349,100,100
92.4336,100,100
92.4324,100,100
92.4312,100,100
92.4299,100,100
92.4287,100,100
92.4274,100,100
92.4262,100,100
92.4249,100,100
92.4237,100,100
92.4224,100,100
92.4212,100,100
92.4199,100,100
92.4187,100,100
92.4175,100,100
92.4162,100,100
92.415,100,100
92.4137,100,100
92.4125,100,100
92.4112,100,100
92.41,100,100
92.4087,100,100
92.4075,100,100
92.4062,100,100
92.405,100,100
92.4037,100,100
92.4025,100,100
92.4013,100,100
92.4,100,100
92.3988,100,100
92.3975,100,100
92.3963,100,100
92.395,100,100
92.3938,100,100
92.3925,100,100
92.3913,100,100
92.39,100,100
92.3888,100,100
92.3876,100,100
92.3863,100,100
92.3851,100,100
92.3838,100,100
92.3826,100,100
92.3813,100,100
92.3801,100,100
92.3788,100,100
92.3776,100,100
92.3763,100,100
92.3751,100,100
92.3739,100,100
92.3726,100,100
92.3714,100,100
92.3701,100,100
92.3689,100,100
92.3676,100,100
92.3664,100,100
92.3651,100,100
92.3639,100,100
92.3626,100,100
92.3614,100,100
92.3601,100,100
92.3589,100,100
92.3577,100,100
92.3564,100,100
92.3552,100,100
92.3539,100,100
92.3527,100,100
92.3514,100,100
92.3502,100,100
92.3489,100,100
92.3477,100,100
92.3464,100,100
92.3452,100,100
92.344,100,100
92.3427,100,100
92.3415,100,100
92.3402,100,100
92.339,100,100
92.3377,100,100
92.3365,100,100
92.3352,100,100
92.334,100,100
92.3327,100,100
92.3315,100,100
92.3302,100,100
92.329,100,100
92.3278,100,100
92.3265,100,100
92.3253,100,100
92.324,100,100
92.3228,100,100
92.3215,100,100
92.3203,100,100
92.3191,100,100
92.3179,100,100
92.3166,100,100
92.3154,100,100
92.3142,100,100
92.3129,100,100
92.3117,100,100
92.3105,100,100
92.3092,100,100
92.308,100,100
92.3068,100,100
92.3055,100,100
92.3043,100,100
92.3031,100,100
92.3019,100,100
92.3006,100,100
92.2994,100,100
92.2982,100,100
92.2969,100,100
92.2957,100,100
92.2945,100,100
92.2932,100,100
92.292,100,100
92.2908,100,100
92.2895,100,100
92.2883,100,100
92.2871,100,100
92.2858,100,100
92.2846,100,100
92.2834,100,100
92.2822,100,100
92.2809,100,100
92.2797,100,100
92.2785,100,100
92.2772,100,100
92.276,100,100
92.2748,100,100
92.2735,100,100
92.2723,100,100
92.2711,100,100
92.2698,100,100
92.2686,100,100
92.2674,100,100
92.2662,100,100
92.2649,100,100
92.2637,100,100
92.2625,100,100
92.2612,100,100
92.26,100,100
92.2588,100,100
92.2575,100,100
92.2563,100,100
92.2551,100,100
92.2538,100,100
92.2526,100,100
92.2514,100,100
92.2501,100,100
92.2489,100,100
92.2477,100,100
92.2465,100,100
92.2452,100,100
92.244,100,100
92.2428,100,100
92.2415,100,100
92.2403,100,100
92.2391,100,100
92.2378,100,100
92.2366,100,100
92.2354,100,100
92.2341,100,100
92.2329,100,100
92.2317,100,100
92.2305,100,100
92.2292,100,100
92.228,100,100
92.2268,100,100
92.2255,100,100
92.2243,100,100
92.2231,100,100
92.2218,100,100
92.2206,100,100
92.2194,100,100
92.2181,100,100
92.2169,100,100
92.2157,100,100
92.2144,100,100
92.2132,100,100
92.212,100,100
92.2108,100,100
92.2095,100,100
92.2083,100,100
92.2071,100,100
92.2058,100,100
92.2046,100,100
92.2034,100,100
92.2021,100,100
92.2009,100,100
92.1997,100,100
92.1985,100,100
92.1972,100,100
92.196,100,100
92.1948,100,100
92.1936,100,100
92.1924,100,100
92.1911,100,100
92.1899,100,100
92.1887,100,100
92.1875,100,100
92.1863,100,100
92.185,100,100
92.1838,100,100
92.1826,100,100
92.1814,100,100
92.1802,100,100
92.179,100,100
92.1777,100,100
92.1765,100,100
92.1753,100,100
92.1741,100,100
92.1729,100,100
92.1716,100,100
92.1704,100,100
92.1692,100,100
92.168,100,100
92.1668,100,100
92.1655,100,100
92.1643,100,100
92.1631,100,100
92.1619,100,100
92.1607,100,100
92.1594,100,100
92.1582,100,100
92.157,100,100
92.1558,100,100
92.1546,100,100
92.1533,100,100
92.1521,100,100
92.1509,100,100
92.1497,100,100
92.1485,100,100
92.1473,100,100
92.146,100,100
92.1448,100,100
92.1436,100,100
92.1424,100,100
92.1412,100,100
92.1399,100,100
92.1387,100,100
92.1375,100,100
92.1363,100,100
92.1351,100,100
92.1338,100,100
92.1326,100,100
92.1314,100,100
92.1302,100,100
92.129,100,100
92.1277,100,100
92.1265,100,100
92.1253,100,100
92.1241,100,100
92.1229,100,100
92.1216,100,100
92.1204,100,100
92.1192,100,100
92.118,100,100
92.1168,100,100
92.1156,100,100
92.1143,100,100
92.1131,100,100
92.1119,100,100
92.1107,100,100
92.1095,100,100
92.1082,100,100
92.107,100,100
92.1058,100,100
92.1046,100,100
92.1034,100,100
92.1021,100,100
92.1009,100,100
92.0997,100,100
92.0985,100,100
92.0973,100,100
92.096,100,100
92.0948,100,100
92.0936,100,100
92.0924,100,100
92.0912,100,100
92.09,100,100
92.0887,100,100
92.0875,100,100
92.0863,100,100
92.0851,100,100
92.0839,100,100
92.0826,100,100
92.0814,100,100
92.0802,100,100
92.079,100,100
92.0778,100,100
92.0766,100,100
92.0753,100,100
92.0741,100,100
92.0729,100,100
92.0717,100,100
92.0705,100,100
92.0693,100,100
92.0681,100,100
92.0669,100,100
92.0657,100,100
92.0645,100,100
92.0632,100,100
92.062,100,100
92.0608,100,100
92.0596,100,100
92.0584,100,100
92.0572,100,100
92.056,100,100
92.0548,100,100
92.0536,100,100
92.0524,100,100
92.0511,100,100
92.0499,100,100
92.0487,100,100
92.0475,100,100
92.0463,100,100
92.0451,100,100
92.0439,100,100
92.0427,100,100
92.0415,100,100
92.0403,100,100
92.039,100,100
92.0378,100,100
92.0366,100,100
92.0354,100,100
92.0342,100,100
92.033,100,100
92.0318,100,100
92.0306,100,100
92.0294,100,100
92.0282,100,100
92.027,100,100
92.0257,100,100
92.0245,100,100
92.0233,100,100
92.0221,100,100
92.0209,100,100
92.0197,100,100
92.0185,100,100
92.0173,100,100
92.0161,100,100
92.0149,100,100
92.0136,100,100
92.0124,100,100
92.0112,100,100
92.01,100,100
92.0088,100,100
92.0076,100,100
92.0064,100,100
92.0052,100,100
92.004,100,100
92.0028,100,100
92.0015,100,100
92.0003,100,100
91.9991,100,100
91.9979,100,100
91.9967,100,100
91.9955,100,100
91.9943,100,100
91.9931,100,100
91.9919,100,100
91.9907,100,100
91.9894,100,100
91.9882,100,100
91.987,100,100
91.9858,100,100
91.9846,100,100
91.9834,100,100
91.9822,100,100
91.981,100,100
91.9798,100,100
91.9786,100,100
91.9773,100,100
91.9761,100,100
91.9749,100,100
91.9737,100,100
91.9725,100,100
91.9713,100,100
91.9701,100,100
91.9689,100,100
91.9677,100,100
91.9665,100,100
91.9653,100,100
91.964,100,100
91.9628,100,100
91.9616,100,100
91.9604,100,100
91.9592,100,100
91.958,100,100
91.9568,100,100
91.9556,100,100
91.9544,100,100
91.9532,100,100
91.952,100,100
91.9508,100,100
91.9496,100,100
91.9484,100,100
91.9472,100,100
91.946,100,100
91.9448,100,100
91.9436,100,100
91.9424,100,100
91.9412,100,100
91.94,100,100
91.9388,100,100
91.9376,100,100
91.9364,100,100
91.9352,100,100
91.934,100,100
91.9328,100,100
91.9316,100,100
91.9303,100,100
91.9291,100,100
91.9279,100,100
91.9267,100,100
91.9255,100,100
91.9243,100,100
91.9231,100,100
91.9219,100,100
91.9207,100,100
91.9195,100,100
91.9183,100,100
91.9171,100,100
91.9159,100,100
91.9147,100,100
91.9135,100,100
91.9123,100,100
91.9111,100,100
91.9099,100,100
91.9087,100,100
91.9075,100,100
91.9063,100,100
91.9051,100,100
91.9039,100,100
91.9027,100,100
91.9015,100,100
91.9003,100,100
91.8991,100,100
91.8979,100,100
91.8967,100,100
91.8955,100,100
91.8943,100,100
91.8931,100,100
91.8919,100,100
91.8907,100,100
91.8895,100,100
91.8883,100,100
91.8871,100,100
91.8859,100,100
91.8847,100,100
91.8835,100,100
91.8823,100,100
91.8811,100,100
91.8799,100,100
91.8787,100,100
91.8775,100,100
91.8763,100,100
91.8751,100,100
91.8739,100,100
91.8727,100,100
91.8715,100,100
91.8703,100,100
91.8691,100,100
91.8679,100,100
91.8667,100,100
91.8655,100,100
91.8643,100,100
91.8631,100,100
91.8619,100,100
91.8607,100,100
91.8595,100,100
91.8583,100,100
91.857,100,100
91.8558,100,100
91.8546,100,100
91.8534,100,100
91.8522,100,100
91.851,100,100
91.8498,100,100
91.8486,100,100
91.8474,100,100
91.8462,100,100
91.845,100,100
91.8438,100,100
91.8426,100,100
91.8414,100,100
91.8402,100,100
91.839,100,100
91.8378,100,100
91.8366,100,100
91.8354,100,100
91.8342,100,100
91.833,100,100
91.8318,100,100
91.8306,100,100
91.8294,100,100
91.8282,100,100
91.827,100,100
91.8258,100,100
91.8246,100,100
91.8234,100,100
91.8222,100,100
91.821,100,100
91.8198,100,100
91.8186,100,100
91.8174,100,100
91.8162,100,100
91.8151,100,100
91.8139,100,100
91.8127,100,100
91.8115,100,100
91.8103,100,100
91.8091,100,100
91.8079,100,100
91.8067,100,100
91.8055,100,100
91.8043,100,100
91.8031,100,100
91.8019,100,100
91.8007,100,100
91.7995,100,100
91.7983,100,100
91.7971,100,100
91.7959,100,100
91.7947,100,100
91.7935,100,100
91.7923,100,100
91.7911,100,100
91.7899,100,100
91.7887,100,100
91.7875,100,100
91.7863,100,100
91.7851,100,100
91.7839,100,100
91.7827,100,100
91.7815,100,100
91.7803,100,100
91.7791,100,100
91.7779,100,100
91.7767,100,100
91.7755,100,100
91.7743,100,100
91.7731,100,100
91.7719,100,100
91.7707,100,100
91.7695,100,100
91.7683,100,100
91.7671,100,100
91.7659,100,100
91.7647,100,100
91.7635,100,100
91.7623,100,100
91.7611,100,100
91.7599,100,100
91.7587,100,100
91.7575,100,100
91.7563,100,100
91.7551,100,100
91.7539,100,100
91.7527,100,100
91.7515,100,100
91.7503,100,100
91.7491,100,100
91.7479,100,100
91.7467,100,100
91.7455,100,100
91.7443,100,100
91.7431,100,100
91.7419,100,100
91.7407,100,100
91.7395,100,100
91.7383,100,100
91.7372,100,100
91.736,100,100
91.7348,100,100
91.7336,100,100
91.7324,100,100
91.7312,100,100
91.73,100,100
91.7288,100,100
91.7276,100,100
91.7264,100,100
91.7252,100,100
91.724,100,100
91.7228,100,100
91.7216,100,100
91.7204,100,100
91.7192,100,100
91.718,100,100
91.7168,100,100
91.7157,100,100
91.7145,100,100
91.7134,100,100
91.7123,100,100
91.7112,100,100
91.71,100,100
91.7089,100,100
91.7078,100,100
91.7067,100,100
91.7055,100,100
91.7044,100,100
91.7033,100,100
91.7022,100,100
91.701,100,100
91.6999,100,100
91.6988,100,100
91.6976,100,100
91.6965,100,100
91.6954,100,100
91.6943,100,100
91.6931,100,100
91.692,100,100
91.6909,100,100
91.6898,100,100
91.6886,100,100
91.6875,100,100
91.6864,100,100
91.6853,100,100
91.6841,100,100
91.683,100,100
91.6819,100,100
91.6808,100,100
91.6796,100,100
91.6785,100,100
91.6774,100,100
91.6763,100,100
91.6751,100,100
91.674,100,100
91.6729,100,100
91.6718,100,100
91.6706,100,100
91.6695,100,100
91.6684,100,100
91.6672,100,100
91.6661,100,100
91.665,100,100
91.6639,100,100
91.6627,100,100
91.6616,100,100
91.6605,100,100
91.6594,100,100
91.6582,100,100
91.6571,100,100
91.656,100,100
91.6549,100,100
91.6537,100,100
91.6526,100,100
91.6515,100,100
91.6504,100,100
91.6492,100,100
91.6481,100,100
91.647,100,100
91.6459,100,100
91.6447,100,100
91.6436,100,100
91.6425,100,100
91.6414,100,100
91.6402,100,100
91.6391,100,100
91.638,100,100
91.6368,100,100
91.6357,100,100
91.6346,100,100
91.6335,100,100
91.6323,100,100
91.6312,100,100
91.6301,100,100
91.629,100,100
91.6278,100,100
91.6267,100,100
91.6256,100,100
91.6245,100,100
91.6233,100,100
91.6222,100,100
91.6211,100,100
91.62,100,100
91.6188,100,100
91.6177,100,100
91.6166,100,100
91.6155,100,100
91.6143,100,100
91.6132,100,100
91.6121,100,100
91.611,100,100
91.6098,100,100
91.6087,100,100
91.6076,100,100
91.6064,100,100
91.6053,100,100
91.6042,100,100
91.6032,100,100
91.6022,100,100
91.6012,100,100
91.6002,100,100
91.5992,100,100
91.5982,100,100
91.5971,100,100
91.5961,100,100
91.5951,100,100
91.5941,100,100
91.5931,100,100
91.5921,100,100
91.5911,100,100
91.5901,100,100
91.5891,100,100
91.5881,100,100
91.587,100,100
91.586,100,100
91.585,100,100
91.584,100,100
91.583,100,100
91.582,100,100
91.581,100,100
91.58,100,100
91.579,100,100
91.578,100,100
91.5769,100,100
91.5759,100,100
91.5749,100,100
91.5739,100,100
91.5729,100,100
91.5719,100,100
91.5709,100,100
91.5699,100,100
91.5689,100,100
91.5679,100,100
91.5668,100,100
91.5658,100,100
91.5648,100,100
91.5638,100,100
91.5628,100,100
91.5618,100,100
91.5608,100,100
91.5598,100,100
91.5588,100,100
91.5578,100,100
91.5567,100,100
91.5557,100,100
91.5547,100,100
91.5537,100,100
91.5527,100,100
91.5517,100,100
91.5507,100,100
91.5497,100,100
91.5487,100,100
91.5477,100,100
91.5466,100,100
91.5456,100,100
91.5446,100,100
91.5436,100,100
91.5426,100,100
91.5416,100,100
91.5406,100,100
91.5396,100,100
91.5386,100,100
91.5376,100,100
91.5365,100,100
91.5355,100,100
91.5345,100,100
91.5335,100,100
91.5325,100,100
91.5315,100,100
91.5305,100,100
91.5295,100,100
91.5285,100,100
91.5274,100,100
91.5264,100,100
91.5254,100,100
91.5244,100,100
91.5234,100,100
91.5224,100,100
91.5214,100,100
91.5204,100,100
91.5194,100,100
91.5184,100,100
91.5173,100,100
91.5163,100,100
91.5153,100,100
91.5143,100,100
91.5133,100,100
91.5123,100,100
91.5113,100,100
91.5103,100,100
91.5093,100,100
91.5083,100,100
91.5072,100,100
91.5062,100,100
91.5052,100,100
91.5042,100,100
91.5032,100,100
91.5023,100,100
91.5014,100,100
91.5006,100,100
91.4997,100,100
91.4988,100,100
91.4979,100,100
91.497,100,100
91.4961,100,100
91.4952,100,100
91.4943,100,100
91.4934,100,100
91.4926,100,100
91.4917,100,100
91.4908,100,100
91.4899,100,100
91.489,100,100
91.4881,100,100
91.4872,100,100
91.4863,100,100
91.4854,100,100
91.4846,100,100
91.4837,100,100
91.4828,100,100
91.4819,100,100
91.481,100,100
91.4801,100,100
91.4792,100,100
91.4783,100,100
91.4774,100,100
91.4766,100,100
91.4757,100,100
91.4748,100,100
91.4739,100,100
91.473,100,100
91.4721,100,100
91.4712,100,100
91.4703,100,100
91.4694,100,100
91.4686,100,100
91.4677,100,100
91.4668,100,100
91.4659,100,100
91.465,100,100
91.4641,100,100
91.4632,100,100
91.4623,100,100
91.4614,100,100
91.4606,100,100
91.4597,100,100
91.4588,100,100
91.4579,100,100
91.457,100,100
91.4561,100,100
91.4552,100,100
91.4543,100,100
91.4534,100,100
91.4525,100,100
91.4517,100,100
91.4508,100,100
91.4499,100,100
91.449,100,100
91.4481,100,100
91.4472,100,100
91.4463,100,100
91.4454,100,100
91.4445,100,100
91.4437,100,100
91.4428,100,100
91.4419,100,100
91.441,100,100
91.4401,100,100
91.4392,100,100
91.4383,100,100
91.4374,100,100
91.4365,100,100
91.4357,100,100
91.4348,100,100
91.4339,100,100
91.433,100,100
91.4321,100,100
91.4312,100,100
91.4303,100,100
91.4294,100,100
91.4285,100,100
91.4277,100,100
91.4268,100,100
91.4259,100,100
91.425,100,100
91.4241,100,100
91.4232,100,100
91.4223,100,100
91.4214,100,100
91.4205,100,100
91.4197,100,100
91.4188,100,100
91.4179,100,100
91.417,100,100
91.4161,100,100
91.4152,100,100
91.4143,100,100
91.4135,100,100
91.4128,100,100
91.412,100,100
91.4112,100,100
91.4104,100,100
91.4096,100,100
91.4088,100,100
91.408,100,100
91.4072,100,100
91.4064,100,100
91.4057,100,100
91.4049,100,100
91.4041,100,100
91.4033,100,100
91.4025,100,100
91.4017,100,100
91.4009,100,100
91.4001,100,100
91.3993,100,100
91.3985,100,100
91.3978,100,100
91.397,100,100
91.3962,100,100
91.3954,100,100
91.3946,100,100
91.3938,100,100
91.393,100,100
91.3922,100,100
91.3914,100,100
91.3907,100,100
91.3899,100,100
91.3891,100,100
91.3883,100,100
91.3875,100,100
91.3867,100,100
91.3859,100,100
91.3851,100,100
91.3843,100,100
91.3836,100,100
91.3828,100,100
91.382,100,100
91.3812,100,100
91.3804,100,100
91.3796,100,100
91.3788,100,100
91.378,100,100
91.3772,100,100
91.3764,100,100
91.3757,100,100
91.3749,100,100
91.3741,100,100
91.3733,100,100
91.3725,100,100
91.3717,100,100
91.3709,100,100
91.3701,100,100
91.3693,100,100
91.3686,100,100
91.3678,100,100
91.367,100,100
91.3662,100,100
91.3654,100,100
91.3646,100,100
91.3638,100,100
91.363,100,100
91.3622,100,100
91.3615,100,100
91.3607,100,100
91.3599,100,100
91.3591,100,100
91.3583,100,100
91.3575,100,100
91.3567,100,100
91.3559,100,100
91.3551,100,100
91.3544,100,100
91.3536,100,100
91.3528,100,100
91.352,100,100
91.3512,100,100
91.3504,100,100
91.3496,100,100
91.3488,100,100
91.348,100,100
91.3472,100,100
91.3465,100,100
91.3457,100,100
91.3449,100,100
91.3441,100,100
91.3433,100,100
91.3425,100,100
91.3417,100,100
91.3409,100,100
91.3401,100,100
91.3394,100,100
91.3386,100,100
91.3378,100,100
91.337,100,100
91.3362,100,100
91.3354,100,100
91.3347,100,100
91.334,100,100
91.3333,100,100
91.3326,100,100
91.3319,100,100
91.3312,100,100
91.3305,100,100
91.3298,100,100
91.3291,100,100
91.3283,100,100
91.3276,100,100
91.3269,100,100
91.3262,100,100
91.3255,100,100
91.3248,100,100
91.3241,100,100
91.3234,100,100
91.3227,100,100
91.322,100,100
91.3213,100,100
91.3206,100,100
91.3199,100,100
91.3191,100,100
91.3184,100,100
91.3177,100,100
91.317,100,100
91.3163,100,100
91.3156,100,100
91.3149,100,100
91.3142,100,100
91.3135,100,100
91.3128,100,100
91.3121,100,100
91.3114,100,100
91.3107,100,100
91.31,100,100
91.3092,100,100
91.3085,100,100
91.3078,100,100
91.3071,100,100
91.3064,100,100
91.3057,100,100
91.305,100,100
91.3043,100,100
91.3036,100,100
91.3029,100,100
91.3022,100,100
91.3015,100,100
91.3008,100,100
91.3,100,100
91.2993,100,100
91.2986,100,100
91.2979,100,100
91.2972,100,100
91.2965,100,100
91.2958,100,100
91.2951,100,100
91.2944,100,100
91.2937,100,100
91.293,100,100
91.2923,100,100
91.2916,100,100
91.2908,100,100
91.2901,100,100
91.2894,100,100
91.2887,100,100
91.288,100,100
91.2873,100,100
91.2866,100,100
91.2859,100,100
91.2852,100,100
91.2845,100,100
91.2838,100,100
91.2831,100,100
91.2824,100,100
91.2816,100,100
91.2809,100,100
91.2802,100,100
91.2795,100,100
91.2788,100,100
91.2781,100,100
91.2774,100,100
91.2767,100,100
91.276,100,100
91.2753,100,100
91.2746,100,100
91.2739,100,100
91.2732,100,100
91.2724,100,100
91.2717,100,100
91.271,100,100
91.2703,100,100
91.2696,100,100
91.2689,100,100
91.2682,100,100
91.2675,100,100
91.2668,100,100
91.2661,100,100
91.2654,100,100
91.2647,100,100
91.264,100,100
91.2634,100,100
91.2627,100,100
91.2621,100,100
91.2615,100,100
91.2608,100,100
91.2602,100,100
91.2595,100,100
91.2589,100,100
91.2582,100,100
91.2576,100,100
91.257,100,100
91.2563,100,100
91.2557,100,100
91.255,100,100
91.2544,100,100
91.2537,100,100
91.2531,100,100
91.2525,100,100
91.2518,100,100
91.2512,100,100
91.2505,100,100
91.2499,100,100
91.2492,100,100
91.2486,100,100
91.248,100,100
91.2473,100,100
91.2467,100,100
91.246,100,100
91.2454,100,100
91.2447,100,100
91.2441,100,100
91.2434,100,100
91.2428,100,100
91.2422,100,100
91.2415,100,100
91.2409,100,100
91.2402,100,100
91.2396,100,100
91.2389,100,100
91.2383,100,100
91.2377,100,100
91.237,100,100
91.2364,100,100
91.2357,100,100
91.2351,100,100
91.2344,100,100
91.2338,100,100
91.2332,100,100
91.2325,100,100
91.2319,100,100
91.2312,100,100
91.2306,100,100
91.2299,100,100
91.2293,100,100
91.2287,100,100
91.228,100,100
91.2274,100,100
91.2267,100,100
91.2261,100,100
91.2254,100,100
91.2248,100,100
91.2242,100,100
91.2235,100,100
91.2229,100,100
91.2222,100,100
91.2216,100,100
91.2209,100,100
91.2203,100,100
91.2197,100,100
91.219,100,100
91.2184,100,100
91.2177,100,100
91.2171,100,100
91.2164,100,100
91.2158,100,100
91.2151,100,100
91.2145,100,100
91.2139,100,100
91.2132,100,100
91.2126,100,100
91.2119,100,100
91.2113,100,100
91.2106,100,100
91.21,100,100
91.2094,100,100
91.2087,100,100
91.2081,100,100
91.2074,100,100
91.2068,100,100
91.2061,100,100
91.2055,100,100
91.2049,100,100
91.2042,100,100
91.2036,100,100
91.2029,100,100
91.2023,100,100
91.2016,100,100
91.201,100,100
91.2004,100,100
91.1998,100,100
91.1992,100,100
91.1986,100,100
91.198,100,100
91.1974,100,100
91.1968,100,100
91.1962,100,100
91.1956,100,100
91.195,100,100
91.1944,100,100
91.1938,100,100
91.1932,100,100
91.1926,100,100
91.192,100,100
91.1914,100,100
91.1908,100,100
91.1902,100,100
91.1896,100,100
91.189,100,100
91.1884,100,100
91.1878,100,100
91.1872,100,100
91.1866,100,100
91.186,100,100
91.1854,100,100
91.1848,100,100
91.1842,100,100
91.1836,100,100
91.183,100,100
91.1824,100,100
91.1818,100,100
91.1812,100,100
91.1806,100,100
91.18,100,100
91.1794,100,100
91.1788,100,100
91.1782,100,100
91.1776,100,100
91.177,100,100
91.1764,100,100
91.1758,100,100
91.1752,100,100
91.1746,100,100
91.174,100,100
91.1734,100,100
91.1728,100,100
91.1722,100,100
91.1716,100,100
91.171,100,100
91.1704,100,100
91.1698,100,100
91.1692,100,100
91.1686,100,100
91.168,100,100
91.1674,100,100
91.1668,100,100
91.1662,100,100
91.1656,100,100
91.165,100,100
91.1644,100,100
91.1638,100,100
91.1632,100,100
91.1626,100,100
91.162,100,100
91.1614,100,100
91.1608,100,100
91.1602,100,100
91.1596,100,100
91.159,100,100
91.1584,100,100
91.1578,100,100
91.1572,100,100
91.1566,100,100
91.156,100,100
91.1554,100,100
91.1549,100,100
91.1543,100,100
91.1537,100,100
91.1531,100,100
91.1525,100,100
91.1519,100,100
91.1513,100,100
91.1507,100,100
91.1501,100,100
91.1495,100,100
91.1489,100,100
91.1483,100,100
91.1477,100,100
91.1471,100,100
91.1465,100,100
91.1459,100,100
91.1453,100,100
91.1447,100,100
91.1441,100,100
91.1435,100,100
91.1429,100,100
91.1423,100,100
91.1417,100,100
91.1411,100,100
91.1405,100,100
91.1399,100,100
91.1394,100,100
91.1388,100,100
91.1382,100,100
91.1377,100,100
91.1371,100,100
91.1365,100,100
91.136,100,100
91.1354,100,100
91.1348,100,100
91.1343,100,100
91.1337,100,100
91.1332,100,100
91.1326,100,100
91.132,100,100
91.1315,100,100
91.1309,100,100
91.1303,100,100
91.1298,100,100
91.1292,100,100
91.1286,100,100
91.1281,100,100
91.1275,100,100
91.127,100,100
91.1264,100,100
91.1258,100,100
91.1253,100,100
91.1247,100,100
91.1241,100,100
91.1236,100,100
91.123,100,100
91.1224,100,100
91.1219,100,100
91.1213,100,100
91.1208,100,100
91.1202,100,100
91.1196,100,100
91.1191,100,100
91.1185,100,100
91.1179,100,100
91.1174,100,100
91.1168,100,100
91.1162,100,100
91.1157,100,100
91.1151,100,100
91.1146,100,100
91.114,100,100
91.1134,100,100
91.1129,100,100
91.1123,100,100
91.1117,100,100
91.1112,100,100
91.1106,100,100
91.11,100,100
91.1095,100,100
91.1089,100,100
91.1084,100,100
91.1078,100,100
91.1072,100,100
91.1067,100,100
91.1061,100,100
91.1055,100,100
91.105,100,100
91.1044,100,100
91.1038,100,100
91.1033,100,100
91.1027,100,100
91.1022,100,100
91.1016,100,100
91.101,100,100
91.1005,100,100
91.0999,100,100
91.0993,100,100
91.0988,100,100
91.0982,100,100
91.0976,100,100
91.0971,100,100
91.0965,100,100
91.096,100,100
91.0954,100,100
91.0948,100,100
91.0943,100,100
91.0937,100,100
91.0931,100,100
91.0926,100,100
91.092,100,100
91.0914,100,100
91.0909,100,100
91.0903,100,100
91.0897,100,100
91.0892,100,100
91.0886,100,100
91.0881,100,100
91.0875,100,100
91.0869,100,100
91.0864,100,100
91.0858,100,100
91.0852,100,100
91.0847,100,100
91.0841,100,100
91.0836,100,100
91.0831,100,100
91.0825,100,100
91.082,100,100
91.0815,100,100
91.0809,100,100
91.0804,100,100
91.0799,100,100
91.0793,100,100
91.0788,100,100
91.0783,100,100
91.0777,100,100
91.0772,100,100
91.0767,100,100
91.0761,100,100
91.0756,100,100
91.0751,100,100
91.0745,100,100
91.074,100,100
91.0735,100,100
91.0729,100,100
91.0724,100,100
91.0719,100,100
91.0713,100,100
91.0708,100,100
91.0703,100,100
91.0697,100,100
91.0692,100,100
91.0687,100,100
91.0681,100,100
91.0676,100,100
91.0671,100,100
91.0665,100,100
91.066,100,100
91.0655,100,100
91.0649,100,100
91.0644,100,100
91.0639,100,100
91.0633,100,100
91.0628,100,100
91.0623,100,100
91.0617,100,100
91.0612,100,100
91.0607,100,100
91.0601,100,100
91.0596,100,100
91.0591,100,100
91.0585,100,100
91.058,100,100
91.0575,100,100
91.0569,100,100
91.0564,100,100
91.0559,100,100
91.0553,100,100
91.0548,100,100
91.0543,100,100
91.0537,100,100
91.0532,100,100
91.0527,100,100
91.0521,100,100
91.0516,100,100
91.0511,100,100
91.0505,100,100
91.05,100,100
91.0495,100,100
91.0489,100,100
91.0484,100,100
91.0479,100,100
91.0473,100,100
91.0468,100,100
91.0463,100,100
91.0457,100,100
91.0452,100,100
91.0447,100,100
91.0441,100,100
91.0436,100,100
91.0431,100,100
91.0425,100,100
91.042,100,100
91.0415,100,100
91.0409,100,100
91.0404,100,100
91.0399,100,100
91.0393,100,100
91.0388,100,100
91.0383,100,100
91.0377,100,100
91.0372,100,100
91.0367,100,100
91.0361,100,100
91.0356,100,100
91.0351,100,100
91.0345,100,100
91.034,100,100
91.0335,100,100
91.0329,100,100
91.0324,100,100
91.0319,100,100
91.0313,100,100
91.0308,100,100
91.0303,100,100
91.0298,100,100
91.0293,100,100
91.0288,100,100
91.0282,100,100
91.0277,100,100
91.0272,100,100
91.0267,100,100
91.0262,100,100
91.0257,100,100
91.0252,100,100
91.0247,100,100
91.0242,100,100
91.0236,100,100
91.0231,100,100
91.0226,100,100
91.0221,100,100
91.0216,100,100
91.0211,100,100
91.0206,100,100
91.0201,100,100
91.0195,100,100
91.019,100,100
91.0185,100,100
91.018,100,100
91.0175,100,100
91.017,100,100
91.0165,100,100
91.016,100,100
91.0155,100,100
91.0149,100,100
91.0144,100,100
91.0139,100,100
91.0134,100,100
91.0129,100,100
91.0124,100,100
91.0119,100,100
91.0114,100,100
91.0108,100,100
91.0103,100,100
91.0098,100,100
91.0093,100,100
91.0088,100,100
91.0083,100,100
91.0078,100,100
91.0073,100,100
91.0068,100,100
91.0062,100,100
91.0057,100,100
91.0052,100,100
91.0047,100,100
91.0042,100,100
91.0037,100,100
91.0032,100,100
91.0027,100,100
91.0022,100,100
91.0016,100,100
91.0011,100,100
91.0006,100,100
91.0001,100,100
90.9996,100,100
90.9991,100,100
90.9986,100,100
90.9981,100,100
90.9975,100,100
90.997,100,100
90.9965,100,100
90.996,100,100
90.9955,100,100
90.995,100,100
90.9945,100,100
90.994,100,100
90.9935,100,100
90.9929,100,100
90.9924,100,100
90.9919,100,100
90.9914,100,100
90.9909,100,100
90.9904,100,100
90.9899,100,100
90.9894,100,100
90.9889,100,100
90.9883,100,100
90.9878,100,100
90.9873,100,100
90.9868,100,100
90.9863,100,100
90.9858,100,100
90.9853,100,100
90.9848,100,100
90.9842,100,100
90.9837,100,100
90.9832,100,100
90.9827,100,100
90.9822,100,100
90.9817,100,100
90.9812,100,100
90.9807,100,100
90.9802,100,100
90.9796,100,100
90.9792,100,100
90.9787,100,100
90.9782,100,100
90.9777,100,100
90.9772,100,100
90.9767,100,100
90.9762,100,100
90.9757,100,100
90.9752,100,100
90.9748,100,100
90.9743,100,100
90.9738,100,100
90.9733,100,100
90.9728,100,100
90.9723,100,100
90.9718,100,100
90.9713,100,100
90.9709,100,100
90.9704,100,100
90.9699,100,100
90.9694,100,100
90.9689,100,100
90.9684,100,100
90.9679,100,100
90.9674,100,100
90.9669,100,100
90.9665,100,100
90.966,100,100
90.9655,100,100
90.965,100,100
90.9645,100,100
90.964,100,100
90.9635,100,100
90.963,100,100
90.9625,100,100
90.9621,100,100
90.9616,100,100
90.9611,100,100
90.9606,100,100
90.9601,100,100
90.9596,100,100
90.9591,100,100
90.9586,100,100
90.9581,100,100
90.9577,100,100
90.9572,100,100
90.9567,100,100
90.9562,100,100
90.9557,100,100
90.9552,100,100
90.9547,100,100
90.9542,100,100
90.9538,100,100
90.9533,100,100
90.9528,100,100
90.9523,100,100
90.9518,100,100
90.9513,100,100
90.9508,100,100
90.9503,100,100
90.9498,100,100
90.9494,100,100
90.9489,100,100
90.9484,100,100
90.9479,100,100
90.9474,100,100
90.9469,100,100
90.9464,100,100
90.9459,100,100
90.9454,100,100
90.945,100,100
90.9445,100,100
90.944,100,100
90.9435,100,100
90.943,100,100
90.9425,100,100
90.942,100,100
90.9415,100,100
90.941,100,100
90.9406,100,100
90.9401,100,100
90.9396,100,100
90.9391,100,100
90.9386,100,100
90.9381,100,100
90.9376,100,100
90.9371,100,100
90.9367,100,100
90.9362,100,100
90.9357,100,100
90.9352,100,100
90.9347,100,100
90.9342,100,100
90.9337,100,100
90.9332,100,100
90.9327,100,100
90.9323,100,100
90.9318,100,100
90.9313,100,100
90.9308,100,100
90.9303,100,100
90.9299,100,100
90.9294,100,100
90.9289,100,100
90.9285,100,100
90.928,100,100
90.9276,100,100
90.9271,100,100
90.9266,100,100
90.9262,100,100
90.9257,100,100
90.9252,100,100
90.9248,100,100
90.9243,100,100
90.9239,100,100
90.9234,100,100
90.9229,100,100
90.9225,100,100
90.922,100,100
90.9215,100,100
90.9211,100,100
90.9206,100,100
90.9202,100,100
90.9197,100,100
90.9192,100,100
90.9188,100,100
90.9183,100,100
90.9178,100,100
90.9174,100,100
90.9169,100,100
90.9165,100,100
90.916,100,100
90.9155,100,100
90.9151,100,100
90.9146,100,100
90.9141,100,100
90.9137,100,100
90.9132,100,100
90.9128,100,100
90.9123,100,100
90.9118,100,100
90.9114,100,100
90.9109,100,100
90.9104,100,100
90.91,100,100
90.9095,100,100
90.9091,100,100
90.9086,100,100
90.9081,100,100
90.9077,100,100
90.9072,100,100
90.9067,100,100
90.9063,100,100
90.9058,100,100
90.9054,100,100
90.9049,100,100
90.9044,100,100
90.904,100,100
90.9035,100,100
90.903,100,100
90.9026,100,100
90.9021,100,100
90.9017,100,100
90.9012,100,100
90.9007,100,100
90.9003,100,100
90.8998,100,100
90.8993,100,100
90.8989,100,100
90.8984,100,100
90.898,100,100
90.8975,100,100
90.897,100,100
90.8966,100,100
90.8961,100,100
90.8956,100,100
90.8952,100,100
90.8947,100,100
90.8943,100,100
90.8938,100,100
90.8933,100,100
90.8929,100,100
90.8924,100,100
90.8919,100,100
90.8915,100,100
90.891,100,100
90.8906,100,100
90.8901,100,100
90.8896,100,100
90.8892,100,100
90.8887,100,100
90.8882,100,100
90.8878,100,100
90.8873,100,100
90.8869,100,100
90.8864,100,100
90.8859,100,100
90.8855,100,100
90.885,100,100
90.8845,100,100
90.8841,100,100
90.8837,100,100
90.8832,100,100
90.8828,100,100
90.8823,100,100
90.8819,100,100
90.8815,100,100
90.881,100,100
90.8806,100,100
90.8801,100,100
90.8797,100,100
90.8793,100,100
90.8788,100,100
90.8784,100,100
90.8779,100,100
90.8775,100,100
90.8771,100,100
90.8766,100,100
90.8762,100,100
90.8757,100,100
90.8753,100,100
90.8749,100,100
90.8744,100,100
90.874,100,100
90.8735,100,100
90.8731,100,100
90.8727,100,100
90.8722,100,100
90.8718,100,100
90.8713,100,100
90.8709,100,100
90.8704,100,100
90.87,100,100
90.8696,100,100
90.8691,100,100
90.8687,100,100
90.8682,100,100
90.8678,100,100
90.8674,100,100
90.8669,100,100
90.8665,100,100
90.866,100,100
90.8656,100,100
90.8652,100,100
90.8647,100,100
90.8643,100,100
90.8638,100,100
90.8634,100,100
90.863,100,100
90.8625,100,100
90.8621,100,100
90.8616,100,100
90.8612,100,100
90.8608,100,100
90.8603,100,100
90.8599,100,100
90.8594,100,100
90.859,100,100
90.8586,100,100
90.8581,100,100
90.8577,100,100
90.8572,100,100
90.8568,100,100
90.8564,100,100
90.8559,100,100
90.8555,100,100
90.855,100,100
90.8546,100,100
90.8541,100,100
90.8537,100,100
90.8533,100,100
90.8528,100,100
90.8524,100,100
90.8519,100,100
90.8515,100,100
90.8511,100,100
90.8506,100,100
90.8502,100,100
90.8497,100,100
90.8493,100,100
90.8489,100,100
90.8484,100,100
90.848,100,100
90.8475,100,100
90.8471,100,100
90.8467,100,100
90.8462,100,100
90.8458,100,100
90.8453,100,100
90.8449,100,100
90.8445,100,100
90.844,100,100
90.8436,100,100
90.8431,100,100
90.8427,100,100
90.8423,100,100
90.8418,100,100
90.8414,100,100
90.8409,100,100
90.8405,100,100
90.8401,100,100
90.8397,100,100
90.8392,100,100
90.8388,100,100
90.8384,100,100
90.838,100,100
90.8376,100,100
90.8371,100,100
90.8367,100,100
90.8363,100,100
90.8359,100,100
90.8355,100,100
90.835,100,100
90.8346,100,100
90.8342,100,100
90.8338,100,100
90.8334,100,100
90.8329,100,100
90.8325,100,100
90.8321,100,100
90.8317,100,100
90.8313,100,100
90.8309,100,100
90.8304,100,100
90.83,100,100
90.8296,100,100
90.8292,100,100
90.8288,100,100
90.8283,100,100
90.8279,100,100
90.8275,100,100
90.8271,100,100
90.8267,100,100
90.8262,100,100
90.8258,100,100
90.8254,100,100
90.825,100,100
90.8246,100,100
90.8241,100,100
90.8237,100,100
90.8233,100,100
90.8229,100,100
90.8225,100,100
90.822,100,100
90.8216,100,100
90.8212,100,100
90.8208,100,100
90.8204,100,100
90.82,100,100
90.8195,100,100
90.8191,100,100
90.8187,100,100
90.8183,100,100
90.8179,100,100
90.8174,100,100
90.817,100,100
90.8166,100,100
90.8162,100,100
90.8158,100,100
90.8153,100,100
90.8149,100,100
90.8145,100,100
90.8141,100,100
90.8137,100,100
90.8132,100,100
90.8128,100,100
90.8124,100,100
90.812,100,100
90.8116,100,100
90.8111,100,100
90.8107,100,100
90.8103,100,100
90.8099,100,100
90.8095,100,100
90.8091,100,100
90.8086,100,100
90.8082,100,100
90.8078,100,100
90.8074,100,100
90.807,100,100
90.8065,100,100
90.8061,100,100
90.8057,100,100
90.8053,100,100
90.8049,100,100
90.8044,100,100
90.804,100,100
90.8036,100,100
90.8032,100,100
90.8028,100,100
90.8023,100,100
90.8019,100,100
90.8015,100,100
90.8011,100,100
90.8007,100,100
90.8003,100,100
90.7998,100,100
90.7994,100,100
90.799,100,100
90.7986,100,100
90.7982,100,100
90.7978,100,100
90.7974,100,100
90.797,100,100
90.7966,100,100
90.7962,100,100
90.7958,100,100
90.7954,100,100
90.795,100,100
90.7946,100,100
90.7942,100,100
90.7938,100,100
90.7935,100,100
90.7931,100,100
90.7927,100,100
90.7923,100,100
90.7919,100,100
90.7915,100,100
90.7911,100,100
90.7907,100,100
90.7903,100,100
90.7899,100,100
90.7895,100,100
90.7891,100,100
90.7887,100,100
90.7883,100,100
90.7879,100,100
90.7875,100,100
90.7871,100,100
90.7868,100,100
90.7864,100,100
90.786,100,100
90.7856,100,100
90.7852,100,100
90.7848,100,100
90.7844,100,100
90.784,100,100
90.7836,100,100
90.7832,100,100
90.7828,100,100
90.7824,100,100
90.782,100,100
90.7816,100,100
90.7812,100,100
90.7808,100,100
90.7804,100,100
90.7801,100,100
90.7797,100,100
90.7793,100,100
90.7789,100,100
90.7785,100,100
90.7781,100,100
90.7777,100,100
90.7773,100,100
90.7769,100,100
90.7765,100,100
90.7761,100,100
90.7757,100,100
90.7753,100,100
90.7749,100,100
90.7745,100,100
90.7741,100,100
90.7737,100,100
90.7734,100,100
90.773,100,100
90.7726,100,100
90.7722,100,100
90.7718,100,100
90.7714,100,100
90.771,100,100
90.7706,100,100
90.7702,100,100
90.7698,100,100
90.7694,100,100
90.769,100,100
90.7686,100,100
90.7682,100,100
90.7678,100,100
90.7674,100,100
90.767,100,100
90.7667,100,100
90.7663,100,100
90.7659,100,100
90.7655,100,100
90.7651,100,100
90.7647,100,100
90.7643,100,100
90.7639,100,100
90.7635,100,100
90.7631,100,100
90.7627,100,100
90.7623,100,100
90.7619,100,100
90.7615,100,100
90.7611,100,100
90.7607,100,100
90.7603,100,100
90.7599,100,100
90.7596,100,100
90.7592,100,100
90.7588,100,100
90.7584,100,100
90.758,100,100
90.7577,100,100
90.7573,100,100
90.7569,100,100
90.7566,100,100
90.7562,100,100
90.7558,100,100
90.7554,100,100
90.7551,100,100
90.7547,100,100
90.7543,100,100
90.7539,100,100
90.7536,100,100
90.7532,100,100
90.7528,100,100
90.7524,100,100
90.7521,100,100
90.7517,100,100
90.7513,100,100
90.7509,100,100
90.7506,100,100
90.7502,100,100
90.7498,100,100
90.7495,100,100
90.7491,100,100
90.7487,100,100
90.7483,100,100
90.748,100,100
90.7476,100,100
90.7472,100,100
90.7468,100,100
90.7465,100,100
90.7461,100,100
90.7457,100,100
90.7453,100,100
90.745,100,100
90.7446,100,100
90.7442,100,100
90.7439,100,100
90.7435,100,100
90.7431,100,100
90.7427,100,100
90.7424,100,100
90.742,100,100
90.7416,100,100
90.7412,100,100
90.7409,100,100
90.7405,100,100
90.7401,100,100
90.7397,100,100
90.7394,100,100
90.739,100,100
90.7386,100,100
90.7382,100,100
90.7379,100,100
90.7375,100,100
90.7371,100,100
90.7368,100,100
90.7364,100,100
90.736,100,100
90.7356,100,100
90.7353,100,100
90.7349,100,100
90.7345,100,100
90.7341,100,100
90.7338,100,100
90.7334,100,100
90.733,100,100
90.7326,100,100
90.7323,100,100
90.7319,100,100
90.7315,100,100
90.7312,100,100
90.7308,100,100
90.7304,100,100
90.73,100,100
90.7297,100,100
90.7293,100,100
90.7289,100,100
90.7285,100,100
90.7282,100,100
90.7278,100,100
90.7274,100,100
90.727,100,100
90.7267,100,100
90.7263,100,100
90.7259,100,100
90.7255,100,100
90.7252,100,100
90.7248,100,100
90.7244,100,100
90.7241,100,100
90.7237,100,100
90.7233,100,100
90.7229,100,100
90.7226,100,100
90.7222,100,100
90.7218,100,100
90.7215,100,100
90.7211,100,100
90.7207,100,100
90.7204,100,100
90.72,100,100
90.7196,100,100
90.7193,100,100
90.7189,100,100
90.7186,100,100
90.7182,100,100
90.7178,100,100
90.7175,100,100
90.7171,100,100
90.7167,100,100
90.7164,100,100
90.716,100,100
90.7157,100,100
90.7153,100,100
90.7149,100,100
90.7146,100,100
90.7142,100,100
90.7138,100,100
90.7135,100,100
90.7131,100,100
90.7128,100,100
90.7124,100,100
90.712,100,100
90.7117,100,100
90.7113,100,100
90.7109,100,100
90.7106,100,100
90.7102,100,100
90.7099,100,100
90.7095,100,100
90.7091,100,100
90.7088,100,100
90.7084,100,100
90.708,100,100
90.7077,100,100
90.7073,100,100
90.707,100,100
90.7066,100,100
90.7062,100,100
90.7059,100,100
90.7055,100,100
90.7051,100,100
90.7048,100,100
90.7044,100,100
90.7041,100,100
90.7037,100,100
90.7033,100,100
90.703,100,100
90.7026,100,100
90.7022,100,100
90.7019,100,100
90.7015,100,100
90.7012,100,100
90.7008,100,100
90.7004,100,100
90.7001,100,100
90.6997,100,100
90.6993,100,100
90.699,100,100
90.6986,100,100
90.6983,100,100
90.6979,100,100
90.6975,100,100
90.6972,100,100
90.6968,100,100
90.6964,100,100
90.6961,100,100
90.6957,100,100
90.6954,100,100
90.695,100,100
90.6946,100,100
90.6943,100,100
90.6939,100,100
90.6935,100,100
90.6932,100,100
90.6928,100,100
90.6925,100,100
90.6921,100,100
90.6917,100,100
90.6914,100,100
90.691,100,100
90.6906,100,100
90.6903,100,100
90.6899,100,100
90.6896,100,100
90.6892,100,100
90.6888,100,100
90.6885,100,100
90.6881,100,100
90.6877,100,100
90.6874,100,100
90.687,100,100
90.6867,100,100
90.6863,100,100
90.6859,100,100
90.6856,100,100
90.6852,100,100
90.6849,100,100
90.6845,100,100
90.6842,100,100
90.6838,100,100
90.6835,100,100
90.6831,100,100
90.6828,100,100
90.6824,100,100
90.6821,100,100
90.6817,100,100
90.6814,100,100
90.681,100,100
90.6807,100,100
90.6803,100,100
90.68,100,100
90.6796,100,100
90.6793,100,100
90.6789,100,100
90.6786,100,100
90.6782,100,100
90.6779,100,100
90.6775,100,100
90.6772,100,100
90.6768,100,100
90.6765,100,100
90.6761,100,100
90.6758,100,100
90.6754,100,100
90.6751,100,100
90.6747,100,100
90.6744,100,100
90.674,100,100
90.6737,100,100
90.6733,100,100
90.673,100,100
90.6726,100,100
90.6723,100,100
90.6719,100,100
90.6716,100,100
90.6712,100,100
90.6709,100,100
90.6705,100,100
90.6702,100,100
90.6698,100,100
90.6695,100,100
90.6691,100,100
90.6688,100,100
90.6684,100,100
90.6681,100,100
90.6677,100,100
90.6674,100,100
90.667,100,100
90.6667,100,100
90.6663,100,100
90.666,100,100
90.6656,100,100
90.6653,100,100
90.6649,100,100
90.6646,100,100
90.6642,100,100
90.6639,100,100
90.6635,100,100
90.6632,100,100
90.6629,100,100
90.6625,100,100
90.6622,100,100
90.6618,100,100
90.6615,100,100
90.6611,100,100
90.6608,100,100
90.6604,100,100
90.6601,100,100
90.6597,100,100
90.6594,100,100
90.659,100,100
90.6587,100,100
90.6583,100,100
90.658,100,100
90.6576,100,100
90.6573,100,100
90.6569,100,100
90.6566,100,100
90.6562,100,100
90.6559,100,100
90.6555,100,100
90.6552,100,100
90.6548,100,100
90.6545,100,100
90.6541,100,100
90.6538,100,100
90.6534,100,100
90.6531,100,100
90.6527,100,100
90.6524,100,100
90.652,100,100
90.6517,100,100
90.6513,100,100
90.651,100,100
90.6506,100,100
90.6503,100,100
90.6499,100,100
90.6496,100,100
90.6493,100,100
90.6489,100,100
90.6486,100,100
90.6483,100,100
90.6479,100,100
90.6476,100,100
90.6472,100,100
90.6469,100,100
90.6466,100,100
90.6462,100,100
90.6459,100,100
90.6455,100,100
90.6452,100,100
90.6449,100,100
90.6445,100,100
90.6442,100,100
90.6439,100,100
90.6435,100,100
90.6432,100,100
90.6428,100,100
90.6425,100,100
90.6422,100,100
90.6418,100,100
90.6415,100,100
90.6411,100,100
90.6408,100,100
90.6405,100,100
90.6401,100,100
90.6398,100,100
90.6395,100,100
90.6391,100,100
90.6388,100,100
90.6384,100,100
90.6381,100,100
90.6378,100,100
90.6374,100,100
90.6371,100,100
90.6367,100,100
90.6364,100,100
90.6361,100,100
90.6357,100,100
90.6354,100,100
90.6351,100,100
90.6347,100,100
90.6344,100,100
90.634,100,100
90.6337,100,100
90.6334,100,100
90.633,100,100
90.6327,100,100
90.6323,100,100
90.632,100,100
90.6317,100,100
90.6313,100,100
90.631,100,100
90.6307,100,100
90.6303,100,100
90.63,100,100
90.6296,100,100
90.6293,100,100
90.629,100,100
90.6286,100,100
90.6283,100,100
90.628,100,100
90.6276,100,100
90.6273,100,100
90.6269,100,100
90.6266,100,100
90.6263,100,100
90.6259,100,100
90.6256,100,100
90.6252,100,100
90.6249,100,100
90.6246,100,100
90.6242,100,100
90.6239,100,100
90.6236,100,100
90.6232,100,100
90.6229,100,100
90.6225,100,100
90.6222,100,100
90.6219,100,100
90.6215,100,100
90.6212,100,100
90.6208,100,100
90.6205,100,100
90.6202,100,100
90.6198,100,100
90.6195,100,100
90.6192,100,100
90.6188,100,100
90.6185,100,100
90.6181,100,100
90.6178,100,100
90.6175,100,100
90.6171,100,100
90.6168,100,100
90.6164,100,100
90.6161,100,100
90.6158,100,100
90.6154,100,100
90.6151,100,100
90.6148,100,100
90.6144,100,100
90.6141,100,100
90.6138,100,100
90.6134,100,100
90.6131,100,100
90.6127,100,100
90.6124,100,100
90.6121,100,100
90.6117,100,100
90.6114,100,100
90.6111,100,100
90.6107,100,100
90.6104,100,100
90.6101,100,100
90.6097,100,100
90.6094,100,100
90.609,100,100
90.6087,100,100
90.6084,100,100
90.608,100,100
90.6077,100,100
90.6074,100,100
90.607,100,100
90.6067,100,100
90.6063,100,100
90.606,100,100
90.6057,100,100
90.6053,100,100
90.605,100,100
90.6047,100,100
90.6043,100,100
90.604,100,100
90.6037,100,100
90.6033,100,100
90.603,100,100
90.6026,100,100
90.6023,100,100
90.602,100,100
90.6016,100,100
90.6013,100,100
90.601,100,100
90.6006,100,100
90.6003,100,100
90.5999,100,100
90.5996,100,100
90.5993,100,100
90.5989,100,100
90.5986,100,100
90.5983,100,100
90.5979,100,100
90.5976,100,100
90.5973,100,100
90.5969,100,100
90.5966,100,100
90.5962,100,100
90.5959,100,100
90.5956,100,100
90.5952,100,100
90.5949,100,100
90.5946,100,100
90.5942,100,100
90.5939,100,100
90.5935,100,100
90.5932,100,100
90.5929,100,100
90.5925,100,100
90.5922,100,100
90.5919,100,100
90.5915,100,100
90.5912,100,100
90.5909,100,100
90.5905,100,100
90.5902,100,100
90.5898,100,100
90.5895,100,100
90.5892,100,100
90.5888,100,100
90.5885,100,100
90.5882,100,100
90.5878,100,100
90.5875,100,100
90.5872,100,100
90.5868,100,100
90.5865,100,100
90.5861,100,100
90.5858,100,100
90.5855,100,100
90.5851,100,100
90.5848,100,100
90.5845,100,100
90.5841,100,100
90.5838,100,100
90.5834,100,100
90.5831,100,100
90.5828,100,100
90.5824,100,100
90.5821,100,100
90.5817,100,100
90.5814,100,100
90.581,100,100
90.5807,100,100
90.5803,100,100
90.58,100,100
90.5796,100,100
90.5793,100,100
90.5789,100,100
90.5786,100,100
90.5782,100,100
90.5779,100,100
90.5775,100,100
90.5772,100,100
90.5768,100,100
90.5765,100,100
90.5761,100,100
90.5757,100,100
90.5754,100,100
90.575,100,100
90.5747,100,100
90.5743,100,100
90.574,100,100
90.5736,100,100
90.5733,100,100
90.5729,100,100
90.5726,100,100
90.5722,100,100
90.5719,100,100
90.5715,100,100
90.5712,100,100
90.5708,100,100
90.5705,100,100
90.5701,100,100
90.5698,100,100
90.5694,100,100
90.5691,100,100
90.5687,100,100
90.5684,100,100
90.568,100,100
90.5677,100,100
90.5673,100,100
90.567,100,100
90.5666,100,100
90.5663,100,100
90.5659,100,100
90.5656,100,100
90.5652,100,100
90.5649,100,100
90.5645,100,100
90.5642,100,100
90.5638,100,100
90.5635,100,100
90.5631,100,100
90.5628,100,100
90.5624,100,100
90.5621,100,100
90.5617,100,100
90.5614,100,100
90.561,100,100
90.5607,100,100
90.5603,100,100
90.56,100,100
90.5596,100,100
90.5593,100,100
90.5589,100,100
90.5586,100,100
90.5582,100,100
90.5579,100,100
90.5575,100,100
90.5572,100,100
90.5568,100,100
90.5565,100,100
90.5561,100,100
90.5558,100,100
90.5554,100,100
90.5551,100,100
90.5547,100,100
90.5544,100,100
90.554,100,100
90.5537,100,100
90.5533,100,100
90.553,100,100
90.5526,100,100
90.5523,100,100
90.5519,100,100
90.5516,100,100
90.5512,100,100
90.5509,100,100
90.5505,100,100
90.5502,100,100
90.5498,100,100
90.5495,100,100
90.5491,100,100
90.5488,100,100
90.5484,100,100
90.5481,100,100
90.5477,100,100
90.5473,100,100
90.5469,100,100
90.5465,100,100
90.5461,100,100
90.5457,100,100
90.5453,100,100
90.5449,100,100
90.5445,100,100
90.5441,100,100
90.5437,100,100
90.5433,100,100
90.5429,100,100
90.5425,100,100
90.5421,100,100
90.5418,100,100
90.5414,100,100
90.541,100,100
90.5406,100,100
90.5402,100,100
90.5398,100,100
90.5394,100,100
90.539,100,100
90.5386,100,100
90.5382,100,100
90.5378,100,100
90.5374,100,100
90.537,100,100
90.5366,100,100
90.5362,100,100
90.5358,100,100
90.5354,100,100
90.535,100,100
90.5346,100,100
90.5343,100,100
90.5339,100,100
90.5335,100,100
90.5331,100,100
90.5327,100,100
90.5323,100,100
90.5319,100,100
90.5315,100,100
90.5311,100,100
90.5307,100,100
90.5303,100,100
90.5299,100,100
90.5295,100,100
90.5291,100,100
90.5287,100,100
90.5283,100,100
90.5279,100,100
90.5275,100,100
90.5272,100,100
90.5268,100,100
90.5264,100,100
90.526,100,100
90.5256,100,100
90.5252,100,100
90.5248,100,100
90.5244,100,100
90.524,100,100
90.5236,100,100
90.5232,100,100
90.5228,100,100
90.5224,100,100
90.522,100,100
90.5216,100,100
90.5212,100,100
90.5208,100,100
90.5204,100,100
90.52,100,100
90.5197,100,100
90.5193,100,100
90.5189,100,100
90.5185,100,100
90.5181,100,100
90.5177,100,100
90.5173,100,100
90.5169,100,100
90.5165,100,100
90.5161,100,100
90.5157,100,100
90.5153,100,100
90.5149,100,100
90.5145,100,100
90.5141,100,100
90.5137,100,100
90.5133,100,100
90.5129,100,100
90.5126,100,100
90.5122,100,100
90.5118,100,100
90.5114,100,100
90.511,100,100
90.5106,100,100
90.5102,100,100
90.5098,100,100
90.5094,100,100
90.509,100,100
90.5086,100,100
90.5082,100,100
90.5078,100,100
90.5074,100,100
90.5071,100,100
90.5067,100,100
90.5063,100,100
90.5059,100,100
90.5055,100,100
90.5051,100,100
90.5047,100,100
90.5043,100,100
90.504,100,100
90.5036,100,100
90.5032,100,100
90.5028,100,100
90.5024,100,100
90.502,100,100
90.5016,100,100
90.5013,100,100
90.5009,100,100
90.5005,100,100
90.5001,100,100
90.4997,100,100
90.4993,100,100
90.4989,100,100
90.4985,100,100
90.4982,100,100
90.4978,100,100
90.4974,100,100
90.497,100,100
90.4966,100,100
90.4962,100,100
90.4958,100,100
90.4954,100,100
90.4951,100,100
90.4947,100,100
90.4943,100,100
90.4939,100,100
90.4935,100,100
90.4931,100,100
90.4927,100,100
90.4924,100,100
90.492,100,100
90.4916,100,100
90.4912,100,100
90.4908,100,100
90.4904,100,100
90.49,100,100
90.4896,100,100
90.4893,100,100
90.4889,100,100
90.4885,100,100
90.4881,100,100
90.4877,100,100
90.4873,100,100
90.4869,100,100
90.4865,100,100
90.4862,100,100
90.4858,100,100
90.4854,100,100
90.485,100,100
90.4846,100,100
90.4842,100,100
90.4838,100,100
90.4834,100,100
90.4831,100,100
90.4827,100,100
90.4823,100,100
90.4819,100,100
90.4815,100,100
90.4811,100,100
90.4807,100,100
90.4804,100,100
90.48,100,100
90.4796,100,100
90.4792,100,100
90.4788,100,100
90.4784,100,100
90.478,100,100
90.4776,100,100
90.4773,100,100
90.4769,100,100
90.4765,100,100
90.4761,100,100
90.4757,100,100
90.4753,100,100
90.4749,100,100
90.4745,100,100
90.4742,100,100
90.4738,100,100
90.4734,100,100
90.473,100,100
90.4726,100,100
90.4722,100,100
90.4718,100,100
90.4715,100,100
90.4711,100,100
90.4707,100,100
90.4703,100,100
90.4699,100,100
90.4696,100,100
90.4692,100,100
90.4688,100,100
90.4685,100,100
90.4681,100,100
90.4678,100,100
90.4674,100,100
90.4671,100,100
90.4667,100,100
90.4663,100,100
90.466,100,100
90.4656,100,100
90.4653,100,100
90.4649,100,100
90.4646,100,100
90.4642,100,100
90.4639,100,100
90.4635,100,100
90.4631,100,100
90.4628,100,100
90.4624,100,100
90.4621,100,100
90.4617,100,100
90.4614,100,100
90.461,100,100
90.4607,100,100
90.4603,100,100
90.4599,100,100
90.4596,100,100
90.4592,100,100
90.4589,100,100
90.4585,100,100
90.4582,100,100
90.4578,100,100
90.4575,100,100
90.4571,100,100
90.4567,100,100
90.4564,100,100
90.456,100,100
90.4557,100,100
90.4553,100,100
90.455,100,100
90.4546,100,100
90.4543,100,100
90.4539,100,100
90.4535,100,100
90.4532,100,100
90.4528,100,100
90.4525,100,100
90.4521,100,100
90.4518,100,100
90.4514,100,100
90.4511,100,100
90.4507,100,100
90.4503,100,100
90.45,100,100
90.4496,100,100
90.4493,100,100
90.4489,100,100
90.4486,100,100
90.4482,100,100
90.4478,100,100
90.4475,100,100
90.4471,100,100
90.4468,100,100
90.4464,100,100
90.4461,100,100
90.4457,100,100
90.4454,100,100
90.445,100,100
90.4446,100,100
90.4443,100,100
90.4439,100,100
90.4436,100,100
90.4432,100,100
90.4429,100,100
90.4425,100,100
90.4422,100,100
90.4418,100,100
90.4414,100,100
90.4411,100,100
90.4407,100,100
90.4404,100,100
90.44,100,100
90.4397,100,100
90.4393,100,100
90.439,100,100
90.4386,100,100
90.4382,100,100
90.4379,100,100
90.4375,100,100
90.4372,100,100
90.4368,100,100
90.4365,100,100
90.4361,100,100
90.4358,100,100
90.4354,100,100
90.435,100,100
90.4347,100,100
90.4343,100,100
90.434,100,100
90.4337,100,100
90.4333,100,100
90.433,100,100
90.4326,100,100
90.4323,100,100
90.432,100,100
90.4316,100,100
90.4313,100,100
90.431,100,100
90.4306,100,100
90.4303,100,100
90.43,100,100
90.4296,100,100
90.4293,100,100
90.4289,100,100
90.4286,100,100
90.4283,100,100
90.4279,100,100
90.4276,100,100
90.4273,100,100
90.4269,100,100
90.4266,100,100
90.4262,100,100
90.4259,100,100
90.4256,100,100
90.4252,100,100
90.4249,100,100
90.4246,100,100
90.4242,100,100
90.4239,100,100
90.4236,100,100
90.4232,100,100
90.4229,100,100
90.4225,100,100
90.4222,100,100
90.4219,100,100
90.4215,100,100
90.4212,100,100
90.4209,100,100
90.4205,100,100
90.4202,100,100
90.4198,100,100
90.4195,100,100
90.4192,100,100
90.4188,100,100
90.4185,100,100
90.4182,100,100
90.4178,100,100
90.4175,100,100
90.4172,100,100
90.4168,100,100
90.4165,100,100
90.4161,100,100
90.4158,100,100
90.4155,100,100
90.4151,100,100
90.4148,100,100
90.4145,100,100
90.4141,100,100
90.4138,100,100
90.4134,100,100
90.4131,100,100
90.4128,100,100
90.4124,100,100
90.4121,100,100
90.4118,100,100
90.4114,100,100
90.4111,100,100
90.4108,100,100
90.4104,100,100
90.4101,100,100
90.4097,100,100
90.4094,100,100
90.4091,100,100
90.4087,100,100
90.4084,100,100
90.4081,100,100
90.4077,100,100
90.4074,100,100
90.407,100,100
90.4067,100,100
90.4064,100,100
90.406,100,100
90.4057,100,100
90.4054,100,100
90.405,100,100
90.4047,100,100
90.4044,100,100
90.404,100,100
90.4037,100,100
90.4033,100,100
90.403,100,100
90.4027,100,100
90.4023,100,100
90.402,100,100
90.4017,100,100
90.4013,100,100
90.401,100,100
90.4007,100,100
90.4003,100,100
90.4,100,100
90.3997,100,100
90.3994,100,100
90.3991,100,100
90.3988,100,100
90.3985,100,100
90.3981,100,100
90.3978,100,100
90.3975,100,100
90.3972,100,100
90.3969,100,100
90.3966,100,100
90.3963,100,100
90.3959,100,100
90.3956,100,100
90.3953,100,100
90.395,100,100
90.3947,100,100
90.3944,100,100
90.3941,100,100
90.3937,100,100
90.3934,100,100
90.3931,100,100
90.3928,100,100
90.3925,100,100
90.3922,100,100
90.3919,100,100
90.3916,100,100
90.3912,100,100
90.3909,100,100
90.3906,100,100
90.3903,100,100
90.39,100,100
90.3897,100,100
90.3894,100,100
90.389,100,100
90.3887,100,100
90.3884,100,100
90.3881,100,100
90.3878,100,100
90.3875,100,100
90.3872,100,100
90.3868,100,100
90.3865,100,100
90.3862,100,100
90.3859,100,100
90.3856,100,100
90.3853,100,100
90.385,100,100
90.3846,100,100
90.3843,100,100
90.384,100,100
90.3837,100,100
90.3834,100,100
90.3831,100,100
90.3828,100,100
90.3825,100,100
90.3821,100,100
90.3818,100,100
90.3815,100,100
90.3812,100,100
90.3809,100,100
90.3806,100,100
90.3803,100,100
90.3799,100,100
90.3796,100,100
90.3793,100,100
90.379,100,100
90.3787,100,100
90.3784,100,100
90.3781,100,100
90.3777,100,100
90.3774,100,100
90.3771,100,100
90.3768,100,100
90.3765,100,100
90.3762,100,100
90.3759,100,100
90.3755,100,100
90.3752,100,100
90.3749,100,100
90.3746,100,100
90.3743,100,100
90.374,100,100
90.3737,100,100
90.3734,100,100
90.373,100,100
90.3727,100,100
90.3724,100,100
90.3721,100,100
90.3718,100,100
90.3715,100,100
90.3712,100,100
90.3708,100,100
90.3705,100,100
90.3702,100,100
90.3699,100,100
90.3696,100,100
90.3693,100,100
90.369,100,100
90.3687,100,100
90.3684,100,100
90.3681,100,100
90.3678,100,100
90.3675,100,100
90.3672,100,100
90.3669,100,100
90.3666,100,100
90.3663,100,100
90.366,100,100
90.3657,100,100
90.3654,100,100
90.3651,100,100
90.3648,100,100
90.3645,100,100
90.3643,100,100
90.364,100,100
90.3637,100,100
90.3634,100,100
90.3631,100,100
90.3628,100,100
90.3625,100,100
90.3622,100,100
90.3619,100,100
90.3616,100,100
90.3613,100,100
90.361,100,100
90.3607,100,100
90.3604,100,100
90.3601,100,100
90.3598,100,100
90.3595,100,100
90.3592,100,100
90.3589,100,100
90.3586,100,100
90.3583,100,100
90.3581,100,100
90.3578,100,100
90.3575,100,100
90.3572,100,100
90.3569,100,100
90.3566,100,100
90.3563,100,100
90.356,100,100
90.3557,100,100
90.3554,100,100
90.3551,100,100
90.3548,100,100
90.3545,100,100
90.3542,100,100
90.3539,100,100
90.3536,100,100
90.3533,100,100
90.353,100,100
90.3527,100,100
90.3524,100,100
90.3521,100,100
90.3518,100,100
90.3516,100,100
90.3513,100,100
90.351,100,100
90.3507,100,100
90.3504,100,100
90.3501,100,100
90.3498,100,100
90.3495,100,100
90.3492,100,100
90.3489,100,100
90.3486,100,100
90.3483,100,100
90.348,100,100
90.3477,100,100
90.3474,100,100
90.3471,100,100
90.3468,100,100
90.3465,100,100
90.3462,100,100
90.3459,100,100
90.3456,100,100
90.3453,100,100
90.3451,100,100
90.3448,100,100
90.3445,100,100
90.3442,100,100
90.3439,100,100
90.3436,100,100
90.3433,100,100
90.343,100,100
90.3427,100,100
90.3424,100,100
90.3421,100,100
90.3418,100,100
90.3415,100,100
90.3412,100,100
90.3409,100,100
90.3406,100,100
90.3403,100,100
90.34,100,100
90.3397,100,100
90.3395,100,100
90.3392,100,100
90.3389,100,100
90.3386,100,100
90.3383,100,100
90.3381,100,100
90.3378,100,100
90.3375,100,100
90.3372,100,100
90.3369,100,100
90.3367,100,100
90.3364,100,100
90.3361,100,100
90.3358,100,100
90.3355,100,100
90.3353,100,100
90.335,100,100
90.3347,100,100
90.3344,100,100
90.3341,100,100
90.3339,100,100
90.3336,100,100
90.3333,100,100
90.333,100,100
90.3328,100,100
90.3325,100,100
90.3322,100,100
90.3319,100,100
90.3316,100,100
90.3314,100,100
90.3311,100,100
90.3308,100,100
90.3305,100,100
90.3302,100,100
90.33,100,100
90.3297,100,100
90.3294,100,100
90.3291,100,100
90.3288,100,100
90.3286,100,100
90.3283,100,100
90.328,100,100
90.3277,100,100
90.3274,100,100
90.3272,100,100
90.3269,100,100
90.3266,100,100
90.3263,100,100
90.326,100,100
90.3258,100,100
90.3255,100,100
90.3252,100,100
90.3249,100,100
90.3246,100,100
90.3244,100,100
90.3241,100,100
90.3238,100,100
90.3235,100,100
90.3233,100,100
90.323,100,100
90.3227,100,100
90.3224,100,100
90.3221,100,100
90.3219,100,100
90.3216,100,100
90.3213,100,100
90.321,100,100
90.3207,100,100
90.3205,100,100
90.3202,100,100
90.3199,100,100
90.3196,100,100
90.3193,100,100
90.3191,100,100
90.3188,100,100
90.3185,100,100
90.3182,100,100
90.3179,100,100
90.3177,100,100
90.3174,100,100
90.3171,100,100
90.3168,100,100
90.3165,100,100
90.3163,100,100
90.316,100,100
90.3157,100,100
90.3154,100,100
90.3151,100,100
90.3149,100,100
90.3146,100,100
90.3143,100,100
90.314,100,100
90.3138,100,100
90.3135,100,100
90.3132,100,100
90.3129,100,100
90.3126,100,100
90.3124,100,100
90.3121,100,100
90.3118,100,100
90.3115,100,100
90.3112,100,100
90.3109,100,100
90.3106,100,100
90.3104,100,100
90.3101,100,100
90.3098,100,100
90.3095,100,100
90.3092,100,100
90.3089,100,100
90.3086,100,100
90.3083,100,100
90.3081,100,100
90.3078,100,100
90.3075,100,100
90.3072,100,100
90.3069,100,100
90.3066,100,100
90.3063,100,100
90.3061,100,100
90.3058,100,100
90.3055,100,100
90.3052,100,100
90.3049,100,100
90.3046,100,100
90.3043,100,100
90.304,100,100
90.3038,100,100
90.3035,100,100
90.3032,100,100
90.3029,100,100
90.3026,100,100
90.3023,100,100
90.302,100,100
90.3017,100,100
90.3015,100,100
90.3012,100,100
90.3009,100,100
90.3006,100,100
90.3003,100,100
90.3,100,100
90.2997,100,100
90.2994,100,100
90.2992,100,100
90.2989,100,100
90.2986,100,100
90.2983,100,100
90.298,100,100
90.2977,100,100
90.2974,100,100
90.2971,100,100
90.2969,100,100
90.2966,100,100
90.2963,100,100
90.296,100,100
90.2957,100,100
90.2954,100,100
90.2951,100,100
90.2949,100,100
90.2946,100,100
90.2943,100,100
90.294,100,100
90.2937,100,100
90.2934,100,100
90.2931,100,100
90.2928,100,100
90.2926,100,100
90.2923,100,100
90.292,100,100
90.2917,100,100
90.2914,100,100
90.2911,100,100
90.2908,100,100
90.2905,100,100
90.2903,100,100
90.29,100,100
90.2897,100,100
90.2894,100,100
90.2891,100,100
90.2888,100,100
90.2885,100,100
90.2882,100,100
90.288,100,100
90.2877,100,100
90.2874,100,100
90.2871,100,100
90.2868,100,100
90.2865,100,100
90.2862,100,100
90.2859,100,100
90.2857,100,100
90.2854,100,100
90.2851,100,100
90.2848,100,100
90.2845,100,100
90.2842,100,100
90.2839,100,100
90.2837,100,100
90.2834,100,100
90.2831,100,100
90.2827,100,100
90.2824,100,100
90.2821,100,100
90.2817,100,100
90.2814,100,100
90.281,100,100
90.2807,100,100
90.2804,100,100
90.28,100,100
90.2797,100,100
90.2794,100,100
90.279,100,100
90.2787,100,100
90.2784,100,100
90.278,100,100
90.2777,100,100
90.2773,100,100
90.277,100,100
90.2767,100,100
90.2763,100,100
90.276,100,100
90.2757,100,100
90.2753,100,100
90.275,100,100
90.2747,100,100
90.2743,100,100
90.274,100,100
90.2736,100,100
90.2733,100,100
90.273,100,100
90.2726,100,100
90.2723,100,100
90.272,100,100
90.2716,100,100
90.2713,100,100
90.271,100,100
90.2706,100,100
90.2703,100,100
90.2699,100,100
90.2696,100,100
90.2693,100,100
90.2689,100,100
90.2686,100,100
90.2683,100,100
90.2679,100,100
90.2676,100,100
90.2673,100,100
90.2669,100,100
90.2666,100,100
90.2662,100,100
90.2659,100,100
90.2656,100,100
90.2652,100,100
90.2649,100,100
90.2646,100,100
90.2642,100,100
90.2639,100,100
90.2636,100,100
90.2632,100,100
90.2629,100,100
90.2625,100,100
90.2622,100,100
90.2619,100,100
90.2615,100,100
90.2612,100,100
90.2609,100,100
90.2605,100,100
90.2602,100,100
90.2599,100,100
90.2595,100,100
90.2592,100,100
90.2588,100,100
90.2585,100,100
90.2582,100,100
90.2578,100,100
90.2575,100,100
90.2572,100,100
90.2568,100,100
90.2565,100,100
90.2562,100,100
90.2558,100,100
90.2555,100,100
90.2551,100,100
90.2548,100,100
90.2545,100,100
90.2541,100,100
90.2538,100,100
90.2535,100,100
90.2531,100,100
90.2528,100,100
90.2525,100,100
90.2521,100,100
90.2518,100,100
90.2514,100,100
90.2511,100,100
90.2508,100,100
90.2504,100,100
90.2501,100,100
90.2498,100,100
90.2494,100,100
90.249,100,100
90.2486,100,100
90.2482,100,100
90.2478,100,100
90.2474,100,100
90.2471,100,100
90.2467,100,100
90.2463,100,100
90.2459,100,100
90.2455,100,100
90.2451,100,100
90.2447,100,100
90.2443,100,100
90.2439,100,100
90.2435,100,100
90.2431,100,100
90.2427,100,100
90.2423,100,100
90.2419,100,100
90.2415,100,100
90.2411,100,100
90.2407,100,100
90.2403,100,100
90.24,100,100
90.2396,100,100
90.2392,100,100
90.2388,100,100
90.2384,100,100
90.238,100,100
90.2376,100,100
90.2372,100,100
90.2368,100,100
90.2364,100,100
90.236,100,100
90.2356,100,100
90.2352,100,100
90.2348,100,100
90.2344,100,100
90.234,100,100
90.2336,100,100
90.2332,100,100
90.2329,100,100
90.2325,100,100
90.2321,100,100
90.2317,100,100
90.2313,100,100
90.2309,100,100
90.2305,100,100
90.2301,100,100
90.2297,100,100
90.2293,100,100
90.2289,100,100
90.2285,100,100
90.2281,100,100
90.2277,100,100
90.2273,100,100
90.2269,100,100
90.2265,100,100
90.2262,100,100
90.2258,100,100
90.2254,100,100
90.225,100,100
90.2246,100,100
90.2242,100,100
90.2238,100,100
90.2234,100,100
90.223,100,100
90.2226,100,100
90.2222,100,100
90.2218,100,100
90.2214,100,100
90.221,100,100
90.2206,100,100
90.2202,100,100
90.2198,100,100
90.2194,100,100
90.2191,100,100
90.2187,100,100
90.2183,100,100
90.2179,100,100
90.2175,100,100
90.2171,100,100
90.2167,100,100
90.2163,100,100
90.2159,100,100
90.2155,100,100
90.2151,100,100
90.2147,100,100
90.2143,100,100
90.2139,100,100
90.2135,100,100
90.2131,100,100
90.2127,100,100
90.2123,100,100
90.212,100,100
90.2116,100,100
90.2112,100,100
90.2108,100,100
90.2104,100,100
90.21,100,100
90.2096,100,100
90.2092,100,100
90.2088,100,100
90.2084,100,100
90.208,100,100
90.2076,100,100
90.2072,100,100
90.2068,100,100
90.2064,100,100
90.206,100,100
90.2056,100,100
90.2052,100,100
90.2048,100,100
90.2044,100,100
90.2039,100,100
90.2035,100,100
90.2031,100,100
90.2027,100,100
90.2023,100,100
90.2019,100,100
90.2015,100,100
90.2011,100,100
90.2007,100,100
90.2003,100,100
90.1999,100,100
90.1995,100,100
90.1991,100,100
90.1987,100,100
90.1983,100,100
90.1979,100,100
90.1975,100,100
90.1971,100,100
90.1967,100,100
90.1963,100,100
90.1959,100,100
90.1955,100,100
90.1951,100,100
90.1947,100,100
90.1943,100,100
90.1939,100,100
90.1935,100,100
90.1931,100,100
90.1927,100,100
90.1923,100,100
90.1919,100,100
90.1915,100,100
90.1911,100,100
90.1907,100,100
90.1903,100,100
90.1899,100,100
90.1895,100,100
90.1891,100,100
90.1887,100,100
90.1883,100,100
90.1879,100,100
90.1875,100,100
90.1871,100,100
90.1867,100,100
90.1863,100,100
90.1859,100,100
90.1855,100,100
90.185,100,100
90.1846,100,100
90.1842,100,100
90.1838,100,100
90.1834,100,100
90.183,100,100
90.1826,100,100
90.1822,100,100
90.1818,100,100
90.1814,100,100
90.181,100,100
90.1806,100,100
90.1802,100,100
90.1798,100,100
90.1794,100,100
90.179,100,100
90.1786,100,100
90.1782,100,100
90.1778,100,100
90.1774,100,100
90.177,100,100
90.1766,100,100
90.1762,100,100
90.1758,100,100
90.1754,100,100
90.175,100,100
90.1746,100,100
90.1742,100,100
90.1738,100,100
90.1734,100,100
90.173,100,100
90.1726,100,100
90.1722,100,100
90.1718,100,100
90.1714,100,100
90.171,100,100
90.1706,100,100
90.1702,100,100
90.1698,100,100
90.1694,100,100
90.169,100,100
90.1686,100,100
90.1682,100,100
90.1678,100,100
90.1674,100,100
90.167,100,100
90.1667,100,100
90.1663,100,100
90.1659,100,100
90.1655,100,100
90.1651,100,100
90.1647,100,100
90.1643,100,100
90.1639,100,100
90.1635,100,100
90.1631,100,100
90.1628,100,100
90.1624,100,100
90.162,100,100
90.1616,100,100
90.1612,100,100
90.1608,100,100
90.1604,100,100
90.16,100,100
90.1596,100,100
90.1593,100,100
90.1589,100,100
90.1585,100,100
90.1581,100,100
90.1577,100,100
90.1573,100,100
90.1569,100,100
90.1565,100,100
90.1561,100,100
90.1557,100,100
90.1554,100,100
90.155,100,100
90.1546,100,100
90.1542,100,100
90.1538,100,100
90.1534,100,100
90.153,100,100
90.1526,100,100
90.1522,100,100
90.1519,100,100
90.1515,100,100
90.1511,100,100
90.1507,100,100
90.1503,100,100
90.1499,100,100
90.1495,100,100
90.1491,100,100
90.1487,100,100
90.1483,100,100
90.148,100,100
90.1476,100,100
90.1472,100,100
90.1468,100,100
90.1464,100,100
90.146,100,100
90.1456,100,100
90.1452,100,100
90.1448,100,100
90.1445,100,100
90.1441,100,100
90.1437,100,100
90.1433,100,100
90.1429,100,100
90.1425,100,100
90.1421,100,100
90.1417,100,100
90.1413,100,100
90.1409,100,100
90.1406,100,100
90.1402,100,100
90.1398,100,100
90.1394,100,100
90.139,100,100
90.1386,100,100
90.1382,100,100
90.1378,100,100
90.1374,100,100
90.1371,100,100
90.1367,100,100
90.1363,100,100
90.1359,100,100
90.1355,100,100
90.1351,100,100
90.1347,100,100
90.1343,100,100
90.1339,100,100
90.1335,100,100
90.1332,100,100
90.1328,100,100
90.1324,100,100
90.132,100,100
90.1316,100,100
90.1312,100,100
90.1308,100,100
90.1305,100,100
90.1301,100,100
90.1297,100,100
90.1293,100,100
90.129,100,100
90.1286,100,100
90.1282,100,100
90.1278,100,100
90.1275,100,100
90.1271,100,100
90.1267,100,100
90.1263,100,100
90.126,100,100
90.1256,100,100
90.1252,100,100
90.1248,100,100
90.1245,100,100
90.1241,100,100
90.1237,100,100
90.1233,100,100
90.123,100,100
90.1226,100,100
90.1222,100,100
90.1218,100,100
90.1215,100,100
90.1211,100,100
90.1207,100,100
90.1203,100,100
90.12,100,100
90.1196,100,100
90.1192,100,100
90.1188,100,100
90.1185,100,100
90.1181,100,100
90.1177,100,100
90.1173,100,100
90.117,100,100
90.1166,100,100
90.1162,100,100
90.1159,100,100
90.1155,100,100
90.1151,100,100
90.1147,100,100
90.1144,100,100
90.114,100,100
90.1136,100,100
90.1132,100,100
90.1129,100,100
90.1125,100,100
90.1121,100,100
90.1117,100,100
90.1114,100,100
90.111,100,100
90.1106,100,100
90.1102,100,100
90.1099,100,100
90.1095,100,100
90.1091,100,100
90.1087,100,100
90.1084,100,100
90.108,100,100
90.1076,100,100
90.1072,100,100
90.1069,100,100
90.1065,100,100
90.1061,100,100
90.1057,100,100
90.1054,100,100
90.105,100,100
90.1046,100,100
90.1042,100,100
90.1039,100,100
90.1035,100,100
90.1031,100,100
90.1027,100,100
90.1024,100,100
90.102,100,100
90.1016,100,100
90.1013,100,100
90.1009,100,100
90.1005,100,100
90.1001,100,100
90.0998,100,100
90.0994,100,100
90.099,100,100
90.0986,100,100
90.0983,100,100
90.0979,100,100
90.0975,100,100
90.0971,100,100
90.0968,100,100
90.0964,100,100
90.096,100,100
90.0956,100,100
90.0953,100,100
90.0949,100,100
90.0945,100,100
90.0941,100,100
90.0938,100,100
90.0934,100,100
90.093,100,100
90.0927,100,100
90.0923,100,100
90.0919,100,100
90.0916,100,100
90.0912,100,100
90.0908,100,100
90.0905,100,100
90.0901,100,100
90.0897,100,100
90.0894,100,100
90.089,100,100
90.0886,100,100
90.0883,100,100
90.0879,100,100
90.0875,100,100
90.0872,100,100
90.0868,100,100
90.0865,100,100
90.0861,100,100
90.0857,100,100
90.0854,100,100
90.085,100,100
90.0846,100,100
90.0843,100,100
90.0839,100,100
90.0835,100,100
90.0832,100,100
90.0828,100,100
90.0824,100,100
90.0821,100,100
90.0817,100,100
90.0813,100,100
90.081,100,100
90.0806,100,100
90.0802,100,100
90.0799,100,100
90.0795,100,100
90.0791,100,100
90.0788,100,100
90.0784,100,100
90.0781,100,100
90.0777,100,100
90.0773,100,100
90.077,100,100
90.0766,100,100
90.0762,100,100
90.0759,100,100
90.0755,100,100
90.0751,100,100
90.0748,100,100
90.0744,100,100
90.074,100,100
90.0737,100,100
90.0733,100,100
90.0729,100,100
90.0726,100,100
90.0722,100,100
90.0718,100,100
90.0715,100,100
90.0711,100,100
90.0707,100,100
90.0704,100,100
90.07,100,100
90.0697,100,100
90.0693,100,100
90.0689,100,100
90.0686,100,100
90.0682,100,100
90.0678,100,100
90.0675,100,100
90.0671,100,100
90.0667,100,100
90.0664,100,100
90.066,100,100
90.0656,100,100
90.0653,100,100
90.0649,100,100
90.0645,100,100
90.0642,100,100
90.0638,100,100
90.0634,100,100
90.0631,100,100
90.0627,100,100
90.0623,100,100
90.062,100,100
90.0616,100,100
90.0613,100,100
90.0609,100,100
90.0605,100,100
90.0602,100,100
90.0598,100,100
90.0594,100,100
90.0591,100,100
90.0587,100,100
90.0583,100,100
90.058,100,100
90.0576,100,100
90.0572,100,100
90.0569,100,100
90.0565,100,100
90.0562,100,100
90.0558,100,100
90.0555,100,100
90.0551,100,100
90.0548,100,100
90.0544,100,100
90.0541,100,100
90.0537,100,100
90.0533,100,100
90.053,100,100
90.0526,100,100
90.0523,100,100
90.0519,100,100
90.0516,100,100
90.0512,100,100
90.0509,100,100
90.0505,100,100
90.0502,100,100
90.0498,100,100
90.0495,100,100
90.0491,100,100
90.0488,100,100
90.0484,100,100
90.0481,100,100
90.0477,100,100
90.0474,100,100
90.047,100,100
90.0467,100,100
90.0463,100,100
90.0459,100,100
90.0456,100,100
90.0452,100,100
90.0449,100,100
90.0445,100,100
90.0442,100,100
90.0438,100,100
90.0435,100,100
90.0431,100,100
90.0428,100,100
90.0424,100,100
90.0421,100,100
90.0417,100,100
90.0414,100,100
90.041,100,100
90.0407,100,100
90.0403,100,100
90.04,100,100
90.0396,100,100
90.0393,100,100
90.0389,100,100
90.0385,100,100
90.0382,100,100
90.0378,100,100
90.0375,100,100
90.0371,100,100
90.0368,100,100
90.0364,100,100
90.0361,100,100
90.0357,100,100
90.0354,100,100
90.035,100,100
90.0347,100,100
90.0343,100,100
90.034,100,100
90.0336,100,100
90.0333,100,100
90.0329,100,100
90.0326,100,100
90.0322,100,100
90.0319,100,100
90.0315,100,100
90.0311,100,100
90.0308,100,100
90.0304,100,100
90.0301,100,100
90.0297,100,100
90.0294,100,100
90.029,100,100
90.0287,100,100
90.0283,100,100
90.028,100,100
90.0276,100,100
90.0273,100,100
90.0269,100,100
90.0266,100,100
90.0262,100,100
90.0259,100,100
90.0255,100,100
90.0252,100,100
90.0248,100,100
90.0244,100,100
90.0241,100,100
90.0237,100,100
90.0234,100,100
90.023,100,100
90.0227,100,100
90.0223,100,100
90.022,100,100
90.0216,100,100
90.0213,100,100
90.021,100,100
90.0206,100,100
90.0203,100,100
90.0199,100,100
90.0196,100,100
90.0193,100,100
90.0189,100,100
90.0186,100,100
90.0182,100,100
90.0179,100,100
90.0176,100,100
90.0172,100,100
90.0169,100,100
90.0165,100,100
90.0162,100,100
90.0159,100,100
90.0155,100,100
90.0152,100,100
90.0148,100,100
90.0145,100,100
90.0142,100,100
90.0138,100,100
90.0135,100,100
90.0131,100,100
90.0128,100,100
90.0125,100,100
90.0121,100,100
90.0118,100,100
90.0114,100,100
90.0111,100,100
90.0108,100,100
90.0104,100,100
90.0101,100,100
90.0097,100,100
90.0094,100,100
90.0091,100,100
90.0087,100,100
90.0084,100,100
90.008,100,100
90.0077,100,100
90.0074,100,100
90.007,100,100
90.0067,100,100
90.0064,100,100
90.006,100,100
90.0057,100,100
90.0053,100,100
90.005,100,100
90.0047,100,100
90.0043,100,100
90.004,100,100
90.0036,100,100
90.0033,100,100
90.003,100,100
90.0026,100,100
90.0023,100,100
90.0019,100,100
90.0016,100,100
90.0013,100,100
90.0009,100,100
90.0006,100,100
90.0002,100,100
89.9999,100,100
89.9996,100,100
89.9992,100,100
89.9989,100,100
89.9985,100,100
89.9982,100,100
89.9979,100,100
89.9975,100,100
89.9972,100,100
89.9968,100,100
89.9965,100,100
89.9962,100,100
89.9958,100,100
89.9955,100,100
89.9951,100,100
89.9948,100,100
89.9945,100,100
89.9941,100,100
89.9938,100,100
89.9934,100,100
89.9931,100,100
89.9928,100,100
89.9924,100,100
89.9921,100,100
89.9918,100,100
89.9914,100,100
89.9911,100,100
89.9907,100,100
89.9904,100,100
89.9901,100,100
89.9897,100,100
89.9894,100,100
89.989,100,100
89.9887,100,100
89.9884,100,100
89.988,100,100
89.9877,100,100
89.9874,100,100
89.987,100,100
89.9867,100,100
89.9864,100,100
89.986,100,100
89.9857,100,100
89.9854,100,100
89.9851,100,100
89.9847,100,100
89.9844,100,100
89.9841,100,100
89.9837,100,100
89.9834,100,100
89.9831,100,100
89.9828,100,100
89.9824,100,100
89.9821,100,100
89.9818,100,100
89.9815,100,100
89.9811,100,100
89.9808,100,100
89.9805,100,100
89.9801,100,100
89.9798,100,100
89.9795,100,100
89.9792,100,100
89.9788,100,100
89.9785,100,100
89.9782,100,100
89.9778,100,100
89.9775,100,100
89.9772,100,100
89.9769,100,100
89.9765,100,100
89.9762,100,100
89.9759,100,100
89.9756,100,100
89.9752,100,100
89.9749,100,100
89.9746,100,100
89.9742,100,100
89.9739,100,100
89.9736,100,100
89.9733,100,100
89.9729,100,100
89.9726,100,100
89.9723,100,100
89.9719,100,100
89.9716,100,100
89.9713,100,100
89.971,100,100
89.9706,100,100
89.9703,100,100
89.97,100,100
89.9697,100,100
89.9693,100,100
89.969,100,100
89.9687,100,100
89.9683,100,100
89.968,100,100
89.9677,100,100
89.9674,100,100
89.967,100,100
89.9667,100,100
89.9664,100,100
89.9661,100,100
89.9657,100,100
89.9654,100,100
89.9651,100,100
89.9647,100,100
89.9644,100,100
89.9641,100,100
89.9638,100,100
89.9634,100,100
89.9631,100,100
89.9628,100,100
89.9624,100,100
89.9621,100,100
89.9618,100,100
89.9615,100,100
89.9611,100,100
89.9608,100,100
89.9605,100,100
89.9602,100,100
89.9598,100,100
89.9595,100,100
89.9592,100,100
89.9588,100,100
89.9585,100,100
89.9582,100,100
89.9579,100,100
89.9575,100,100
89.9572,100,100
89.9569,100,100
89.9565,100,100
89.9562,100,100
89.9559,100,100
89.9556,100,100
89.9552,100,100
89.9549,100,100
89.9546,100,100
89.9543,100,100
89.954,100,100
89.9536,100,100
89.9533,100,100
89.953,100,100
89.9527,100,100
89.9524,100,100
89.9521,100,100
89.9518,100,100
89.9514,100,100
89.9511,100,100
89.9508,100,100
89.9505,100,100
89.9502,100,100
89.9499,100,100
89.9495,100,100
89.9492,100,100
89.9489,100,100
89.9486,100,100
89.9483,100,100
89.948,100,100
89.9476,100,100
89.9473,100,100
89.947,100,100
89.9467,100,100
89.9464,100,100
89.9461,100,100
89.9457,100,100
89.9454,100,100
89.9451,100,100
89.9448,100,100
89.9445,100,100
89.9442,100,100
89.9439,100,100
89.9435,100,100
89.9432,100,100
89.9429,100,100
89.9426,100,100
89.9423,100,100
89.942,100,100
89.9416,100,100
89.9413,100,100
89.941,100,100
89.9407,100,100
89.9404,100,100
89.9401,100,100
89.9397,100,100
89.9394,100,100
89.9391,100,100
89.9388,100,100
89.9385,100,100
89.9382,100,100
89.9378,100,100
89.9375,100,100
89.9372,100,100
89.9369,100,100
89.9366,100,100
89.9363,100,100
89.936,100,100
89.9356,100,100
89.9353,100,100
89.935,100,100
89.9347,100,100
89.9344,100,100
89.9341,100,100
89.9337,100,100
89.9334,100,100
89.9331,100,100
89.9328,100,100
89.9325,100,100
89.9322,100,100
89.9318,100,100
89.9315,100,100
89.9312,100,100
89.9309,100,100
89.9306,100,100
89.9303,100,100
89.9299,100,100
89.9296,100,100
89.9293,100,100
89.929,100,100
89.9287,100,100
89.9284,100,100
89.9281,100,100
89.9277,100,100
89.9274,100,100
89.9271,100,100
89.9268,100,100
89.9265,100,100
89.9262,100,100
89.9258,100,100
89.9255,100,100
89.9252,100,100
89.9249,100,100
89.9246,100,100
89.9243,100,100
89.9239,100,100
89.9236,100,100
89.9233,100,100
89.923,100,100
89.9227,100,100
89.9224,100,100
89.9221,100,100
89.9218,100,100
89.9215,100,100
89.9212,100,100
89.9209,100,100
89.9206,100,100
89.9203,100,100
89.92,100,100
89.9196,100,100
89.9193,100,100
89.919,100,100
89.9187,100,100
89.9184,100,100
89.9181,100,100
89.9178,100,100
89.9175,100,100
89.9172,100,100
89.9169,100,100
89.9166,100,100
89.9163,100,100
89.916,100,100
89.9157,100,100
89.9154,100,100
89.9151,100,100
89.9148,100,100
89.9145,100,100
89.9141,100,100
89.9138,100,100
89.9135,100,100
89.9132,100,100
89.9129,100,100
89.9126,100,100
89.9123,100,100
89.912,100,100
89.9117,100,100
89.9114,100,100
89.9111,100,100
89.9108,100,100
89.9105,100,100
89.9102,100,100
89.9099,100,100
89.9096,100,100
89.9093,100,100
89.909,100,100
89.9086,100,100
89.9083,100,100
89.908,100,100
89.9077,100,100
89.9074,100,100
89.9071,100,100
89.9068,100,100
89.9065,100,100
89.9062,100,100
89.9059,100,100
89.9056,100,100
89.9053,100,100
89.905,100,100
89.9047,100,100
89.9044,100,100
89.9041,100,100
89.9038,100,100
89.9035,100,100
89.9031,100,100
89.9028,100,100
89.9025,100,100
89.9022,100,100
89.9019,100,100
89.9016,100,100
89.9013,100,100
89.901,100,100
89.9007,100,100
89.9004,100,100
89.9001,100,100
89.8998,100,100
89.8995,100,100
89.8992,100,100
89.8989,100,100
89.8986,100,100
89.8983,100,100
89.898,100,100
89.8976,100,100
89.8973,100,100
89.897,100,100
89.8967,100,100
89.8964,100,100
89.8961,100,100
89.8958,100,100
89.8955,100,100
89.8952,100,100
89.8949,100,100
89.8946,100,100
89.8943,100,100
89.894,100,100
89.8937,100,100
89.8934,100,100
89.8931,100,100
89.8928,100,100
89.8925,100,100
89.8922,100,100
89.8919,100,100
89.8916,100,100
89.8913,100,100
89.891,100,100
89.8907,100,100
89.8904,100,100
89.8901,100,100
89.8898,100,100
89.8895,100,100
89.8892,100,100
89.8889,100,100
89.8886,100,100
89.8882,100,100
89.8879,100,100
89.8876,100,100
89.8873,100,100
89.887,100,100
89.8867,100,100
89.8864,100,100
89.8861,100,100
89.8858,100,100
89.8855,100,100
89.8852,100,100
89.8849,100,100
89.8846,100,100
89.8843,100,100
89.884,100,100
89.8837,100,100
89.8834,100,100
89.8831,100,100
89.8828,100,100
89.8825,100,100
89.8822,100,100
89.8819,100,100
89.8816,100,100
89.8813,100,100
89.881,100,100
89.8807,100,100
89.8804,100,100
89.8801,100,100
89.8798,100,100
89.8795,100,100
89.8792,100,100
89.8789,100,100
89.8786,100,100
89.8783,100,100
89.878,100,100
89.8777,100,100
89.8774,100,100
89.8771,100,100
89.8768,100,100
89.8765,100,100
89.8762,100,100
89.8759,100,100
89.8756,100,100
89.8753,100,100
89.875,100,100
89.8747,100,100
89.8744,100,100
89.8741,100,100
89.8738,100,100
89.8735,100,100
89.8732,100,100
89.8729,100,100
89.8726,100,100
89.8723,100,100
89.872,100,100
89.8717,100,100
89.8714,100,100
89.8711,100,100
89.8708,100,100
89.8705,100,100
89.8702,100,100
89.8699,100,100
89.8696,100,100
89.8693,100,100
89.869,100,100
89.8687,100,100
89.8684,100,100
89.8681,100,100
89.8678,100,100
89.8675,100,100
89.8672,100,100
89.8669,100,100
89.8666,100,100
89.8663,100,100
89.866,100,100
89.8657,100,100
89.8654,100,100
89.8651,100,100
89.8648,100,100
89.8645,100,100
89.8642,100,100
89.8639,100,100
89.8636,100,100
89.8633,100,100
89.863,100,100
89.8627,100,100
89.8624,100,100
89.8621,100,100
89.8618,100,100
89.8615,100,100
89.8612,100,100
89.8609,100,100
89.8606,100,100
89.8603,100,100
89.86,100,100
89.8597,100,100
89.8594,100,100
89.8591,100,100
89.8588,100,100
89.8585,100,100
89.8582,100,100
89.8579,100,100
89.8576,100,100
89.8573,100,100
89.857,100,100
89.8567,100,100
89.8564,100,100
89.8561,100,100
89.8558,100,100
89.8555,100,100
89.8552,100,100
89.8549,100,100
89.8546,100,100
89.8543,100,100
89.854,100,100
89.8537,100,100
89.8534,100,100
89.8531,100,100
89.8528,100,100
89.8525,100,100
89.8522,100,100
89.8519,100,100
89.8516,100,100
89.8513,100,100
89.851,100,100
89.8507,100,100
89.8504,100,100
89.8501,100,100
89.8498,100,100
89.8495,100,100
89.8492,100,100
89.8489,100,100
89.8486,100,100
89.8483,100,100
89.8481,100,100
89.8478,100,100
89.8475,100,100
89.8472,100,100
89.8469,100,100
89.8466,100,100
89.8463,100,100
89.846,100,100
89.8457,100,100
89.8454,100,100
89.8451,100,100
89.8448,100,100
89.8445,100,100
89.8442,100,100
89.8439,100,100
89.8436,100,100
89.8433,100,100
89.843,100,100
89.8427,100,100
89.8424,100,100
89.8421,100,100
89.8418,100,100
89.8415,100,100
89.8412,100,100
89.8409,100,100
89.8406,100,100
89.8403,100,100
89.84,100,100
89.8397,100,100
89.8394,100,100
89.8391,100,100
89.8388,100,100
89.8385,100,100
89.8382,100,100
89.8379,100,100
89.8376,100,100
89.8373,100,100
89.837,100,100
89.8367,100,100
89.8364,100,100
89.8361,100,100
89.8358,100,100
89.8355,100,100
89.8352,100,100
89.8349,100,100
89.8346,100,100
89.8343,100,100
89.834,100,100
89.8337,100,100
89.8334,100,100
89.8331,100,100
89.8328,100,100
89.8325,100,100
89.8323,100,100
89.832,100,100
89.8317,100,100
89.8314,100,100
89.8311,100,100
89.8308,100,100
89.8305,100,100
89.8302,100,100
89.83,100,100
89.8297,100,100
89.8294,100,100
89.8291,100,100
89.8288,100,100
89.8285,100,100
89.8282,100,100
89.8279,100,100
89.8277,100,100
89.8274,100,100
89.8271,100,100
89.8268,100,100
89.8265,100,100
89.8262,100,100
89.8259,100,100
89.8256,100,100
89.8254,100,100
89.8251,100,100
89.8248,100,100
89.8245,100,100
89.8242,100,100
89.8239,100,100
89.8236,100,100
89.8233,100,100
89.8231,100,100
89.8228,100,100
89.8225,100,100
89.8222,100,100
89.8219,100,100
89.8216,100,100
89.8213,100,100
89.821,100,100
89.8208,100,100
89.8205,100,100
89.8202,100,100
89.8199,100,100
89.8196,100,100
89.8193,100,100
89.819,100,100
89.8187,100,100
89.8185,100,100
89.8182,100,100
89.8179,100,100
89.8176,100,100
89.8173,100,100
89.817,100,100
89.8167,100,100
89.8164,100,100
89.8162,100,100
89.8159,100,100
89.8156,100,100
89.8153,100,100
89.815,100,100
89.8147,100,100
89.8144,100,100
89.8141,100,100
89.8139,100,100
89.8136,100,100
89.8133,100,100
89.813,100,100
89.8127,100,100
89.8124,100,100
89.8121,100,100
89.8118,100,100
89.8116,100,100
89.8113,100,100
89.811,100,100
89.8107,100,100
89.8104,100,100
89.8101,100,100
89.8098,100,100
89.8095,100,100
89.8093,100,100
89.809,100,100
89.8087,100,100
89.8084,100,100
89.8081,100,100
89.8078,100,100
89.8075,100,100
89.8072,100,100
89.807,100,100
89.8067,100,100
89.8064,100,100
89.8061,100,100
89.8058,100,100
89.8055,100,100
89.8052,100,100
89.8049,100,100
89.8047,100,100
89.8044,100,100
89.8041,100,100
89.8038,100,100
89.8035,100,100
89.8033,100,100
89.803,100,100
89.8027,100,100
89.8025,100,100
89.8022,100,100
89.8019,100,100
89.8016,100,100
89.8014,100,100
89.8011,100,100
89.8008,100,100
89.8006,100,100
89.8003,100,100
89.8,100,100
89.7997,100,100
89.7995,100,100
89.7992,100,100
89.7989,100,100
89.7987,100,100
89.7984,100,100
89.7981,100,100
89.7978,100,100
89.7976,100,100
89.7973,100,100
89.797,100,100
89.7968,100,100
89.7965,100,100
89.7962,100,100
89.796,100,100
89.7957,100,100
89.7954,100,100
89.7951,100,100
89.7949,100,100
89.7946,100,100
89.7943,100,100
89.7941,100,100
89.7938,100,100
89.7935,100,100
89.7932,100,100
89.793,100,100
89.7927,100,100
89.7924,100,100
89.7922,100,100
89.7919,100,100
89.7916,100,100
89.7913,100,100
89.7911,100,100
89.7908,100,100
89.7905,100,100
89.7903,100,100
89.79,100,100
89.7897,100,100
89.7894,100,100
89.7892,100,100
89.7889,100,100
89.7886,100,100
89.7884,100,100
89.7881,100,100
89.7878,100,100
89.7875,100,100
89.7873,100,100
89.787,100,100
89.7867,100,100
89.7865,100,100
89.7862,100,100
89.7859,100,100
89.7856,100,100
89.7854,100,100
89.7851,100,100
89.7848,100,100
89.7846,100,100
89.7843,100,100
89.784,100,100
89.7837,100,100
89.7835,100,100
89.7832,100,100
89.7829,100,100
89.7827,100,100
89.7824,100,100
89.7821,100,100
89.7819,100,100
89.7816,100,100
89.7813,100,100
89.781,100,100
89.7808,100,100
89.7805,100,100
89.7802,100,100
89.78,100,100
89.7797,100,100
89.7794,100,100
89.7791,100,100
89.7789,100,100
89.7786,100,100
89.7783,100,100
89.7781,100,100
89.7778,100,100
89.7775,100,100
89.7772,100,100
89.777,100,100
89.7767,100,100
89.7765,100,100
89.7762,100,100
89.7759,100,100
89.7757,100,100
89.7754,100,100
89.7752,100,100
89.7749,100,100
89.7746,100,100
89.7744,100,100
89.7741,100,100
89.7739,100,100
89.7736,100,100
89.7734,100,100
89.7731,100,100
89.7728,100,100
89.7726,100,100
89.7723,100,100
89.7721,100,100
89.7718,100,100
89.7715,100,100
89.7713,100,100
89.771,100,100
89.7708,100,100
89.7705,100,100
89.7703,100,100
89.77,100,100
89.7697,100,100
89.7695,100,100
89.7692,100,100
89.769,100,100
89.7687,100,100
89.7684,100,100
89.7682,100,100
89.7679,100,100
89.7677,100,100
89.7674,100,100
89.7672,100,100
89.7669,100,100
89.7666,100,100
89.7664,100,100
89.7661,100,100
89.7659,100,100
89.7656,100,100
89.7653,100,100
89.7651,100,100
89.7648,100,100
89.7646,100,100
89.7643,100,100
89.7641,100,100
89.7638,100,100
89.7635,100,100
89.7633,100,100
89.763,100,100
89.7628,100,100
89.7625,100,100
89.7622,100,100
89.762,100,100
89.7617,100,100
89.7615,100,100
89.7612,100,100
89.761,100,100
89.7607,100,100
89.7604,100,100
89.7602,100,100
89.7599,100,100
89.7597,100,100
89.7594,100,100
89.7591,100,100
89.7589,100,100
89.7586,100,100
89.7584,100,100
89.7581,100,100
89.7579,100,100
89.7576,100,100
89.7573,100,100
89.7571,100,100
89.7568,100,100
89.7566,100,100
89.7563,100,100
89.756,100,100
89.7558,100,100
89.7555,100,100
89.7553,100,100
89.755,100,100
89.7547,100,100
89.7545,100,100
89.7542,100,100
89.754,100,100
89.7537,100,100
89.7535,100,100
89.7532,100,100
89.7529,100,100
89.7527,100,100
89.7524,100,100
89.7522,100,100
89.7519,100,100
89.7516,100,100
89.7514,100,100
89.7511,100,100
89.7509,100,100
89.7506,100,100
89.7504,100,100
89.7501,100,100
89.7498,100,100
89.7496,100,100
89.7493,100,100
89.7491,100,100
89.7488,100,100
89.7486,100,100
89.7483,100,100
89.748,100,100
89.7478,100,100
89.7475,100,100
89.7473,100,100
89.747,100,100
89.7468,100,100
89.7465,100,100
89.7462,100,100
89.746,100,100
89.7457,100,100
89.7455,100,100
89.7452,100,100
89.745,100,100
89.7447,100,100
89.7444,100,100
89.7442,100,100
89.7439,100,100
89.7437,100,100
89.7434,100,100
89.7431,100,100
89.7429,100,100
89.7426,100,100
89.7424,100,100
89.7421,100,100
89.7419,100,100
89.7416,100,100
89.7413,100,100
89.7411,100,100
89.7408,100,100
89.7406,100,100
89.7403,100,100
89.7401,100,100
89.7398,100,100
89.7395,100,100
89.7393,100,100
89.739,100,100
89.7388,100,100
89.7385,100,100
89.7383,100,100
89.738,100,100
89.7377,100,100
89.7375,100,100
89.7372,100,100
89.737,100,100
89.7367,100,100
89.7365,100,100
89.7362,100,100
89.7359,100,100
89.7357,100,100
89.7354,100,100
89.7352,100,100
89.7349,100,100
89.7346,100,100
89.7344,100,100
89.7341,100,100
89.7339,100,100
89.7336,100,100
89.7334,100,100
89.7331,100,100
89.7328,100,100
89.7326,100,100
89.7323,100,100
89.7321,100,100
89.7318,100,100
89.7316,100,100
89.7313,100,100
89.731,100,100
89.7308,100,100
89.7305,100,100
89.7303,100,100
89.73,100,100
89.7298,100,100
89.7295,100,100
89.7292,100,100
89.729,100,100
89.7287,100,100
89.7285,100,100
89.7282,100,100
89.728,100,100
89.7277,100,100
89.7274,100,100
89.7272,100,100
89.7269,100,100
89.7267,100,100
89.7264,100,100
89.7261,100,100
89.7259,100,100
89.7256,100,100
89.7254,100,100
89.7251,100,100
89.7249,100,100
89.7246,100,100
89.7243,100,100
89.7241,100,100
89.7238,100,100
89.7236,100,100
89.7233,100,100
89.7231,100,100
89.7228,100,100
89.7225,100,100
89.7223,100,100
89.722,100,100
89.7218,100,100
89.7215,100,100
89.7212,100,100
89.721,100,100
89.7207,100,100
89.7205,100,100
89.7202,100,100
89.72,100,100
89.7197,100,100
89.7194,100,100
89.7192,100,100
89.7189,100,100
89.7187,100,100
89.7184,100,100
89.7181,100,100
89.7179,100,100
89.7176,100,100
89.7174,100,100
89.7171,100,100
89.7169,100,100
89.7166,100,100
89.7163,100,100
89.7161,100,100
89.7158,100,100
89.7156,100,100
89.7153,100,100
89.715,100,100
89.7148,100,100
89.7145,100,100
89.7143,100,100
89.714,100,100
89.7138,100,100
89.7135,100,100
89.7132,100,100
89.713,100,100
89.7127,100,100
89.7125,100,100
89.7122,100,100
89.712,100,100
89.7117,100,100
89.7114,100,100
89.7112,100,100
89.7109,100,100
89.7107,100,100
89.7104,100,100
89.7101,100,100
89.7099,100,100
89.7096,100,100
89.7094,100,100
89.7091,100,100
89.7089,100,100
89.7086,100,100
89.7083,100,100
89.7081,100,100
89.7078,100,100
89.7076,100,100
89.7073,100,100
89.707,100,100
89.7068,100,100
89.7065,100,100
89.7063,100,100
89.706,100,100
89.7058,100,100
89.7055,100,100
89.7052,100,100
89.705,100,100
89.7047,100,100
89.7045,100,100
89.7042,100,100
89.7039,100,100
89.7037,100,100
89.7034,100,100
89.7032,100,100
89.7029,100,100
89.7027,100,100
89.7024,100,100
89.7021,100,100
89.7019,100,100
89.7016,100,100
89.7014,100,100
89.7011,100,100
89.7009,100,100
89.7006,100,100
89.7003,100,100
89.7001,100,100
89.6998,100,100
89.6996,100,100
89.6993,100,100
89.6991,100,100
89.6988,100,100
89.6986,100,100
89.6983,100,100
89.698,100,100
89.6978,100,100
89.6975,100,100
89.6973,100,100
89.697,100,100
89.6968,100,100
89.6965,100,100
89.6963,100,100
89.696,100,100
89.6958,100,100
89.6955,100,100
89.6953,100,100
89.695,100,100
89.6948,100,100
89.6945,100,100
89.6943,100,100
89.694,100,100
89.6937,100,100
89.6935,100,100
89.6932,100,100
89.693,100,100
89.6927,100,100
89.6925,100,100
89.6922,100,100
89.692,100,100
89.6917,100,100
89.6915,100,100
89.6912,100,100
89.691,100,100
89.6907,100,100
89.6905,100,100
89.6902,100,100
89.69,100,100
89.6897,100,100
89.6894,100,100
89.6892,100,100
89.6889,100,100
89.6887,100,100
89.6884,100,100
89.6882,100,100
89.6879,100,100
89.6877,100,100
89.6874,100,100
89.6872,100,100
89.6869,100,100
89.6867,100,100
89.6864,100,100
89.6862,100,100
89.6859,100,100
89.6857,100,100
89.6854,100,100
89.6852,100,100
89.6849,100,100
89.6846,100,100
89.6844,100,100
89.6841,100,100
89.6839,100,100
89.6836,100,100
89.6834,100,100
89.6831,100,100
89.6829,100,100
89.6826,100,100
89.6824,100,100
89.6821,100,100
89.6819,100,100
89.6816,100,100
89.6814,100,100
89.6811,100,100
89.6809,100,100
89.6806,100,100
89.6803,100,100
89.6801,100,100
89.6798,100,100
89.6796,100,100
89.6793,100,100
89.6791,100,100
89.6788,100,100
89.6786,100,100
89.6783,100,100
89.6781,100,100
89.6778,100,100
89.6776,100,100
89.6773,100,100
89.6771,100,100
89.6768,100,100
89.6766,100,100
89.6763,100,100
89.6761,100,100
89.6758,100,100
89.6755,100,100
89.6753,100,100
89.675,100,100
89.6748,100,100
89.6745,100,100
89.6743,100,100
89.674,100,100
89.6738,100,100
89.6735,100,100
89.6733,100,100
89.673,100,100
89.6728,100,100
89.6725,100,100
89.6723,100,100
89.672,100,100
89.6718,100,100
89.6715,100,100
89.6713,100,100
89.671,100,100
89.6707,100,100
89.6705,100,100
89.6702,100,100
89.67,100,100
89.6697,100,100
89.6695,100,100
89.6692,100,100
89.669,100,100
89.6687,100,100
89.6685,100,100
89.6682,100,100
89.668,100,100
89.6677,100,100
89.6675,100,100
89.6672,100,100
89.667,100,100
89.6667,100,100
89.6665,100,100
89.6662,100,100
89.666,100,100
89.6657,100,100
89.6655,100,100
89.6652,100,100
89.6649,100,100
89.6647,100,100
89.6644,100,100
89.6642,100,100
89.6639,100,100
89.6637,100,100
89.6634,100,100
89.6632,100,100
89.6629,100,100
89.6627,100,100
89.6624,100,100
89.6622,100,100
89.6619,100,100
89.6617,100,100
89.6614,100,100
89.6612,100,100
89.6609,100,100
89.6607,100,100
89.6604,100,100
89.6602,100,100
89.6599,100,100
89.6596,100,100
89.6594,100,100
89.6591,100,100
89.6589,100,100
89.6586,100,100
89.6584,100,100
89.6581,100,100
89.6579,100,100
89.6576,100,100
89.6574,100,100
89.6571,100,100
89.6569,100,100
89.6566,100,100
89.6564,100,100
89.6561,100,100
89.6559,100,100
89.6556,100,100
89.6554,100,100
89.6551,100,100
89.6549,100,100
89.6546,100,100
89.6543,100,100
89.6541,100,100
89.6538,100,100
89.6536,100,100
89.6533,100,100
89.6531,100,100
89.6528,100,100
89.6526,100,100
89.6523,100,100
89.6521,100,100
89.6518,100,100
89.6516,100,100
89.6513,100,100
89.6511,100,100
89.6508,100,100
89.6506,100,100
89.6503,100,100
89.6501,100,100
89.6498,100,100
89.6496,100,100
89.6493,100,100
89.649,100,100
89.6488,100,100
89.6485,100,100
89.6483,100,100
89.648,100,100
89.6477,100,100
89.6475,100,100
89.6472,100,100
89.6469,100,100
89.6467,100,100
89.6464,100,100
89.6462,100,100
89.6459,100,100
89.6456,100,100
89.6454,100,100
89.6451,100,100
89.6448,100,100
89.6446,100,100
89.6443,100,100
89.6441,100,100
89.6438,100,100
89.6435,100,100
89.6433,100,100
89.643,100,100
89.6427,100,100
89.6425,100,100
89.6422,100,100
89.6419,100,100
89.6417,100,100
89.6414,100,100
89.6412,100,100
89.6409,100,100
89.6406,100,100
89.6404,100,100
89.6401,100,100
89.6398,100,100
89.6396,100,100
89.6393,100,100
89.6391,100,100
89.6388,100,100
89.6385,100,100
89.6383,100,100
89.638,100,100
89.6377,100,100
89.6375,100,100
89.6372,100,100
89.637,100,100
89.6367,100,100
89.6364,100,100
89.6362,100,100
89.6359,100,100
89.6356,100,100
89.6354,100,100
89.6351,100,100
89.6348,100,100
89.6346,100,100
89.6343,100,100
89.6341,100,100
89.6338,100,100
89.6335,100,100
89.6333,100,100
89.633,100,100
89.6327,100,100
89.6325,100,100
89.6322,100,100
89.632,100,100
89.6317,100,100
89.6314,100,100
89.6312,100,100
89.6309,100,100
89.6306,100,100
89.6304,100,100
89.6301,100,100
89.6299,100,100
89.6296,100,100
89.6293,100,100
89.6291,100,100
89.6288,100,100
89.6285,100,100
89.6283,100,100
89.628,100,100
89.6278,100,100
89.6275,100,100
89.6272,100,100
89.627,100,100
89.6267,100,100
89.6264,100,100
89.6262,100,100
89.6259,100,100
89.6256,100,100
89.6254,100,100
89.6251,100,100
89.6249,100,100
89.6246,100,100
89.6243,100,100
89.6241,100,100
89.6238,100,100
89.6235,100,100
89.6233,100,100
89.623,100,100
89.6228,100,100
89.6225,100,100
89.6222,100,100
89.6219,100,100
89.6217,100,100
89.6214,100,100
89.6211,100,100
89.6209,100,100
89.6206,100,100
89.6203,100,100
89.62,100,100
89.6198,100,100
89.6195,100,100
89.6192,100,100
89.619,100,100
89.6187,100,100
89.6184,100,100
89.6181,100,100
89.6179,100,100
89.6176,100,100
89.6173,100,100
89.6171,100,100
89.6168,100,100
89.6165,100,100
89.6162,100,100
89.616,100,100
89.6157,100,100
89.6154,100,100
89.6152,100,100
89.6149,100,100
89.6146,100,100
89.6143,100,100
89.6141,100,100
89.6138,100,100
89.6135,100,100
89.6133,100,100
89.613,100,100
89.6127,100,100
89.6124,100,100
89.6122,100,100
89.6119,100,100
89.6116,100,100
89.6114,100,100
89.6111,100,100
89.6108,100,100
89.6105,100,100
89.6103,100,100
89.61,100,100
89.6097,100,100
89.6095,100,100
89.6092,100,100
89.6089,100,100
89.6087,100,100
89.6084,100,100
89.6081,100,100
89.6078,100,100
89.6076,100,100
89.6073,100,100
89.607,100,100
89.6068,100,100
89.6065,100,100
89.6062,100,100
89.6059,100,100
89.6057,100,100
89.6054,100,100
89.6051,100,100
89.6049,100,100
89.6046,100,100
89.6043,100,100
89.604,100,100
89.6038,100,100
89.6035,100,100
89.6032,100,100
89.603,100,100
89.6027,100,100
89.6024,100,100
89.6021,100,100
89.6019,100,100
89.6016,100,100
89.6013,100,100
89.6011,100,100
89.6008,100,100
89.6005,100,100
89.6002,100,100
89.6,100,100
89.5997,100,100
89.5994,100,100
89.5992,100,100
89.5989,100,100
89.5986,100,100
89.5983,100,100
89.5981,100,100
89.5978,100,100
89.5975,100,100
89.5973,100,100
89.597,100,100
89.5967,100,100
89.5964,100,100
89.5962,100,100
89.5959,100,100
89.5956,100,100
89.5954,100,100
89.5951,100,100
89.5948,100,100
89.5945,100,100
89.5943,100,100
89.594,100,100
89.5937,100,100
89.5934,100,100
89.5932,100,100
89.5929,100,100
89.5926,100,100
89.5923,100,100
89.5921,100,100
89.5918,100,100
89.5915,100,100
89.5912,100,100
89.591,100,100
89.5907,100,100
89.5904,100,100
89.5901,100,100
89.5899,100,100
89.5896,100,100
89.5893,100,100
89.589,100,100
89.5888,100,100
89.5885,100,100
89.5882,100,100
89.5879,100,100
89.5877,100,100
89.5874,100,100
89.5871,100,100
89.5868,100,100
89.5866,100,100
89.5863,100,100
89.586,100,100
89.5857,100,100
89.5855,100,100
89.5852,100,100
89.5849,100,100
89.5846,100,100
89.5844,100,100
89.5841,100,100
89.5838,100,100
89.5835,100,100
89.5833,100,100
89.583,100,100
89.5827,100,100
89.5824,100,100
89.5822,100,100
89.5819,100,100
89.5816,100,100
89.5813,100,100
89.5811,100,100
89.5808,100,100
89.5805,100,100
89.5802,100,100
89.58,100,100
89.5797,100,100
89.5794,100,100
89.5791,100,100
89.5789,100,100
89.5786,100,100
89.5783,100,100
89.578,100,100
89.5778,100,100
89.5775,100,100
89.5772,100,100
89.5769,100,100
89.5767,100,100
89.5764,100,100
89.5761,100,100
89.5758,100,100
89.5756,100,100
89.5753,100,100
89.575,100,100
89.5747,100,100
89.5745,100,100
89.5742,100,100
89.5739,100,100
89.5736,100,100
89.5734,100,100
89.5731,100,100
89.5728,100,100
89.5725,100,100
89.5723,100,100
89.572,100,100
89.5717,100,100
89.5714,100,100
89.5712,100,100
89.5709,100,100
89.5706,100,100
89.5703,100,100
89.5701,100,100
89.5698,100,100
89.5695,100,100
89.5692,100,100
89.569,100,100
89.5687,100,100
89.5684,100,100
89.5681,100,100
89.5679,100,100
89.5676,100,100
89.5673,100,100
89.567,100,100
89.5667,100,100
89.5664,100,100
89.5661,100,100
89.5659,100,100
89.5656,100,100
89.5653,100,100
89.565,100,100
89.5647,100,100
89.5644,100,100
89.5641,100,100
89.5638,100,100
89.5636,100,100
89.5633,100,100
89.563,100,100
89.5627,100,100
89.5624,100,100
89.5621,100,100
89.5618,100,100
89.5615,100,100
89.5613,100,100
89.561,100,100
89.5607,100,100
89.5604,100,100
89.5601,100,100
89.5598,100,100
89.5595,100,100
89.5593,100,100
89.559,100,100
89.5587,100,100
89.5584,100,100
89.5581,100,100
89.5578,100,100
89.5575,100,100
89.5572,100,100
89.557,100,100
89.5567,100,100
89.5564,100,100
89.5561,100,100
89.5558,100,100
89.5555,100,100
89.5552,100,100
89.5549,100,100
89.5547,100,100
89.5544,100,100
89.5541,100,100
89.5538,100,100
89.5535,100,100
89.5532,100,100
89.5529,100,100
89.5527,100,100
89.5524,100,100
89.5521,100,100
89.5518,100,100
89.5515,100,100
89.5512,100,100
89.5509,100,100
89.5506,100,100
89.5504,100,100
89.5501,100,100
89.5498,100,100
89.5495,100,100
89.5492,100,100
89.5489,100,100
89.5486,100,100
89.5483,100,100
89.5481,100,100
89.5478,100,100
89.5475,100,100
89.5472,100,100
89.5469,100,100
89.5466,100,100
89.5463,100,100
89.5461,100,100
89.5458,100,100
89.5455,100,100
89.5452,100,100
89.5449,100,100
89.5446,100,100
89.5443,100,100
89.544,100,100
89.5438,100,100
89.5435,100,100
89.5432,100,100
89.5429,100,100
89.5426,100,100
89.5423,100,100
89.542,100,100
89.5418,100,100
89.5415,100,100
89.5412,100,100
89.5409,100,100
89.5406,100,100
89.5403,100,100
89.54,100,100
89.5397,100,100
89.5394,100,100
89.5391,100,100
89.5388,100,100
89.5385,100,100
89.5381,100,100
89.5378,100,100
89.5375,100,100
89.5372,100,100
89.5368,100,100
89.5365,100,100
89.5362,100,100
89.5359,100,100
89.5355,100,100
89.5352,100,100
89.5349,100,100
89.5346,100,100
89.5342,100,100
89.5339,100,100
89.5336,100,100
89.5333,100,100
89.5329,100,100
89.5326,100,100
89.5323,100,100
89.532,100,100
89.5316,100,100
89.5313,100,100
89.531,100,100
89.5307,100,100
89.5303,100,100
89.53,100,100
89.5297,100,100
89.5294,100,100
89.529,100,100
89.5287,100,100
89.5284,100,100
89.5281,100,100
89.5277,100,100
89.5274,100,100
89.5271,100,100
89.5268,100,100
89.5264,100,100
89.5261,100,100
89.5258,100,100
89.5254,100,100
89.5251,100,100
89.5248,100,100
89.5245,100,100
89.5241,100,100
89.5238,100,100
89.5235,100,100
89.5232,100,100
89.5228,100,100
89.5225,100,100
89.5222,100,100
89.5219,100,100
89.5215,100,100
89.5212,100,100
89.5209,100,100
89.5206,100,100
89.5202,100,100
89.5199,100,100
89.5196,100,100
89.5193,100,100
89.5189,100,100
89.5186,100,100
89.5183,100,100
89.518,100,100
89.5176,100,100
89.5173,100,100
89.517,100,100
89.5167,100,100
89.5163,100,100
89.516,100,100
89.5157,100,100
89.5154,100,100
89.515,100,100
89.5147,100,100
89.5144,100,100
89.5141,100,100
89.5137,100,100
89.5134,100,100
89.5131,100,100
89.5128,100,100
89.5124,100,100
89.5121,100,100
89.5118,100,100
89.5114,100,100
89.5111,100,100
89.5108,100,100
89.5105,100,100
89.5101,100,100
89.5098,100,100
89.5095,100,100
89.5092,100,100
89.5088,100,100
89.5085,100,100
89.5082,100,100
89.5079,100,100
89.5075,100,100
89.5072,100,100
89.5069,100,100
89.5066,100,100
89.5062,100,100
89.5059,100,100
89.5055,100,100
89.5052,100,100
89.5049,100,100
89.5045,100,100
89.5042,100,100
89.5039,100,100
89.5035,100,100
89.5032,100,100
89.5029,100,100
89.5025,100,100
89.5022,100,100
89.5018,100,100
89.5015,100,100
89.5012,100,100
89.5008,100,100
89.5005,100,100
89.5002,100,100
89.4998,100,100
89.4995,100,100
89.4992,100,100
89.4988,100,100
89.4985,100,100
89.4981,100,100
89.4978,100,100
89.4975,100,100
89.4971,100,100
89.4968,100,100
89.4965,100,100
89.4961,100,100
89.4958,100,100
89.4955,100,100
89.4951,100,100
89.4948,100,100
89.4944,100,100
89.4941,100,100
89.4938,100,100
89.4934,100,100
89.4931,100,100
89.4928,100,100
89.4924,100,100
89.4921,100,100
89.4918,100,100
89.4914,100,100
89.4911,100,100
89.4907,100,100
89.4904,100,100
89.4901,100,100
89.4897,100,100
89.4894,100,100
89.4891,100,100
89.4887,100,100
89.4884,100,100
89.4881,100,100
89.4877,100,100
89.4874,100,100
89.487,100,100
89.4867,100,100
89.4864,100,100
89.486,100,100
89.4857,100,100
89.4854,100,100
89.485,100,100
89.4847,100,100
89.4844,100,100
89.484,100,100
89.4837,100,100
89.4833,100,100
89.483,100,100
89.4827,100,100
89.4823,100,100
89.482,100,100
89.4817,100,100
89.4813,100,100
89.481,100,100
89.4807,100,100
89.4803,100,100
89.48,100,100
89.4796,100,100
89.4793,100,100
89.479,100,100
89.4786,100,100
89.4783,100,100
89.478,100,100
89.4776,100,100
89.4773,100,100
89.477,100,100
89.4766,100,100
89.4763,100,100
89.4759,100,100
89.4756,100,100
89.4753,100,100
89.4749,100,100
89.4746,100,100
89.4743,100,100
89.4739,100,100
89.4736,100,100
89.4733,100,100
89.4729,100,100
89.4726,100,100
89.4723,100,100
89.4719,100,100
89.4716,100,100
89.4713,100,100
89.4709,100,100
89.4706,100,100
89.4703,100,100
89.47,100,100
89.4696,100,100
89.4693,100,100
89.469,100,100
89.4686,100,100
89.4683,100,100
89.468,100,100
89.4677,100,100
89.4673,100,100
89.467,100,100
89.4667,100,100
89.4663,100,100
89.466,100,100
89.4657,100,100
89.4654,100,100
89.465,100,100
89.4647,100,100
89.4644,100,100
89.464,100,100
89.4637,100,100
89.4634,100,100
89.463,100,100
89.4627,100,100
89.4624,100,100
89.4621,100,100
89.4617,100,100
89.4614,100,100
89.4611,100,100
89.4607,100,100
89.4604,100,100
89.4601,100,100
89.4598,100,100
89.4594,100,100
89.4591,100,100
89.4588,100,100
89.4584,100,100
89.4581,100,100
89.4578,100,100
89.4575,100,100
89.4571,100,100
89.4568,100,100
89.4565,100,100
89.4561,100,100
89.4558,100,100
89.4555,100,100
89.4551,100,100
89.4548,100,100
89.4545,100,100
89.4542,100,100
89.4538,100,100
89.4535,100,100
89.4532,100,100
89.4528,100,100
89.4525,100,100
89.4522,100,100
89.4519,100,100
89.4515,100,100
89.4512,100,100
89.4509,100,100
89.4505,100,100
89.4502,100,100
89.4499,100,100
89.4496,100,100
89.4492,100,100
89.4489,100,100
89.4486,100,100
89.4482,100,100
89.4479,100,100
89.4476,100,100
89.4473,100,100
89.4469,100,100
89.4466,100,100
89.4463,100,100
89.4459,100,100
89.4456,100,100
89.4453,100,100
89.4449,100,100
89.4446,100,100
89.4443,100,100
89.444,100,100
89.4436,100,100
89.4433,100,100
89.443,100,100
89.4426,100,100
89.4423,100,100
89.442,100,100
89.4417,100,100
89.4413,100,100
89.441,100,100
89.4407,100,100
89.4403,100,100
89.44,100,100
89.4397,100,100
89.4394,100,100
89.4391,100,100
89.4387,100,100
89.4384,100,100
89.4381,100,100
89.4378,100,100
89.4375,100,100
89.4371,100,100
89.4368,100,100
89.4365,100,100
89.4362,100,100
89.4359,100,100
89.4355,100,100
89.4352,100,100
89.4349,100,100
89.4346,100,100
89.4343,100,100
89.4339,100,100
89.4336,100,100
89.4333,100,100
89.433,100,100
89.4327,100,100
89.4323,100,100
89.432,100,100
89.4317,100,100
89.4314,100,100
89.4311,100,100
89.4307,100,100
89.4304,100,100
89.4301,100,100
89.4298,100,100
89.4295,100,100
89.4291,100,100
89.4288,100,100
89.4285,100,100
89.4282,100,100
89.4279,100,100
89.4275,100,100
89.4272,100,100
89.4269,100,100
89.4266,100,100
89.4262,100,100
89.4259,100,100
89.4256,100,100
89.4253,100,100
89.425,100,100
89.4246,100,100
89.4243,100,100
89.424,100,100
89.4237,100,100
89.4234,100,100
89.423,100,100
89.4227,100,100
89.4224,100,100
89.4221,100,100
89.4218,100,100
89.4214,100,100
89.4211,100,100
89.4208,100,100
89.4205,100,100
89.4202,100,100
89.4198,100,100
89.4195,100,100
89.4192,100,100
89.4189,100,100
89.4186,100,100
89.4182,100,100
89.4179,100,100
89.4176,100,100
89.4173,100,100
89.417,100,100
89.4166,100,100
89.4163,100,100
89.416,100,100
89.4157,100,100
89.4154,100,100
89.415,100,100
89.4147,100,100
89.4144,100,100
89.4141,100,100
89.4138,100,100
89.4134,100,100
89.4131,100,100
89.4128,100,100
89.4125,100,100
89.4122,100,100
89.4118,100,100
89.4115,100,100
89.4112,100,100
89.4109,100,100
89.4106,100,100
89.4102,100,100
89.4099,100,100
89.4096,100,100
89.4093,100,100
89.409,100,100
89.4086,100,100
89.4083,100,100
89.408,100,100
89.4077,100,100
89.4074,100,100
89.4071,100,100
89.4067,100,100
89.4064,100,100
89.4061,100,100
89.4058,100,100
89.4055,100,100
89.4052,100,100
89.4049,100,100
89.4045,100,100
89.4042,100,100
89.4039,100,100
89.4036,100,100
89.4033,100,100
89.403,100,100
89.4027,100,100
89.4023,100,100
89.402,100,100
89.4017,100,100
89.4014,100,100
89.4011,100,100
89.4008,100,100
89.4005,100,100
89.4001,100,100
89.3998,100,100
89.3995,100,100
89.3992,100,100
89.3989,100,100
89.3986,100,100
89.3983,100,100
89.3979,100,100
89.3976,100,100
89.3973,100,100
89.397,100,100
89.3967,100,100
89.3964,100,100
89.3961,100,100
89.3957,100,100
89.3954,100,100
89.3951,100,100
89.3948,100,100
89.3945,100,100
89.3942,100,100
89.3939,100,100
89.3935,100,100
89.3932,100,100
89.3929,100,100
89.3926,100,100
89.3923,100,100
89.392,100,100
89.3917,100,100
89.3913,100,100
89.391,100,100
89.3907,100,100
89.3904,100,100
89.3901,100,100
89.3898,100,100
89.3895,100,100
89.3891,100,100
89.3888,100,100
89.3885,100,100
89.3882,100,100
89.3879,100,100
89.3876,100,100
89.3873,100,100
89.3869,100,100
89.3866,100,100
89.3863,100,100
89.386,100,100
89.3857,100,100
89.3854,100,100
89.385,100,100
89.3847,100,100
89.3844,100,100
89.3841,100,100
89.3838,100,100
89.3835,100,100
89.3832,100,100
89.3828,100,100
89.3825,100,100
89.3822,100,100
89.3819,100,100
89.3816,100,100
89.3813,100,100
89.381,100,100
89.3806,100,100
89.3803,100,100
89.38,100,100
89.3797,100,100
89.3794,100,100
89.3791,100,100
89.3788,100,100
89.3784,100,100
89.3781,100,100
89.3778,100,100
89.3775,100,100
89.3772,100,100
89.3769,100,100
89.3766,100,100
89.3763,100,100
89.3759,100,100
89.3756,100,100
89.3753,100,100
89.375,100,100
89.3747,100,100
89.3744,100,100
89.3741,100,100
89.3738,100,100
89.3735,100,100
89.3731,100,100
89.3728,100,100
89.3725,100,100
89.3722,100,100
89.3719,100,100
89.3716,100,100
89.3713,100,100
89.371,100,100
89.3707,100,100
89.3703,100,100
89.37,100,100
89.3697,100,100
89.3694,100,100
89.3691,100,100
89.3688,100,100
89.3685,100,100
89.3682,100,100
89.3679,100,100
89.3675,100,100
89.3672,100,100
89.3669,100,100
89.3666,100,100
89.3663,100,100
89.366,100,100
89.3657,100,100
89.3654,100,100
89.3651,100,100
89.3647,100,100
89.3644,100,100
89.3641,100,100
89.3638,100,100
89.3635,100,100
89.3632,100,100
89.3629,100,100
89.3626,100,100
89.3623,100,100
89.3619,100,100
89.3616,100,100
89.3613,100,100
89.361,100,100
89.3607,100,100
89.3604,100,100
89.3601,100,100
89.3598,100,100
89.3595,100,100
89.3591,100,100
89.3588,100,100
89.3585,100,100
89.3582,100,100
89.3579,100,100
89.3576,100,100
89.3573,100,100
89.357,100,100
89.3567,100,100
89.3563,100,100
89.356,100,100
89.3557,100,100
89.3554,100,100
89.3551,100,100
89.3548,100,100
89.3545,100,100
89.3542,100,100
89.3539,100,100
89.3535,100,100
89.3532,100,100
89.3529,100,100
89.3526,100,100
89.3523,100,100
89.352,100,100
89.3517,100,100
89.3514,100,100
89.3511,100,100
89.3507,100,100
89.3504,100,100
89.3501,100,100
89.3498,100,100
89.3495,100,100
89.3492,100,100
89.3489,100,100
89.3486,100,100
89.3483,100,100
89.3479,100,100
89.3476,100,100
89.3473,100,100
89.347,100,100
89.3467,100,100
89.3464,100,100
89.3461,100,100
89.3458,100,100
89.3455,100,100
89.3452,100,100
89.3448,100,100
89.3445,100,100
89.3442,100,100
89.3439,100,100
89.3436,100,100
89.3433,100,100
89.343,100,100
89.3427,100,100
89.3424,100,100
89.3421,100,100
89.3418,100,100
89.3415,100,100
89.3412,100,100
89.3409,100,100
89.3406,100,100
89.3403,100,100
89.34,100,100
89.3396,100,100
89.3393,100,100
89.339,100,100
89.3387,100,100
89.3384,100,100
89.3381,100,100
89.3378,100,100
89.3375,100,100
89.3372,100,100
89.3369,100,100
89.3366,100,100
89.3363,100,100
89.336,100,100
89.3357,100,100
89.3354,100,100
89.3351,100,100
89.3348,100,100
89.3344,100,100
89.3341,100,100
89.3338,100,100
89.3335,100,100
89.3332,100,100
89.3329,100,100
89.3326,100,100
89.3323,100,100
89.332,100,100
89.3317,100,100
89.3314,100,100
89.3311,100,100
89.3308,100,100
89.3305,100,100
89.3302,100,100
89.3299,100,100
89.3296,100,100
89.3292,100,100
89.3289,100,100
89.3286,100,100
89.3283,100,100
89.328,100,100
89.3277,100,100
89.3274,100,100
89.3271,100,100
89.3268,100,100
89.3265,100,100
89.3262,100,100
89.3259,100,100
89.3256,100,100
89.3253,100,100
89.325,100,100
89.3247,100,100
89.3244,100,100
89.324,100,100
89.3237,100,100
89.3234,100,100
89.3231,100,100
89.3228,100,100
89.3225,100,100
89.3222,100,100
89.3219,100,100
89.3216,100,100
89.3213,100,100
89.321,100,100
89.3207,100,100
89.3204,100,100
89.3201,100,100
89.3198,100,100
89.3195,100,100
89.3192,100,100
89.3188,100,100
89.3185,100,100
89.3182,100,100
89.3179,100,100
89.3176,100,100
89.3173,100,100
89.317,100,100
89.3167,100,100
89.3164,100,100
89.3161,100,100
89.3158,100,100
89.3155,100,100
89.3152,100,100
89.3149,100,100
89.3146,100,100
89.3143,100,100
89.314,100,100
89.3137,100,100
89.3134,100,100
89.3131,100,100
89.3128,100,100
89.3125,100,100
89.3122,100,100
89.3119,100,100
89.3116,100,100
89.3113,100,100
89.311,100,100
89.3107,100,100
89.3104,100,100
89.3102,100,100
89.3099,100,100
89.3096,100,100
89.3093,100,100
89.309,100,100
89.3087,100,100
89.3084,100,100
89.3081,100,100
89.3078,100,100
89.3075,100,100
89.3072,100,100
89.3069,100,100
89.3066,100,100
89.3063,100,100
89.306,100,100
89.3057,100,100
89.3054,100,100
89.3051,100,100
89.3048,100,100
89.3045,100,100
89.3042,100,100
89.3039,100,100
89.3037,100,100
89.3034,100,100
89.3031,100,100
89.3028,100,100
89.3025,100,100
89.3022,100,100
89.3019,100,100
89.3016,100,100
89.3013,100,100
89.301,100,100
89.3007,100,100
89.3004,100,100
89.3001,100,100
89.2998,100,100
89.2995,100,100
89.2992,100,100
89.2989,100,100
89.2986,100,100
89.2983,100,100
89.298,100,100
89.2977,100,100
89.2974,100,100
89.2971,100,100
89.2969,100,100
89.2966,100,100
89.2963,100,100
89.296,100,100
89.2957,100,100
89.2954,100,100
89.2951,100,100
89.2948,100,100
89.2945,100,100
89.2942,100,100
89.2939,100,100
89.2936,100,100
89.2933,100,100
89.293,100,100
89.2927,100,100
89.2924,100,100
89.2921,100,100
89.2918,100,100
89.2915,100,100
89.2912,100,100
89.2909,100,100
89.2906,100,100
89.2903,100,100
89.2901,100,100
89.2898,100,100
89.2895,100,100
89.2892,100,100
89.2889,100,100
89.2886,100,100
89.2883,100,100
89.288,100,100
89.2877,100,100
89.2874,100,100
89.2871,100,100
89.2868,100,100
89.2865,100,100
89.2862,100,100
89.2859,100,100
89.2856,100,100
89.2853,100,100
89.2851,100,100
89.2848,100,100
89.2845,100,100
89.2842,100,100
89.2839,100,100
89.2837,100,100
89.2834,100,100
89.2831,100,100
89.2828,100,100
89.2825,100,100
89.2822,100,100
89.282,100,100
89.2817,100,100
89.2814,100,100
89.2811,100,100
89.2808,100,100
89.2806,100,100
89.2803,100,100
89.28,100,100
89.2797,100,100
89.2794,100,100
89.2792,100,100
89.2789,100,100
89.2786,100,100
89.2783,100,100
89.278,100,100
89.2777,100,100
89.2775,100,100
89.2772,100,100
89.2769,100,100
89.2766,100,100
89.2763,100,100
89.2761,100,100
89.2758,100,100
89.2755,100,100
89.2752,100,100
89.2749,100,100
89.2747,100,100
89.2744,100,100
89.2741,100,100
89.2738,100,100
89.2735,100,100
89.2733,100,100
89.273,100,100
89.2727,100,100
89.2724,100,100
89.2721,100,100
89.2718,100,100
89.2716,100,100
89.2713,100,100
89.271,100,100
89.2707,100,100
89.2704,100,100
89.2702,100,100
89.2699,100,100
89.2696,100,100
89.2693,100,100
89.269,100,100
89.2688,100,100
89.2685,100,100
89.2682,100,100
89.2679,100,100
89.2676,100,100
89.2673,100,100
89.2671,100,100
89.2668,100,100
89.2665,100,100
89.2662,100,100
89.2659,100,100
89.2657,100,100
89.2654,100,100
89.2651,100,100
89.2648,100,100
89.2645,100,100
89.2643,100,100
89.264,100,100
89.2637,100,100
89.2634,100,100
89.2631,100,100
89.2628,100,100
89.2626,100,100
89.2623,100,100
89.262,100,100
89.2617,100,100
89.2614,100,100
89.2612,100,100
89.2609,100,100
89.2606,100,100
89.2603,100,100
89.26,100,100
89.2598,100,100
89.2595,100,100
89.2592,100,100
89.2589,100,100
89.2586,100,100
89.2583,100,100
89.2581,100,100
89.2578,100,100
89.2575,100,100
89.2572,100,100
89.257,100,100
89.2567,100,100
89.2564,100,100
89.2561,100,100
89.2559,100,100
89.2556,100,100
89.2553,100,100
89.255,100,100
89.2548,100,100
89.2545,100,100
89.2542,100,100
89.254,100,100
89.2537,100,100
89.2534,100,100
89.2531,100,100
89.2529,100,100
89.2526,100,100
89.2523,100,100
89.252,100,100
89.2518,100,100
89.2515,100,100
89.2512,100,100
89.251,100,100
89.2507,100,100
89.2504,100,100
89.2501,100,100
89.2499,100,100
89.2496,100,100
89.2493,100,100
89.249,100,100
89.2488,100,100
89.2485,100,100
89.2482,100,100
89.2479,100,100
89.2477,100,100
89.2474,100,100
89.2471,100,100
89.2469,100,100
89.2466,100,100
89.2463,100,100
89.246,100,100
89.2458,100,100
89.2455,100,100
89.2452,100,100
89.2449,100,100
89.2447,100,100
89.2444,100,100
89.2441,100,100
89.2439,100,100
89.2436,100,100
89.2433,100,100
89.243,100,100
89.2428,100,100
89.2425,100,100
89.2422,100,100
89.2419,100,100
89.2417,100,100
89.2414,100,100
89.2411,100,100
89.2408,100,100
89.2406,100,100
89.2403,100,100
89.24,100,100
89.2398,100,100
89.2395,100,100
89.2392,100,100
89.2389,100,100
89.2387,100,100
89.2384,100,100
89.2381,100,100
89.2378,100,100
89.2376,100,100
89.2373,100,100
89.237,100,100
89.2368,100,100
89.2365,100,100
89.2362,100,100
89.2359,100,100
89.2357,100,100
89.2354,100,100
89.2351,100,100
89.2348,100,100
89.2346,100,100
89.2343,100,100
89.234,100,100
89.2337,100,100
89.2335,100,100
89.2332,100,100
89.2329,100,100
89.2327,100,100
89.2324,100,100
89.2321,100,100
89.2318,100,100
89.2316,100,100
89.2313,100,100
89.231,100,100
89.2307,100,100
89.2305,100,100
89.2302,100,100
89.2299,100,100
89.2296,100,100
89.2294,100,100
89.2291,100,100
89.2288,100,100
89.2285,100,100
89.2283,100,100
89.228,100,100
89.2277,100,100
89.2274,100,100
89.2271,100,100
89.2269,100,100
89.2266,100,100
89.2263,100,100
89.226,100,100
89.2258,100,100
89.2255,100,100
89.2252,100,100
89.2249,100,100
89.2247,100,100
89.2244,100,100
89.2241,100,100
89.2238,100,100
89.2235,100,100
89.2233,100,100
89.223,100,100
89.2227,100,100
89.2224,100,100
89.2222,100,100
89.2219,100,100
89.2216,100,100
89.2213,100,100
89.221,100,100
89.2208,100,100
89.2205,100,100
89.2202,100,100
89.2199,100,100
89.2197,100,100
89.2194,100,100
89.2191,100,100
89.2188,100,100
89.2186,100,100
89.2183,100,100
89.218,100,100
89.2177,100,100
89.2174,100,100
89.2172,100,100
89.2169,100,100
89.2166,100,100
89.2163,100,100
89.2161,100,100
89.2158,100,100
89.2155,100,100
89.2152,100,100
89.2149,100,100
89.2147,100,100
89.2144,100,100
89.2141,100,100
89.2138,100,100
89.2136,100,100
89.2133,100,100
89.213,100,100
89.2127,100,100
89.2125,100,100
89.2122,100,100
89.2119,100,100
89.2116,100,100
89.2113,100,100
89.2111,100,100
89.2108,100,100
89.2105,100,100
89.2102,100,100
89.21,100,100
89.2097,100,100
89.2094,100,100
89.2091,100,100
89.2089,100,100
89.2086,100,100
89.2083,100,100
89.208,100,100
89.2077,100,100
89.2075,100,100
89.2072,100,100
89.2069,100,100
89.2066,100,100
89.2064,100,100
89.2061,100,100
89.2058,100,100
89.2055,100,100
89.2052,100,100
89.205,100,100
89.2047,100,100
89.2044,100,100
89.2041,100,100
89.2039,100,100
89.2036,100,100
89.2033,100,100
89.203,100,100
89.2028,100,100
89.2025,100,100
89.2022,100,100
89.2019,100,100
89.2016,100,100
89.2013,100,100
89.2011,100,100
89.2008,100,100
89.2005,100,100
89.2002,100,100
89.1999,100,100
89.1996,100,100
89.1993,100,100
89.1991,100,100
89.1988,100,100
89.1985,100,100
89.1982,100,100
89.1979,100,100
89.1976,100,100
89.1974,100,100
89.1971,100,100
89.1968,100,100
89.1965,100,100
89.1962,100,100
89.1959,100,100
89.1957,100,100
89.1954,100,100
89.1951,100,100
89.1948,100,100
89.1945,100,100
89.1942,100,100
89.1939,100,100
89.1937,100,100
89.1934,100,100
89.1931,100,100
89.1928,100,100
89.1925,100,100
89.1922,100,100
89.192,100,100
89.1917,100,100
89.1914,100,100
89.1911,100,100
89.1908,100,100
89.1905,100,100
89.1903,100,100
89.19,100,100
89.1897,100,100
89.1894,100,100
89.1891,100,100
89.1888,100,100
89.1885,100,100
89.1883,100,100
89.188,100,100
89.1877,100,100
89.1874,100,100
89.1871,100,100
89.1868,100,100
89.1866,100,100
89.1863,100,100
89.186,100,100
89.1857,100,100
89.1854,100,100
89.1851,100,100
89.1849,100,100
89.1846,100,100
89.1843,100,100
89.184,100,100
89.1837,100,100
89.1834,100,100
89.1831,100,100
89.1829,100,100
89.1826,100,100
89.1823,100,100
89.182,100,100
89.1817,100,100
89.1814,100,100
89.1812,100,100
89.1809,100,100
89.1806,100,100
89.1803,100,100
89.18,100,100
89.1797,100,100
89.1795,100,100
89.1792,100,100
89.1789,100,100
89.1786,100,100
89.1783,100,100
89.178,100,100
89.1777,100,100
89.1775,100,100
89.1772,100,100
89.1769,100,100
89.1766,100,100
89.1763,100,100
89.176,100,100
89.1758,100,100
89.1755,100,100
89.1752,100,100
89.1749,100,100
89.1746,100,100
89.1743,100,100
89.1741,100,100
89.1738,100,100
89.1735,100,100
89.1732,100,100
89.1729,100,100
89.1727,100,100
89.1724,100,100
89.1721,100,100
89.1718,100,100
89.1715,100,100
89.1713,100,100
89.171,100,100
89.1707,100,100
89.1704,100,100
89.1701,100,100
89.1699,100,100
89.1696,100,100
89.1693,100,100
89.169,100,100
89.1687,100,100
89.1685,100,100
89.1682,100,100
89.1679,100,100
89.1676,100,100
89.1674,100,100
89.1671,100,100
89.1668,100,100
89.1665,100,100
89.1662,100,100
89.166,100,100
89.1657,100,100
89.1654,100,100
89.1651,100,100
89.1648,100,100
89.1646,100,100
89.1643,100,100
89.164,100,100
89.1637,100,100
89.1634,100,100
89.1632,100,100
89.1629,100,100
89.1626,100,100
89.1623,100,100
89.162,100,100
89.1618,100,100
89.1615,100,100
89.1612,100,100
89.1609,100,100
89.1606,100,100
89.1604,100,100
89.1601,100,100
89.1598,100,100
89.1595,100,100
89.1593,100,100
89.159,100,100
89.1587,100,100
89.1584,100,100
89.1581,100,100
89.1579,100,100
89.1576,100,100
89.1573,100,100
89.157,100,100
89.1567,100,100
89.1565,100,100
89.1562,100,100
89.1559,100,100
89.1556,100,100
89.1553,100,100
89.1551,100,100
89.1548,100,100
89.1545,100,100
89.1542,100,100
89.1539,100,100
89.1537,100,100
89.1534,100,100
89.1531,100,100
89.1528,100,100
89.1525,100,100
89.1523,100,100
89.152,100,100
89.1517,100,100
89.1514,100,100
89.1512,100,100
89.1509,100,100
89.1506,100,100
89.1503,100,100
89.15,100,100
89.1498,100,100
89.1495,100,100
89.1492,100,100
89.1489,100,100
89.1486,100,100
89.1484,100,100
89.1481,100,100
89.1478,100,100
89.1475,100,100
89.1472,100,100
89.147,100,100
89.1467,100,100
89.1464,100,100
89.1461,100,100
89.1459,100,100
89.1456,100,100
89.1453,100,100
89.1451,100,100
89.1448,100,100
89.1445,100,100
89.1443,100,100
89.144,100,100
89.1437,100,100
89.1435,100,100
89.1432,100,100
89.1429,100,100
89.1427,100,100
89.1424,100,100
89.1421,100,100
89.1419,100,100
89.1416,100,100
89.1413,100,100
89.1411,100,100
89.1408,100,100
89.1405,100,100
89.1403,100,100
89.14,100,100
89.1397,100,100
89.1395,100,100
89.1392,100,100
89.1389,100,100
89.1387,100,100
89.1384,100,100
89.1381,100,100
89.1379,100,100
89.1376,100,100
89.1373,100,100
89.1371,100,100
89.1368,100,100
89.1365,100,100
89.1363,100,100
89.136,100,100
89.1357,100,100
89.1355,100,100
89.1352,100,100
89.1349,100,100
89.1347,100,100
89.1344,100,100
89.1341,100,100
89.1339,100,100
89.1336,100,100
89.1333,100,100
89.1331,100,100
89.1328,100,100
89.1325,100,100
89.1323,100,100
89.132,100,100
89.1317,100,100
89.1315,100,100
89.1312,100,100
89.1309,100,100
89.1307,100,100
89.1304,100,100
89.1301,100,100
89.1299,100,100
89.1296,100,100
89.1293,100,100
89.1291,100,100
89.1288,100,100
89.1285,100,100
89.1283,100,100
89.128,100,100
89.1277,100,100
89.1275,100,100
89.1272,100,100
89.1269,100,100
89.1267,100,100
89.1264,100,100
89.1261,100,100
89.1259,100,100
89.1256,100,100
89.1253,100,100
89.1251,100,100
89.1248,100,100
89.1245,100,100
89.1243,100,100
89.124,100,100
89.1237,100,100
89.1235,100,100
89.1232,100,100
89.1229,100,100
89.1227,100,100
89.1224,100,100
89.1221,100,100
89.1219,100,100
89.1216,100,100
89.1213,100,100
89.1211,100,100
89.1208,100,100
89.1205,100,100
89.1203,100,100
89.12,100,100
89.1197,100,100
89.1195,100,100
89.1192,100,100
89.119,100,100
89.1187,100,100
89.1184,100,100
89.1182,100,100
89.1179,100,100
89.1177,100,100
89.1174,100,100
89.1172,100,100
89.1169,100,100
89.1167,100,100
89.1164,100,100
89.1161,100,100
89.1159,100,100
89.1156,100,100
89.1154,100,100
89.1151,100,100
89.1149,100,100
89.1146,100,100
89.1143,100,100
89.1141,100,100
89.1138,100,100
89.1136,100,100
89.1133,100,100
89.1131,100,100
89.1128,100,100
89.1126,100,100
89.1123,100,100
89.112,100,100
89.1118,100,100
89.1115,100,100
89.1113,100,100
89.111,100,100
89.1108,100,100
89.1105,100,100
89.1103,100,100
89.11,100,100
89.1097,100,100
89.1095,100,100
89.1092,100,100
89.109,100,100
89.1087,100,100
89.1085,100,100
89.1082,100,100
89.1079,100,100
89.1077,100,100
89.1074,100,100
89.1072,100,100
89.1069,100,100
89.1067,100,100
89.1064,100,100
89.1062,100,100
89.1059,100,100
89.1056,100,100
89.1054,100,100
89.1051,100,100
89.1049,100,100
89.1046,100,100
89.1044,100,100
89.1041,100,100
89.1038,100,100
89.1036,100,100
89.1033,100,100
89.1031,100,100
89.1028,100,100
89.1026,100,100
89.1023,100,100
89.1021,100,100
89.1018,100,100
89.1015,100,100
89.1013,100,100
89.101,100,100
89.1008,100,100
89.1005,100,100
89.1003,100,100
89.1,100,100
89.0998,100,100
89.0995,100,100
89.0992,100,100
89.099,100,100
89.0987,100,100
89.0985,100,100
89.0982,100,100
89.098,100,100
89.0977,100,100
89.0974,100,100
89.0972,100,100
89.0969,100,100
89.0967,100,100
89.0964,100,100
89.0962,100,100
89.0959,100,100
89.0957,100,100
89.0954,100,100
89.0951,100,100
89.0949,100,100
89.0946,100,100
89.0944,100,100
89.0941,100,100
89.0939,100,100
89.0936,100,100
89.0934,100,100
89.0931,100,100
89.0929,100,100
89.0926,100,100
89.0924,100,100
89.0921,100,100
89.0919,100,100
89.0917,100,100
89.0914,100,100
89.0912,100,100
89.0909,100,100
89.0907,100,100
89.0904,100,100
89.0902,100,100
89.0899,100,100
89.0897,100,100
89.0895,100,100
89.0892,100,100
89.089,100,100
89.0887,100,100
89.0885,100,100
89.0882,100,100
89.088,100,100
89.0877,100,100
89.0875,100,100
89.0872,100,100
89.087,100,100
89.0868,100,100
89.0865,100,100
89.0863,100,100
89.086,100,100
89.0858,100,100
89.0855,100,100
89.0853,100,100
89.085,100,100
89.0848,100,100
89.0846,100,100
89.0843,100,100
89.0841,100,100
89.0838,100,100
89.0836,100,100
89.0833,100,100
89.0831,100,100
89.0828,100,100
89.0826,100,100
89.0823,100,100
89.0821,100,100
89.0819,100,100
89.0816,100,100
89.0814,100,100
89.0811,100,100
89.0809,100,100
89.0806,100,100
89.0804,100,100
89.0801,100,100
89.0799,100,100
89.0797,100,100
89.0794,100,100
89.0792,100,100
89.0789,100,100
89.0787,100,100
89.0784,100,100
89.0782,100,100
89.0779,100,100
89.0777,100,100
89.0774,100,100
89.0772,100,100
89.077,100,100
89.0767,100,100
89.0765,100,100
89.0762,100,100
89.076,100,100
89.0757,100,100
89.0755,100,100
89.0752,100,100
89.075,100,100
89.0748,100,100
89.0745,100,100
89.0743,100,100
89.074,100,100
89.0738,100,100
89.0735,100,100
89.0733,100,100
89.073,100,100
89.0728,100,100
89.0725,100,100
89.0723,100,100
89.0721,100,100
89.0718,100,100
89.0716,100,100
89.0713,100,100
89.0711,100,100
89.0708,100,100
89.0706,100,100
89.0703,100,100
89.0701,100,100
89.0699,100,100
89.0696,100,100
89.0694,100,100
89.0691,100,100
89.0689,100,100
89.0686,100,100
89.0684,100,100
89.0681,100,100
89.0679,100,100
89.0677,100,100
89.0674,100,100
89.0672,100,100
89.0669,100,100
89.0667,100,100
89.0664,100,100
89.0662,100,100
89.0659,100,100
89.0657,100,100
89.0655,100,100
89.0652,100,100
89.065,100,100
89.0647,100,100
89.0645,100,100
89.0642,100,100
89.064,100,100
89.0638,100,100
89.0635,100,100
89.0633,100,100
89.063,100,100
89.0628,100,100
89.0625,100,100
89.0623,100,100
89.0621,100,100
89.0618,100,100
89.0616,100,100
89.0613,100,100
89.0611,100,100
89.0608,100,100
89.0606,100,100
89.0603,100,100
89.0601,100,100
89.0599,100,100
89.0596,100,100
89.0594,100,100
89.0591,100,100
89.0589,100,100
89.0586,100,100
89.0584,100,100
89.0582,100,100
89.0579,100,100
89.0577,100,100
89.0574,100,100
89.0572,100,100
89.0569,100,100
89.0567,100,100
89.0564,100,100
89.0562,100,100
89.056,100,100
89.0557,100,100
89.0555,100,100
89.0552,100,100
89.055,100,100
89.0547,100,100
89.0545,100,100
89.0543,100,100
89.054,100,100
89.0538,100,100
89.0535,100,100
89.0533,100,100
89.053,100,100
89.0528,100,100
89.0525,100,100
89.0523,100,100
89.0521,100,100
89.0518,100,100
89.0516,100,100
89.0513,100,100
89.0511,100,100
89.0508,100,100
89.0506,100,100
89.0504,100,100
89.0501,100,100
89.0499,100,100
89.0496,100,100
89.0494,100,100
89.0491,100,100
89.0489,100,100
89.0486,100,100
89.0484,100,100
89.0482,100,100
89.0479,100,100
89.0477,100,100
89.0474,100,100
89.0472,100,100
89.0469,100,100
89.0467,100,100
89.0465,100,100
89.0462,100,100
89.046,100,100
89.0457,100,100
89.0455,100,100
89.0452,100,100
89.045,100,100
89.0447,100,100
89.0445,100,100
89.0442,100,100
89.0439,100,100
89.0437,100,100
89.0434,100,100
89.0432,100,100
89.0429,100,100
89.0426,100,100
89.0424,100,100
89.0421,100,100
89.0419,100,100
89.0416,100,100
89.0413,100,100
89.0411,100,100
89.0408,100,100
89.0406,100,100
89.0403,100,100
89.04,100,100
89.0398,100,100
89.0395,100,100
89.0393,100,100
89.039,100,100
89.0387,100,100
89.0385,100,100
89.0382,100,100
89.038,100,100
89.0377,100,100
89.0374,100,100
89.0372,100,100
89.0369,100,100
89.0366,100,100
89.0364,100,100
89.0361,100,100
89.0359,100,100
89.0356,100,100
89.0353,100,100
89.0351,100,100
89.0348,100,100
89.0346,100,100
89.0343,100,100
89.034,100,100
89.0338,100,100
89.0335,100,100
89.0333,100,100
89.033,100,100
89.0327,100,100
89.0325,100,100
89.0322,100,100
89.032,100,100
89.0317,100,100
89.0314,100,100
89.0312,100,100
89.0309,100,100
89.0306,100,100
89.0304,100,100
89.0301,100,100
89.0299,100,100
89.0296,100,100
89.0293,100,100
89.0291,100,100
89.0288,100,100
89.0286,100,100
89.0283,100,100
89.028,100,100
89.0278,100,100
89.0275,100,100
89.0273,100,100
89.027,100,100
89.0267,100,100
89.0265,100,100
89.0262,100,100
89.026,100,100
89.0257,100,100
89.0254,100,100
89.0252,100,100
89.0249,100,100
89.0246,100,100
89.0244,100,100
89.0241,100,100
89.0239,100,100
89.0236,100,100
89.0233,100,100
89.0231,100,100
89.0228,100,100
89.0226,100,100
89.0223,100,100
89.022,100,100
89.0218,100,100
89.0215,100,100
89.0213,100,100
89.021,100,100
89.0207,100,100
89.0205,100,100
89.0202,100,100
89.02,100,100
89.0197,100,100
89.0194,100,100
89.0192,100,100
89.0189,100,100
89.0187,100,100
89.0184,100,100
89.0181,100,100
89.0179,100,100
89.0176,100,100
89.0174,100,100
89.0171,100,100
89.0168,100,100
89.0166,100,100
89.0163,100,100
89.0161,100,100
89.0158,100,100
89.0155,100,100
89.0153,100,100
89.015,100,100
89.0148,100,100
89.0145,100,100
89.0142,100,100
89.014,100,100
89.0137,100,100
89.0135,100,100
89.0132,100,100
89.0129,100,100
89.0127,100,100
89.0124,100,100
89.0122,100,100
89.0119,100,100
89.0116,100,100
89.0114,100,100
89.0111,100,100
89.0109,100,100
89.0106,100,100
89.0103,100,100
89.0101,100,100
89.0098,100,100
89.0096,100,100
89.0093,100,100
89.009,100,100
89.0088,100,100
89.0085,100,100
89.0083,100,100
89.008,100,100
89.0077,100,100
89.0075,100,100
89.0072,100,100
89.007,100,100
89.0067,100,100
89.0064,100,100
89.0062,100,100
89.0059,100,100
89.0057,100,100
89.0054,100,100
89.0051,100,100
89.0049,100,100
89.0046,100,100
89.0044,100,100
89.0041,100,100
89.0038,100,100
89.0036,100,100
89.0033,100,100
89.0031,100,100
89.0028,100,100
89.0025,100,100
89.0023,100,100
89.002,100,100
89.0018,100,100
89.0015,100,100
89.0012,100,100
89.001,100,100
89.0007,100,100
89.0005,100,100
89.0002,100,100
88.9999,100,100
88.9997,100,100
88.9994,100,100
88.9992,100,100
88.9989,100,100
88.9986,100,100
88.9984,100,100
88.9981,100,100
88.9979,100,100
88.9976,100,100
88.9973,100,100
88.9971,100,100
88.9968,100,100
88.9966,100,100
88.9963,100,100
88.996,100,100
88.9958,100,100
88.9955,100,100
88.9953,100,100
88.995,100,100
88.9947,100,100
88.9945,100,100
88.9942,100,100
88.994,100,100
88.9937,100,100
88.9934,100,100
88.9932,100,100
88.9929,100,100
88.9927,100,100
88.9924,100,100
88.9922,100,100
88.9919,100,100
88.9917,100,100
88.9914,100,100
88.9912,100,100
88.9909,100,100
88.9907,100,100
88.9904,100,100
88.9902,100,100
88.9899,100,100
88.9897,100,100
88.9894,100,100
88.9892,100,100
88.989,100,100
88.9887,100,100
88.9885,100,100
88.9882,100,100
88.988,100,100
88.9877,100,100
88.9875,100,100
88.9872,100,100
88.987,100,100
88.9867,100,100
88.9865,100,100
88.9862,100,100
88.986,100,100
88.9857,100,100
88.9855,100,100
88.9852,100,100
88.985,100,100
88.9847,100,100
88.9845,100,100
88.9842,100,100
88.984,100,100
88.9837,100,100
88.9835,100,100
88.9832,100,100
88.983,100,100
88.9827,100,100
88.9825,100,100
88.9822,100,100
88.982,100,100
88.9818,100,100
88.9815,100,100
88.9813,100,100
88.981,100,100
88.9808,100,100
88.9805,100,100
88.9803,100,100
88.98,100,100
88.9798,100,100
88.9795,100,100
88.9793,100,100
88.979,100,100
88.9788,100,100
88.9785,100,100
88.9783,100,100
88.978,100,100
88.9778,100,100
88.9775,100,100
88.9773,100,100
88.977,100,100
88.9768,100,100
88.9765,100,100
88.9763,100,100
88.976,100,100
88.9758,100,100
88.9755,100,100
88.9753,100,100
88.9751,100,100
88.9748,100,100
88.9746,100,100
88.9743,100,100
88.9741,100,100
88.9738,100,100
88.9736,100,100
88.9733,100,100
88.9731,100,100
88.9728,100,100
88.9726,100,100
88.9723,100,100
88.9721,100,100
88.9718,100,100
88.9716,100,100
88.9713,100,100
88.9711,100,100
88.9708,100,100
88.9706,100,100
88.9703,100,100
88.9701,100,100
88.9698,100,100
88.9696,100,100
88.9693,100,100
88.9691,100,100
88.9688,100,100
88.9686,100,100
88.9684,100,100
88.9681,100,100
88.9679,100,100
88.9676,100,100
88.9674,100,100
88.9671,100,100
88.9669,100,100
88.9667,100,100
88.9664,100,100
88.9662,100,100
88.9659,100,100
88.9657,100,100
88.9655,100,100
88.9652,100,100
88.965,100,100
88.9647,100,100
88.9645,100,100
88.9642,100,100
88.964,100,100
88.9638,100,100
88.9635,100,100
88.9633,100,100
88.963,100,100
88.9628,100,100
88.9626,100,100
88.9623,100,100
88.9621,100,100
88.9618,100,100
88.9616,100,100
88.9614,100,100
88.9611,100,100
88.9609,100,100
88.9606,100,100
88.9604,100,100
88.9602,100,100
88.9599,100,100
88.9597,100,100
88.9594,100,100
88.9592,100,100
88.9589,100,100
88.9587,100,100
88.9585,100,100
88.9582,100,100
88.958,100,100
88.9577,100,100
88.9575,100,100
88.9573,100,100
88.957,100,100
88.9568,100,100
88.9565,100,100
88.9563,100,100
88.9561,100,100
88.9558,100,100
88.9556,100,100
88.9553,100,100
88.9551,100,100
88.9548,100,100
88.9546,100,100
88.9544,100,100
88.9541,100,100
88.9539,100,100
88.9536,100,100
88.9534,100,100
88.9532,100,100
88.9529,100,100
88.9527,100,100
88.9524,100,100
88.9522,100,100
88.952,100,100
88.9517,100,100
88.9515,100,100
88.9512,100,100
88.951,100,100
88.9508,100,100
88.9505,100,100
88.9503,100,100
88.95,100,100
88.9498,100,100
88.9495,100,100
88.9493,100,100
88.9491,100,100
88.9488,100,100
88.9486,100,100
88.9483,100,100
88.9481,100,100
88.9479,100,100
88.9476,100,100
88.9474,100,100
88.9471,100,100
88.9469,100,100
88.9467,100,100
88.9464,100,100
88.9462,100,100
88.9459,100,100
88.9457,100,100
88.9454,100,100
88.9452,100,100
88.945,100,100
88.9447,100,100
88.9445,100,100
88.9442,100,100
88.944,100,100
88.9438,100,100
88.9435,100,100
88.9433,100,100
88.943,100,100
88.9428,100,100
88.9425,100,100
88.9423,100,100
88.942,100,100
88.9418,100,100
88.9415,100,100
88.9413,100,100
88.941,100,100
88.9408,100,100
88.9405,100,100
88.9403,100,100
88.94,100,100
88.9398,100,100
88.9395,100,100
88.9393,100,100
88.939,100,100
88.9388,100,100
88.9385,100,100
88.9383,100,100
88.938,100,100
88.9378,100,100
88.9375,100,100
88.9373,100,100
88.937,100,100
88.9368,100,100
88.9365,100,100
88.9363,100,100
88.936,100,100
88.9358,100,100
88.9356,100,100
88.9353,100,100
88.9351,100,100
88.9348,100,100
88.9346,100,100
88.9343,100,100
88.9341,100,100
88.9338,100,100
88.9336,100,100
88.9333,100,100
88.9331,100,100
88.9328,100,100
88.9326,100,100
88.9323,100,100
88.9321,100,100
88.9318,100,100
88.9316,100,100
88.9313,100,100
88.9311,100,100
88.9308,100,100
88.9306,100,100
88.9303,100,100
88.9301,100,100
88.9298,100,100
88.9296,100,100
88.9293,100,100
88.9291,100,100
88.9288,100,100
88.9286,100,100
88.9283,100,100
88.9281,100,100
88.9278,100,100
88.9276,100,100
88.9274,100,100
88.9271,100,100
88.9269,100,100
88.9266,100,100
88.9264,100,100
88.9261,100,100
88.9259,100,100
88.9256,100,100
88.9254,100,100
88.9251,100,100
88.9249,100,100
88.9246,100,100
88.9244,100,100
88.9241,100,100
88.9239,100,100
88.9236,100,100
88.9234,100,100
88.9231,100,100
88.9229,100,100
88.9226,100,100
88.9224,100,100
88.9221,100,100
88.9219,100,100
88.9216,100,100
88.9214,100,100
88.9211,100,100
88.9209,100,100
88.9206,100,100
88.9204,100,100
88.9201,100,100
88.9199,100,100
88.9196,100,100
88.9194,100,100
88.9192,100,100
88.9189,100,100
88.9186,100,100
88.9184,100,100
88.9181,100,100
88.9179,100,100
88.9176,100,100
88.9174,100,100
88.9171,100,100
88.9168,100,100
88.9166,100,100
88.9163,100,100
88.9161,100,100
88.9158,100,100
88.9155,100,100
88.9153,100,100
88.915,100,100
88.9148,100,100
88.9145,100,100
88.9143,100,100
88.914,100,100
88.9137,100,100
88.9135,100,100
88.9132,100,100
88.913,100,100
88.9127,100,100
88.9125,100,100
88.9122,100,100
88.9119,100,100
88.9117,100,100
88.9114,100,100
88.9112,100,100
88.9109,100,100
88.9107,100,100
88.9104,100,100
88.9101,100,100
88.9099,100,100
88.9096,100,100
88.9094,100,100
88.9091,100,100
88.9089,100,100
88.9086,100,100
88.9083,100,100
88.9081,100,100
88.9078,100,100
88.9076,100,100
88.9073,100,100
88.9071,100,100
88.9068,100,100
88.9065,100,100
88.9063,100,100
88.906,100,100
88.9058,100,100
88.9055,100,100
88.9053,100,100
88.905,100,100
88.9047,100,100
88.9045,100,100
88.9042,100,100
88.904,100,100
88.9037,100,100
88.9035,100,100
88.9032,100,100
88.9029,100,100
88.9027,100,100
88.9024,100,100
88.9022,100,100
88.9019,100,100
88.9017,100,100
88.9014,100,100
88.9011,100,100
88.9009,100,100
88.9006,100,100
88.9004,100,100
88.9001,100,100
88.8999,100,100
88.8996,100,100
88.8993,100,100
88.8991,100,100
88.8988,100,100
88.8986,100,100
88.8983,100,100
88.8981,100,100
88.8978,100,100
88.8975,100,100
88.8973,100,100
88.897,100,100
88.8968,100,100
88.8965,100,100
88.8963,100,100
88.896,100,100
88.8957,100,100
88.8955,100,100
88.8952,100,100
88.895,100,100
88.8947,100,100
88.8945,100,100
88.8942,100,100
88.8939,100,100
88.8937,100,100
88.8934,100,100
88.8932,100,100
88.8929,100,100
88.8926,100,100
88.8924,100,100
88.8921,100,100
88.8919,100,100
88.8916,100,100
88.8913,100,100
88.8911,100,100
88.8908,100,100
88.8906,100,100
88.8903,100,100
88.89,100,100
88.8898,100,100
88.8895,100,100
88.8892,100,100
88.889,100,100
88.8887,100,100
88.8885,100,100
88.8882,100,100
88.8879,100,100
88.8877,100,100
88.8874,100,100
88.8872,100,100
88.8869,100,100
88.8866,100,100
88.8864,100,100
88.8861,100,100
88.8858,100,100
88.8856,100,100
88.8853,100,100
88.8851,100,100
88.8848,100,100
88.8845,100,100
88.8843,100,100
88.884,100,100
88.8838,100,100
88.8835,100,100
88.8832,100,100
88.883,100,100
88.8827,100,100
88.8824,100,100
88.8822,100,100
88.8819,100,100
88.8817,100,100
88.8814,100,100
88.8811,100,100
88.8809,100,100
88.8806,100,100
88.8804,100,100
88.8801,100,100
88.8798,100,100
88.8796,100,100
88.8793,100,100
88.8791,100,100
88.8788,100,100
88.8785,100,100
88.8783,100,100
88.878,100,100
88.8777,100,100
88.8775,100,100
88.8772,100,100
88.877,100,100
88.8767,100,100
88.8764,100,100
88.8762,100,100
88.8759,100,100
88.8757,100,100
88.8754,100,100
88.8751,100,100
88.8749,100,100
88.8746,100,100
88.8743,100,100
88.8741,100,100
88.8738,100,100
88.8736,100,100
88.8733,100,100
88.873,100,100
88.8728,100,100
88.8725,100,100
88.8723,100,100
88.872,100,100
88.8717,100,100
88.8715,100,100
88.8712,100,100
88.8709,100,100
88.8707,100,100
88.8704,100,100
88.8702,100,100
88.8699,100,100
88.8696,100,100
88.8694,100,100
88.8691,100,100
88.8689,100,100
88.8686,100,100
88.8683,100,100
88.8681,100,100
88.8678,100,100
88.8676,100,100
88.8673,100,100
88.867,100,100
88.8668,100,100
88.8665,100,100
88.8663,100,100
88.866,100,100
88.8658,100,100
88.8655,100,100
88.8653,100,100
88.865,100,100
88.8648,100,100
88.8645,100,100
88.8643,100,100
88.864,100,100
88.8638,100,100
88.8635,100,100
88.8633,100,100
88.863,100,100
88.8628,100,100
88.8625,100,100
88.8623,100,100
88.862,100,100
88.8618,100,100
88.8615,100,100
88.8612,100,100
88.861,100,100
88.8607,100,100
88.8605,100,100
88.8602,100,100
88.86,100,100
88.8597,100,100
88.8595,100,100
88.8592,100,100
88.859,100,100
88.8587,100,100
88.8585,100,100
88.8582,100,100
88.858,100,100
88.8577,100,100
88.8575,100,100
88.8572,100,100
88.857,100,100
88.8567,100,100
88.8565,100,100
88.8562,100,100
88.856,100,100
88.8557,100,100
88.8555,100,100
88.8552,100,100
88.855,100,100
88.8547,100,100
88.8544,100,100
88.8542,100,100
88.8539,100,100
88.8537,100,100
88.8534,100,100
88.8532,100,100
88.8529,100,100
88.8527,100,100
88.8524,100,100
88.8522,100,100
88.8519,100,100
88.8517,100,100
88.8514,100,100
88.8512,100,100
88.8509,100,100
88.8507,100,100
88.8504,100,100
88.8502,100,100
88.8499,100,100
88.8497,100,100
88.8494,100,100
88.8492,100,100
88.8489,100,100
88.8487,100,100
88.8484,100,100
88.8482,100,100
88.8479,100,100
88.8477,100,100
88.8474,100,100
88.8471,100,100
88.8469,100,100
88.8466,100,100
88.8464,100,100
88.8461,100,100
88.8459,100,100
88.8456,100,100
88.8454,100,100
88.8451,100,100
88.8449,100,100
88.8446,100,100
88.8444,100,100
88.8441,100,100
88.8439,100,100
88.8436,100,100
88.8434,100,100
88.8431,100,100
88.8429,100,100
88.8426,100,100
88.8424,100,100
88.8421,100,100
88.8419,100,100
88.8416,100,100
88.8414,100,100
88.8411,100,100
88.8409,100,100
88.8407,100,100
88.8404,100,100
88.8402,100,100
88.8399,100,100
88.8397,100,100
88.8395,100,100
88.8392,100,100
88.839,100,100
88.8387,100,100
88.8385,100,100
88.8383,100,100
88.838,100,100
88.8378,100,100
88.8375,100,100
88.8373,100,100
88.8371,100,100
88.8368,100,100
88.8366,100,100
88.8363,100,100
88.8361,100,100
88.8358,100,100
88.8356,100,100
88.8354,100,100
88.8351,100,100
88.8349,100,100
88.8346,100,100
88.8344,100,100
88.8342,100,100
88.8339,100,100
88.8337,100,100
88.8334,100,100
88.8332,100,100
88.833,100,100
88.8327,100,100
88.8325,100,100
88.8322,100,100
88.832,100,100
88.8317,100,100
88.8315,100,100
88.8313,100,100
88.831,100,100
88.8308,100,100
88.8305,100,100
88.8303,100,100
88.8301,100,100
88.8298,100,100
88.8296,100,100
88.8293,100,100
88.8291,100,100
88.8289,100,100
88.8286,100,100
88.8284,100,100
88.8281,100,100
88.8279,100,100
88.8277,100,100
88.8274,100,100
88.8272,100,100
88.8269,100,100
88.8267,100,100
88.8264,100,100
88.8262,100,100
88.826,100,100
88.8257,100,100
88.8255,100,100
88.8252,100,100
88.825,100,100
88.8248,100,100
88.8245,100,100
88.8243,100,100
88.824,100,100
88.8238,100,100
88.8236,100,100
88.8233,100,100
88.8231,100,100
88.8228,100,100
88.8226,100,100
88.8223,100,100
88.8221,100,100
88.8219,100,100
88.8216,100,100
88.8214,100,100
88.8211,100,100
88.8209,100,100
88.8207,100,100
88.8204,100,100
88.8202,100,100
88.8199,100,100
88.8197,100,100
88.8195,100,100
88.8192,100,100
88.819,100,100
88.8187,100,100
88.8185,100,100
88.8183,100,100
88.818,100,100
88.8178,100,100
88.8175,100,100
88.8173,100,100
88.817,100,100
88.8168,100,100
88.8165,100,100
88.8163,100,100
88.816,100,100
88.8158,100,100
88.8155,100,100
88.8153,100,100
88.8151,100,100
88.8148,100,100
88.8146,100,100
88.8143,100,100
88.8141,100,100
88.8138,100,100
88.8136,100,100
88.8133,100,100
88.8131,100,100
88.8128,100,100
88.8126,100,100
88.8123,100,100
88.8121,100,100
88.8119,100,100
88.8116,100,100
88.8114,100,100
88.8111,100,100
88.8109,100,100
88.8106,100,100
88.8104,100,100
88.8101,100,100
88.8099,100,100
88.8096,100,100
88.8094,100,100
88.8092,100,100
88.8089,100,100
88.8087,100,100
88.8084,100,100
88.8082,100,100
88.8079,100,100
88.8077,100,100
88.8074,100,100
88.8072,100,100
88.8069,100,100
88.8067,100,100
88.8064,100,100
88.8062,100,100
88.806,100,100
88.8057,100,100
88.8055,100,100
88.8052,100,100
88.805,100,100
88.8047,100,100
88.8045,100,100
88.8042,100,100
88.804,100,100
88.8037,100,100
88.8035,100,100
88.8032,100,100
88.803,100,100
88.8028,100,100
88.8025,100,100
88.8023,100,100
88.802,100,100
88.8018,100,100
88.8015,100,100
88.8013,100,100
88.801,100,100
88.8008,100,100
88.8005,100,100
88.8003,100,100
88.8,100,100
88.7998,100,100
88.7996,100,100
88.7993,100,100
88.7991,100,100
88.7988,100,100
88.7986,100,100
88.7983,100,100
88.7981,100,100
88.7978,100,100
88.7976,100,100
88.7973,100,100
88.7971,100,100
88.7968,100,100
88.7966,100,100
88.7964,100,100
88.7961,100,100
88.7959,100,100
88.7956,100,100
88.7954,100,100
88.7951,100,100
88.7949,100,100
88.7946,100,100
88.7944,100,100
88.7941,100,100
88.7939,100,100
88.7936,100,100
88.7934,100,100
88.7932,100,100
88.7929,100,100
88.7927,100,100
88.7924,100,100
88.7922,100,100
88.7919,100,100
88.7917,100,100
88.7915,100,100
88.7912,100,100
88.791,100,100
88.7907,100,100
88.7905,100,100
88.7903,100,100
88.79,100,100
88.7898,100,100
88.7895,100,100
88.7893,100,100
88.789,100,100
88.7888,100,100
88.7886,100,100
88.7883,100,100
88.7881,100,100
88.7878,100,100
88.7876,100,100
88.7873,100,100
88.7871,100,100
88.7869,100,100
88.7866,100,100
88.7864,100,100
88.7861,100,100
88.7859,100,100
88.7856,100,100
88.7854,100,100
88.7852,100,100
88.7849,100,100
88.7847,100,100
88.7844,100,100
88.7842,100,100
88.784,100,100
88.7837,100,100
88.7835,100,100
88.7832,100,100
88.783,100,100
88.7827,100,100
88.7825,100,100
88.7823,100,100
88.782,100,100
88.7818,100,100
88.7815,100,100
88.7813,100,100
88.781,100,100
88.7808,100,100
88.7806,100,100
88.7803,100,100
88.7801,100,100
88.7798,100,100
88.7796,100,100
88.7794,100,100
88.7791,100,100
88.7789,100,100
88.7786,100,100
88.7784,100,100
88.7781,100,100
88.7779,100,100
88.7777,100,100
88.7774,100,100
88.7772,100,100
88.7769,100,100
88.7767,100,100
88.7764,100,100
88.7762,100,100
88.776,100,100
88.7757,100,100
88.7755,100,100
88.7752,100,100
88.775,100,100
88.7747,100,100
88.7745,100,100
88.7743,100,100
88.774,100,100
88.7738,100,100
88.7735,100,100
88.7733,100,100
88.7731,100,100
88.7728,100,100
88.7726,100,100
88.7723,100,100
88.7721,100,100
88.7718,100,100
88.7716,100,100
88.7714,100,100
88.7711,100,100
88.7709,100,100
88.7706,100,100
88.7704,100,100
88.7701,100,100
88.7699,100,100
88.7697,100,100
88.7694,100,100
88.7692,100,100
88.7689,100,100
88.7687,100,100
88.7684,100,100
88.7681,100,100
88.7679,100,100
88.7676,100,100
88.7673,100,100
88.7671,100,100
88.7668,100,100
88.7665,100,100
88.7663,100,100
88.766,100,100
88.7658,100,100
88.7655,100,100
88.7652,100,100
88.765,100,100
88.7647,100,100
88.7644,100,100
88.7642,100,100
88.7639,100,100
88.7636,100,100
88.7634,100,100
88.7631,100,100
88.7629,100,100
88.7626,100,100
88.7623,100,100
88.7621,100,100
88.7618,100,100
88.7615,100,100
88.7613,100,100
88.761,100,100
88.7607,100,100
88.7605,100,100
88.7602,100,100
88.76,100,100
88.7597,100,100
88.7594,100,100
88.7592,100,100
88.7589,100,100
88.7586,100,100
88.7584,100,100
88.7581,100,100
88.7578,100,100
88.7576,100,100
88.7573,100,100
88.757,100,100
88.7568,100,100
88.7565,100,100
88.7563,100,100
88.756,100,100
88.7557,100,100
88.7555,100,100
88.7552,100,100
88.7549,100,100
88.7547,100,100
88.7544,100,100
88.7541,100,100
88.7539,100,100
88.7536,100,100
88.7534,100,100
88.7531,100,100
88.7528,100,100
88.7526,100,100
88.7523,100,100
88.752,100,100
88.7518,100,100
88.7515,100,100
88.7512,100,100
88.751,100,100
88.7507,100,100
88.7505,100,100
88.7502,100,100
88.7499,100,100
88.7497,100,100
88.7494,100,100
88.7491,100,100
88.7489,100,100
88.7486,100,100
88.7483,100,100
88.7481,100,100
88.7478,100,100
88.7476,100,100
88.7473,100,100
88.747,100,100
88.7468,100,100
88.7465,100,100
88.7462,100,100
88.746,100,100
88.7457,100,100
88.7454,100,100
88.7452,100,100
88.7449,100,100
88.7447,100,100
88.7444,100,100
88.7441,100,100
88.7439,100,100
88.7436,100,100
88.7433,100,100
88.7431,100,100
88.7428,100,100
88.7425,100,100
88.7422,100,100
88.7419,100,100
88.7415,100,100
88.7412,100,100
88.7409,100,100
88.7406,100,100
88.7402,100,100
88.7399,100,100
88.7396,100,100
88.7393,100,100
88.739,100,100
88.7386,100,100
88.7383,100,100
88.738,100,100
88.7377,100,100
88.7374,100,100
88.737,100,100
88.7367,100,100
88.7364,100,100
88.7361,100,100
88.7358,100,100
88.7354,100,100
88.7351,100,100
88.7348,100,100
88.7345,100,100
88.7342,100,100
88.7338,100,100
88.7335,100,100
88.7332,100,100
88.7329,100,100
88.7326,100,100
88.7322,100,100
88.7319,100,100
88.7316,100,100
88.7313,100,100
88.7309,100,100
88.7306,100,100
88.7303,100,100
88.73,100,100
88.7297,100,100
88.7293,100,100
88.729,100,100
88.7287,100,100
88.7284,100,100
88.7281,100,100
88.7277,100,100
88.7274,100,100
88.7271,100,100
88.7268,100,100
88.7265,100,100
88.7261,100,100
88.7258,100,100
88.7255,100,100
88.7252,100,100
88.7249,100,100
88.7245,100,100
88.7242,100,100
88.7239,100,100
88.7236,100,100
88.7233,100,100
88.7229,100,100
88.7226,100,100
88.7223,100,100
88.722,100,100
88.7216,100,100
88.7213,100,100
88.721,100,100
88.7207,100,100
88.7204,100,100
88.72,100,100
88.7197,100,100
88.7194,100,100
88.7191,100,100
88.7188,100,100
88.7184,100,100
88.7181,100,100
88.7178,100,100
88.7175,100,100
88.7172,100,100
88.7168,100,100
88.7165,100,100
88.7162,100,100
88.7159,100,100
88.7156,100,100
88.7152,100,100
88.7149,100,100
88.7146,100,100
88.7143,100,100
88.7139,100,100
88.7136,100,100
88.7133,100,100
88.713,100,100
88.7127,100,100
88.7123,100,100
88.712,100,100
88.7117,100,100
88.7114,100,100
88.7111,100,100
88.7107,100,100
88.7104,100,100
88.71,100,100
88.7097,100,100
88.7093,100,100
88.709,100,100
88.7086,100,100
88.7083,100,100
88.7079,100,100
88.7075,100,100
88.7072,100,100
88.7068,100,100
88.7065,100,100
88.7061,100,100
88.7058,100,100
88.7054,100,100
88.705,100,100
88.7047,100,100
88.7043,100,100
88.704,100,100
88.7036,100,100
88.7033,100,100
88.7029,100,100
88.7025,100,100
88.7022,100,100
88.7018,100,100
88.7015,100,100
88.7011,100,100
88.7008,100,100
88.7004,100,100
88.7001,100,100
88.6997,100,100
88.6993,100,100
88.699,100,100
88.6986,100,100
88.6983,100,100
88.6979,100,100
88.6976,100,100
88.6972,100,100
88.6968,100,100
88.6965,100,100
88.6961,100,100
88.6958,100,100
88.6954,100,100
88.6951,100,100
88.6947,100,100
88.6943,100,100
88.694,100,100
88.6936,100,100
88.6933,100,100
88.6929,100,100
88.6926,100,100
88.6922,100,100
88.6919,100,100
88.6915,100,100
88.6911,100,100
88.6908,100,100
88.6904,100,100
88.6901,100,100
88.6897,100,100
88.6894,100,100
88.689,100,100
88.6886,100,100
88.6883,100,100
88.6879,100,100
88.6876,100,100
88.6872,100,100
88.6869,100,100
88.6865,100,100
88.6862,100,100
88.6858,100,100
88.6854,100,100
88.6851,100,100
88.6847,100,100
88.6844,100,100
88.684,100,100
88.6837,100,100
88.6833,100,100
88.6829,100,100
88.6826,100,100
88.6822,100,100
88.6819,100,100
88.6815,100,100
88.6812,100,100
88.6808,100,100
88.6804,100,100
88.6801,100,100
88.6797,100,100
88.6794,100,100
88.679,100,100
88.6787,100,100
88.6783,100,100
88.678,100,100
88.6776,100,100
88.6772,100,100
88.6769,100,100
88.6765,100,100
88.6762,100,100
88.6758,100,100
88.6755,100,100
88.6751,100,100
88.6747,100,100
88.6743,100,100
88.6739,100,100
88.6735,100,100
88.6732,100,100
88.6728,100,100
88.6724,100,100
88.672,100,100
88.6716,100,100
88.6712,100,100
88.6708,100,100
88.6704,100,100
88.67,100,100
88.6696,100,100
88.6692,100,100
88.6689,100,100
88.6685,100,100
88.6681,100,100
88.6677,100,100
88.6673,100,100
88.6669,100,100
88.6665,100,100
88.6661,100,100
88.6657,100,100
88.6653,100,100
88.6649,100,100
88.6646,100,100
88.6642,100,100
88.6638,100,100
88.6634,100,100
88.663,100,100
88.6626,100,100
88.6622,100,100
88.6618,100,100
88.6614,100,100
88.661,100,100
88.6606,100,100
88.6603,100,100
88.6599,100,100
88.6595,100,100
88.6591,100,100
88.6587,100,100
88.6583,100,100
88.6579,100,100
88.6575,100,100
88.6571,100,100
88.6567,100,100
88.6563,100,100
88.656,100,100
88.6556,100,100
88.6552,100,100
88.6548,100,100
88.6544,100,100
88.654,100,100
88.6536,100,100
88.6532,100,100
88.6528,100,100
88.6524,100,100
88.652,100,100
88.6517,100,100
88.6513,100,100
88.6509,100,100
88.6505,100,100
88.6501,100,100
88.6497,100,100
88.6493,100,100
88.6489,100,100
88.6485,100,100
88.6481,100,100
88.6477,100,100
88.6474,100,100
88.647,100,100
88.6466,100,100
88.6462,100,100
88.6458,100,100
88.6454,100,100
88.645,100,100
88.6446,100,100
88.6442,100,100
88.6438,100,100
88.6434,100,100
88.6431,100,100
88.6427,100,100
88.6423,100,100
88.6419,100,100
88.6415,100,100
88.6411,100,100
88.6407,100,100
88.6403,100,100
88.6399,100,100
88.6395,100,100
88.6391,100,100
88.6388,100,100
88.6384,100,100
88.638,100,100
88.6376,100,100
88.6372,100,100
88.6368,100,100
88.6364,100,100
88.636,100,100
88.6356,100,100
88.6352,100,100
88.6347,100,100
88.6343,100,100
88.6339,100,100
88.6335,100,100
88.633,100,100
88.6326,100,100
88.6322,100,100
88.6318,100,100
88.6313,100,100
88.6309,100,100
88.6305,100,100
88.6301,100,100
88.6296,100,100
88.6292,100,100
88.6288,100,100
88.6284,100,100
88.6279,100,100
88.6275,100,100
88.6271,100,100
88.6267,100,100
88.6262,100,100
88.6258,100,100
88.6254,100,100
88.625,100,100
88.6245,100,100
88.6241,100,100
88.6237,100,100
88.6233,100,100
88.6228,100,100
88.6224,100,100
88.622,100,100
88.6216,100,100
88.6211,100,100
88.6207,100,100
88.6203,100,100
88.6199,100,100
88.6194,100,100
88.619,100,100
88.6186,100,100
88.6181,100,100
88.6177,100,100
88.6173,100,100
88.6169,100,100
88.6164,100,100
88.616,100,100
88.6156,100,100
88.6152,100,100
88.6147,100,100
88.6143,100,100
88.6139,100,100
88.6135,100,100
88.613,100,100
88.6126,100,100
88.6122,100,100
88.6118,100,100
88.6113,100,100
88.6109,100,100
88.6105,100,100
88.6101,100,100
88.6096,100,100
88.6092,100,100
88.6088,100,100
88.6084,100,100
88.6079,100,100
88.6075,100,100
88.6071,100,100
88.6067,100,100
88.6062,100,100
88.6058,100,100
88.6054,100,100
88.605,100,100
88.6045,100,100
88.6041,100,100
88.6037,100,100
88.6033,100,100
88.6028,100,100
88.6024,100,100
88.602,100,100
88.6016,100,100
88.6011,100,100
88.6007,100,100
88.6003,100,100
88.5998,100,100
88.5994,100,100
88.599,100,100
88.5986,100,100
88.5981,100,100
88.5977,100,100
88.5973,100,100
88.5969,100,100
88.5964,100,100
88.596,100,100
88.5956,100,100
88.5952,100,100
88.5947,100,100
88.5943,100,100
88.5939,100,100
88.5935,100,100
88.593,100,100
88.5926,100,100
88.5922,100,100
88.5917,100,100
88.5913,100,100
88.5908,100,100
88.5904,100,100
88.59,100,100
88.5895,100,100
88.5891,100,100
88.5887,100,100
88.5882,100,100
88.5878,100,100
88.5873,100,100
88.5869,100,100
88.5865,100,100
88.586,100,100
88.5856,100,100
88.5852,100,100
88.5847,100,100
88.5843,100,100
88.5838,100,100
88.5834,100,100
88.583,100,100
88.5825,100,100
88.5821,100,100
88.5817,100,100
88.5812,100,100
88.5808,100,100
88.5803,100,100
88.5799,100,100
88.5795,100,100
88.579,100,100
88.5786,100,100
88.5782,100,100
88.5777,100,100
88.5773,100,100
88.5768,100,100
88.5764,100,100
88.576,100,100
88.5755,100,100
88.5751,100,100
88.5747,100,100
88.5742,100,100
88.5738,100,100
88.5733,100,100
88.5729,100,100
88.5725,100,100
88.572,100,100
88.5716,100,100
88.5712,100,100
88.5707,100,100
88.5703,100,100
88.5698,100,100
88.5694,100,100
88.569,100,100
88.5685,100,100
88.5681,100,100
88.5677,100,100
88.5672,100,100
88.5668,100,100
88.5663,100,100
88.5659,100,100
88.5655,100,100
88.565,100,100
88.5646,100,100
88.5642,100,100
88.5637,100,100
88.5633,100,100
88.5628,100,100
88.5624,100,100
88.562,100,100
88.5615,100,100
88.5611,100,100
88.5607,100,100
88.5602,100,100
88.5598,100,100
88.5593,100,100
88.5589,100,100
88.5585,100,100
88.558,100,100
88.5576,100,100
88.5572,100,100
88.5567,100,100
88.5563,100,100
88.5558,100,100
88.5554,100,100
88.555,100,100
88.5545,100,100
88.5541,100,100
88.5537,100,100
88.5532,100,100
88.5528,100,100
88.5523,100,100
88.5519,100,100
88.5515,100,100
88.551,100,100
88.5506,100,100
88.5502,100,100
88.5497,100,100
88.5493,100,100
88.5488,100,100
88.5484,100,100
88.5479,100,100
88.5474,100,100
88.547,100,100
88.5465,100,100
88.5461,100,100
88.5456,100,100
88.5452,100,100
88.5447,100,100
88.5442,100,100
88.5438,100,100
88.5433,100,100
88.5429,100,100
88.5424,100,100
88.542,100,100
88.5415,100,100
88.541,100,100
88.5406,100,100
88.5401,100,100
88.5397,100,100
88.5392,100,100
88.5388,100,100
88.5383,100,100
88.5378,100,100
88.5374,100,100
88.5369,100,100
88.5365,100,100
88.536,100,100
88.5356,100,100
88.5351,100,100
88.5346,100,100
88.5342,100,100
88.5337,100,100
88.5333,100,100
88.5328,100,100
88.5324,100,100
88.5319,100,100
88.5314,100,100
88.531,100,100
88.5305,100,100
88.5301,100,100
88.5296,100,100
88.5292,100,100
88.5287,100,100
88.5282,100,100
88.5278,100,100
88.5273,100,100
88.5269,100,100
88.5264,100,100
88.526,100,100
88.5255,100,100
88.525,100,100
88.5246,100,100
88.5241,100,100
88.5237,100,100
88.5232,100,100
88.5228,100,100
88.5223,100,100
88.5218,100,100
88.5214,100,100
88.5209,100,100
88.5205,100,100
88.52,100,100
88.5196,100,100
88.5191,100,100
88.5186,100,100
88.5182,100,100
88.5177,100,100
88.5173,100,100
88.5168,100,100
88.5164,100,100
88.5159,100,100
88.5154,100,100
88.515,100,100
88.5145,100,100
88.5141,100,100
88.5136,100,100
88.5132,100,100
88.5127,100,100
88.5122,100,100
88.5118,100,100
88.5113,100,100
88.5109,100,100
88.5104,100,100
88.51,100,100
88.5095,100,100
88.509,100,100
88.5086,100,100
88.5081,100,100
88.5077,100,100
88.5072,100,100
88.5068,100,100
88.5063,100,100
88.5058,100,100
88.5054,100,100
88.5049,100,100
88.5045,100,100
88.504,100,100
88.5036,100,100
88.5031,100,100
88.5026,100,100
88.5022,100,100
88.5017,100,100
88.5012,100,100
88.5008,100,100
88.5003,100,100
88.4999,100,100
88.4994,100,100
88.4989,100,100
88.4985,100,100
88.498,100,100
88.4976,100,100
88.4971,100,100
88.4966,100,100
88.4962,100,100
88.4957,100,100
88.4953,100,100
88.4948,100,100
88.4943,100,100
88.4939,100,100
88.4934,100,100
88.4929,100,100
88.4925,100,100
88.492,100,100
88.4916,100,100
88.4911,100,100
88.4906,100,100
88.4902,100,100
88.4897,100,100
88.4893,100,100
88.4888,100,100
88.4883,100,100
88.4879,100,100
88.4874,100,100
88.4869,100,100
88.4865,100,100
88.486,100,100
88.4856,100,100
88.4851,100,100
88.4846,100,100
88.4842,100,100
88.4837,100,100
88.4833,100,100
88.4828,100,100
88.4823,100,100
88.4819,100,100
88.4814,100,100
88.4809,100,100
88.4805,100,100
88.48,100,100
88.4796,100,100
88.4791,100,100
88.4786,100,100
88.4782,100,100
88.4777,100,100
88.4773,100,100
88.4768,100,100
88.4763,100,100
88.4759,100,100
88.4754,100,100
88.475,100,100
88.4745,100,100
88.474,100,100
88.4736,100,100
88.4731,100,100
88.4726,100,100
88.4722,100,100
88.4717,100,100
88.4713,100,100
88.4708,100,100
88.4703,100,100
88.4699,100,100
88.4694,100,100
88.469,100,100
88.4685,100,100
88.468,100,100
88.4676,100,100
88.4671,100,100
88.4666,100,100
88.4662,100,100
88.4657,100,100
88.4653,100,100
88.4648,100,100
88.4643,100,100
88.4639,100,100
88.4634,100,100
88.463,100,100
88.4625,100,100
88.462,100,100
88.4616,100,100
88.4611,100,100
88.4606,100,100
88.4602,100,100
88.4597,100,100
88.4593,100,100
88.4588,100,100
88.4583,100,100
88.4579,100,100
88.4574,100,100
88.4569,100,100
88.4565,100,100
88.456,100,100
88.4555,100,100
88.4551,100,100
88.4546,100,100
88.4541,100,100
88.4537,100,100
88.4532,100,100
88.4527,100,100
88.4523,100,100
88.4518,100,100
88.4513,100,100
88.4509,100,100
88.4504,100,100
88.4499,100,100
88.4495,100,100
88.449,100,100
88.4485,100,100
88.4481,100,100
88.4476,100,100
88.4471,100,100
88.4467,100,100
88.4462,100,100
88.4457,100,100
88.4453,100,100
88.4448,100,100
88.4443,100,100
88.4439,100,100
88.4434,100,100
88.4429,100,100
88.4425,100,100
88.442,100,100
88.4415,100,100
88.4411,100,100
88.4406,100,100
88.4401,100,100
88.4397,100,100
88.4392,100,100
88.4387,100,100
88.4383,100,100
88.4378,100,100
88.4373,100,100
88.4369,100,100
88.4364,100,100
88.4359,100,100
88.4355,100,100
88.435,100,100
88.4345,100,100
88.4341,100,100
88.4336,100,100
88.4331,100,100
88.4327,100,100
88.4322,100,100
88.4317,100,100
88.4313,100,100
88.4308,100,100
88.4303,100,100
88.4299,100,100
88.4294,100,100
88.4289,100,100
88.4285,100,100
88.428,100,100
88.4275,100,100
88.4271,100,100
88.4266,100,100
88.4261,100,100
88.4257,100,100
88.4252,100,100
88.4247,100,100
88.4243,100,100
88.4238,100,100
88.4233,100,100
88.4229,100,100
88.4224,100,100
88.4219,100,100
88.4215,100,100
88.421,100,100
88.4205,100,100
88.4201,100,100
88.4196,100,100
88.4191,100,100
88.4187,100,100
88.4182,100,100
88.4177,100,100
88.4173,100,100
88.4168,100,100
88.4163,100,100
88.4159,100,100
88.4154,100,100
88.4149,100,100
88.4145,100,100
88.414,100,100
88.4135,100,100
88.4131,100,100
88.4126,100,100
88.4121,100,100
88.4117,100,100
88.4112,100,100
88.4107,100,100
88.4102,100,100
88.4097,100,100
88.4093,100,100
88.4088,100,100
88.4083,100,100
88.4078,100,100
88.4073,100,100
88.4068,100,100
88.4064,100,100
88.4059,100,100
88.4054,100,100
88.4049,100,100
88.4044,100,100
88.4039,100,100
88.4034,100,100
88.403,100,100
88.4025,100,100
88.402,100,100
88.4015,100,100
88.401,100,100
88.4005,100,100
88.4001,100,100
88.3996,100,100
88.3991,100,100
88.3986,100,100
88.3981,100,100
88.3976,100,100
88.3972,100,100
88.3967,100,100
88.3962,100,100
88.3957,100,100
88.3952,100,100
88.3947,100,100
88.3943,100,100
88.3938,100,100
88.3933,100,100
88.3928,100,100
88.3923,100,100
88.3918,100,100
88.3914,100,100
88.3909,100,100
88.3904,100,100
88.3899,100,100
88.3894,100,100
88.3889,100,100
88.3885,100,100
88.388,100,100
88.3875,100,100
88.387,100,100
88.3865,100,100
88.386,100,100
88.3855,100,100
88.3851,100,100
88.3846,100,100
88.3841,100,100
88.3836,100,100
88.3831,100,100
88.3826,100,100
88.3822,100,100
88.3817,100,100
88.3812,100,100
88.3807,100,100
88.3802,100,100
88.3797,100,100
88.3793,100,100
88.3788,100,100
88.3783,100,100
88.3778,100,100
88.3773,100,100
88.3768,100,100
88.3764,100,100
88.3759,100,100
88.3754,100,100
88.3749,100,100
88.3744,100,100
88.3739,100,100
88.3735,100,100
88.373,100,100
88.3725,100,100
88.372,100,100
88.3715,100,100
88.371,100,100
88.3706,100,100
88.3701,100,100
88.3696,100,100
88.3691,100,100
88.3686,100,100
88.3681,100,100
88.3677,100,100
88.3672,100,100
88.3667,100,100
88.3662,100,100
88.3657,100,100
88.3652,100,100
88.3647,100,100
88.3643,100,100
88.3638,100,100
88.3633,100,100
88.3628,100,100
88.3623,100,100
88.3619,100,100
88.3614,100,100
88.3609,100,100
88.3604,100,100
88.3599,100,100
88.3594,100,100
88.359,100,100
88.3585,100,100
88.358,100,100
88.3575,100,100
88.357,100,100
88.3566,100,100
88.3561,100,100
88.3556,100,100
88.3551,100,100
88.3546,100,100
88.3542,100,100
88.3537,100,100
88.3532,100,100
88.3527,100,100
88.3522,100,100
88.3518,100,100
88.3513,100,100
88.3508,100,100
88.3503,100,100
88.3498,100,100
88.3494,100,100
88.3489,100,100
88.3484,100,100
88.3479,100,100
88.3474,100,100
88.347,100,100
88.3465,100,100
88.346,100,100
88.3455,100,100
88.345,100,100
88.3446,100,100
88.3441,100,100
88.3436,100,100
88.3431,100,100
88.3426,100,100
88.3422,100,100
88.3417,100,100
88.3412,100,100
88.3407,100,100
88.3402,100,100
88.3397,100,100
88.3393,100,100
88.3388,100,100
88.3383,100,100
88.3378,100,100
88.3373,100,100
88.3369,100,100
88.3364,100,100
88.3359,100,100
88.3354,100,100
88.3349,100,100
88.3345,100,100
88.334,100,100
88.3335,100,100
88.333,100,100
88.3325,100,100
88.3321,100,100
88.3316,100,100
88.3311,100,100
88.3306,100,100
88.3301,100,100
88.3297,100,100
88.3292,100,100
88.3287,100,100
88.3282,100,100
88.3277,100,100
88.3273,100,100
88.3268,100,100
88.3263,100,100
88.3258,100,100
88.3253,100,100
88.3249,100,100
88.3244,100,100
88.3239,100,100
88.3234,100,100
88.3229,100,100
88.3224,100,100
88.322,100,100
88.3215,100,100
88.321,100,100
88.3205,100,100
88.32,100,100
88.3196,100,100
88.3191,100,100
88.3186,100,100
88.3181,100,100
88.3176,100,100
88.3172,100,100
88.3167,100,100
88.3162,100,100
88.3157,100,100
88.3152,100,100
88.3148,100,100
88.3143,100,100
88.3138,100,100
88.3133,100,100
88.3128,100,100
88.3123,100,100
88.3119,100,100
88.3114,100,100
88.3109,100,100
88.3104,100,100
88.3099,100,100
88.3094,100,100
88.3089,100,100
88.3085,100,100
88.308,100,100
88.3075,100,100
88.307,100,100
88.3065,100,100
88.306,100,100
88.3055,100,100
88.3051,100,100
88.3046,100,100
88.3041,100,100
88.3036,100,100
88.3031,100,100
88.3026,100,100
88.3021,100,100
88.3017,100,100
88.3012,100,100
88.3007,100,100
88.3002,100,100
88.2997,100,100
88.2992,100,100
88.2988,100,100
88.2983,100,100
88.2978,100,100
88.2973,100,100
88.2968,100,100
88.2963,100,100
88.2958,100,100
88.2954,100,100
88.2949,100,100
88.2944,100,100
88.2939,100,100
88.2934,100,100
88.2929,100,100
88.2924,100,100
88.292,100,100
88.2915,100,100
88.291,100,100
88.2905,100,100
88.29,100,100
88.2895,100,100
88.289,100,100
88.2886,100,100
88.2881,100,100
88.2876,100,100
88.2871,100,100
88.2866,100,100
88.2861,100,100
88.2857,100,100
88.2852,100,100
88.2847,100,100
88.2842,100,100
88.2837,100,100
88.2832,100,100
88.2827,100,100
88.2823,100,100
88.2818,100,100
88.2813,100,100
88.2808,100,100
88.2803,100,100
88.2798,100,100
88.2793,100,100
88.2789,100,100
88.2784,100,100
88.2779,100,100
88.2774,100,100
88.2769,100,100
88.2764,100,100
88.276,100,100
88.2755,100,100
88.275,100,100
88.2745,100,100
88.274,100,100
88.2735,100,100
88.273,100,100
88.2726,100,100
88.2721,100,100
88.2716,100,100
88.2711,100,100
88.2706,100,100
88.2701,100,100
88.2696,100,100
88.2692,100,100
88.2687,100,100
88.2682,100,100
88.2677,100,100
88.2672,100,100
88.2667,100,100
88.2662,100,100
88.2657,100,100
88.2651,100,100
88.2646,100,100
88.264,100,100
88.2635,100,100
88.2629,100,100
88.2623,100,100
88.2618,100,100
88.2612,100,100
88.2607,100,100
88.2601,100,100
88.2596,100,100
88.259,100,100
88.2584,100,100
88.2579,100,100
88.2573,100,100
88.2568,100,100
88.2562,100,100
88.2556,100,100
88.2551,100,100
88.2545,100,100
88.254,100,100
88.2534,100,100
88.2528,100,100
88.2523,100,100
88.2517,100,100
88.2512,100,100
88.2506,100,100
88.2501,100,100
88.2495,100,100
88.2489,100,100
88.2484,100,100
88.2478,100,100
88.2473,100,100
88.2467,100,100
88.2461,100,100
88.2456,100,100
88.245,100,100
88.2445,100,100
88.2439,100,100
88.2433,100,100
88.2428,100,100
88.2422,100,100
88.2417,100,100
88.2411,100,100
88.2405,100,100
88.24,100,100
88.2394,100,100
88.2389,100,100
88.2383,100,100
88.2378,100,100
88.2372,100,100
88.2366,100,100
88.2361,100,100
88.2355,100,100
88.235,100,100
88.2344,100,100
88.2338,100,100
88.2333,100,100
88.2327,100,100
88.2322,100,100
88.2316,100,100
88.231,100,100
88.2305,100,100
88.2299,100,100
88.2294,100,100
88.2288,100,100
88.2283,100,100
88.2277,100,100
88.2271,100,100
88.2266,100,100
88.226,100,100
88.2255,100,100
88.2249,100,100
88.2243,100,100
88.2238,100,100
88.2232,100,100
88.2227,100,100
88.2221,100,100
88.2215,100,100
88.221,100,100
88.2204,100,100
88.2199,100,100
88.2193,100,100
88.2187,100,100
88.2182,100,100
88.2176,100,100
88.2171,100,100
88.2165,100,100
88.216,100,100
88.2154,100,100
88.2148,100,100
88.2143,100,100
88.2137,100,100
88.2132,100,100
88.2126,100,100
88.212,100,100
88.2115,100,100
88.2109,100,100
88.2104,100,100
88.2097,100,100
88.209,100,100
88.2084,100,100
88.2077,100,100
88.207,100,100
88.2063,100,100
88.2057,100,100
88.205,100,100
88.2043,100,100
88.2037,100,100
88.203,100,100
88.2023,100,100
88.2016,100,100
88.201,100,100
88.2003,100,100
88.1996,100,100
88.1989,100,100
88.1983,100,100
88.1976,100,100
88.1969,100,100
88.1963,100,100
88.1956,100,100
88.1949,100,100
88.1942,100,100
88.1936,100,100
88.1929,100,100
88.1922,100,100
88.1915,100,100
88.1909,100,100
88.1902,100,100
88.1895,100,100
88.1889,100,100
88.1882,100,100
88.1875,100,100
88.1868,100,100
88.1862,100,100
88.1855,100,100
88.1848,100,100
88.1841,100,100
88.1835,100,100
88.1828,100,100
88.1821,100,100
88.1814,100,100
88.1808,100,100
88.1801,100,100
88.1794,100,100
88.1788,100,100
88.1781,100,100
88.1774,100,100
88.1767,100,100
88.1761,100,100
88.1754,100,100
88.1747,100,100
88.174,100,100
88.1734,100,100
88.1727,100,100
88.172,100,100
88.1714,100,100
88.1707,100,100
88.17,100,100
88.1693,100,100
88.1687,100,100
88.168,100,100
88.1673,100,100
88.1666,100,100
88.166,100,100
88.1653,100,100
88.1646,100,100
88.164,100,100
88.1633,100,100
88.1626,100,100
88.1619,100,100
88.1613,100,100
88.1606,100,100
88.1599,100,100
88.1592,100,100
88.1586,100,100
88.1579,100,100
88.1572,100,100
88.1566,100,100
88.1559,100,100
88.1552,100,100
88.1545,100,100
88.1539,100,100
88.1532,100,100
88.1525,100,100
88.1518,100,100
88.1512,100,100
88.1505,100,100
88.1498,100,100
88.1492,100,100
88.1485,100,100
88.1478,100,100
88.1471,100,100
88.1465,100,100
88.1458,100,100
88.1451,100,100
88.1444,100,100
88.1438,100,100
88.1431,100,100
88.1423,100,100
88.1416,100,100
88.1408,100,100
88.14,100,100
88.1392,100,100
88.1384,100,100
88.1377,100,100
88.1369,100,100
88.1361,100,100
88.1353,100,100
88.1346,100,100
88.1338,100,100
88.133,100,100
88.1322,100,100
88.1314,100,100
88.1307,100,100
88.1299,100,100
88.1291,100,100
88.1283,100,100
88.1276,100,100
88.1268,100,100
88.126,100,100
88.1252,100,100
88.1245,100,100
88.1237,100,100
88.1229,100,100
88.1221,100,100
88.1213,100,100
88.1206,100,100
88.1198,100,100
88.119,100,100
88.1182,100,100
88.1175,100,100
88.1167,100,100
88.1159,100,100
88.1151,100,100
88.1143,100,100
88.1136,100,100
88.1128,100,100
88.112,100,100
88.1112,100,100
88.1105,100,100
88.1097,100,100
88.1089,100,100
88.1081,100,100
88.1073,100,100
88.1066,100,100
88.1058,100,100
88.105,100,100
88.1042,100,100
88.1035,100,100
88.1027,100,100
88.1019,100,100
88.1011,100,100
88.1003,100,100
88.0996,100,100
88.0988,100,100
88.098,100,100
88.0972,100,100
88.0965,100,100
88.0957,100,100
88.0949,100,100
88.0941,100,100
88.0933,100,100
88.0926,100,100
88.0918,100,100
88.091,100,100
88.0902,100,100
88.0895,100,100
88.0887,100,100
88.0879,100,100
88.0871,100,100
88.0864,100,100
88.0856,100,100
88.0848,100,100
88.084,100,100
88.0832,100,100
88.0825,100,100
88.0817,100,100
88.0809,100,100
88.0801,100,100
88.0794,100,100
88.0786,100,100
88.0778,100,100
88.077,100,100
88.0762,100,100
88.0755,100,100
88.0747,100,100
88.0739,100,100
88.0731,100,100
88.0724,100,100
88.0716,100,100
88.0708,100,100
88.07,100,100
88.0692,100,100
88.0685,100,100
88.0677,100,100
88.0669,100,100
88.0661,100,100
88.0654,100,100
88.0645,100,100
88.0636,100,100
88.0628,100,100
88.0619,100,100
88.0611,100,100
88.0602,100,100
88.0593,100,100
88.0585,100,100
88.0576,100,100
88.0568,100,100
88.0559,100,100
88.055,100,100
88.0542,100,100
88.0533,100,100
88.0525,100,100
88.0516,100,100
88.0507,100,100
88.0499,100,100
88.049,100,100
88.0481,100,100
88.0473,100,100
88.0464,100,100
88.0456,100,100
88.0447,100,100
88.0438,100,100
88.043,100,100
88.0421,100,100
88.0413,100,100
88.0404,100,100
88.0395,100,100
88.0387,100,100
88.0378,100,100
88.037,100,100
88.0361,100,100
88.0352,100,100
88.0344,100,100
88.0335,100,100
88.0327,100,100
88.0318,100,100
88.0309,100,100
88.0301,100,100
88.0292,100,100
88.0283,100,100
88.0275,100,100
88.0266,100,100
88.0258,100,100
88.0249,100,100
88.024,100,100
88.0232,100,100
88.0223,100,100
88.0215,100,100
88.0206,100,100
88.0197,100,100
88.0189,100,100
88.018,100,100
88.0172,100,100
88.0163,100,100
88.0154,100,100
88.0146,100,100
88.0137,100,100
88.0128,100,100
88.012,100,100
88.0111,100,100
88.0103,100,100
88.0094,100,100
88.0085,100,100
88.0077,100,100
88.0068,100,100
88.006,100,100
88.0051,100,100
88.0042,100,100
88.0034,100,100
88.0025,100,100
88.0017,100,100
88.0008,100,100
87.9999,100,100
87.9991,100,100
87.9982,100,100
87.9973,100,100
87.9965,100,100
87.9956,100,100
87.9948,100,100
87.9939,100,100
87.993,100,100
87.9922,100,100
87.9913,100,100
87.9905,100,100
87.9896,100,100
87.9887,100,100
87.9879,100,100
87.987,100,100
87.9862,100,100
87.9853,100,100
87.9844,100,100
87.9836,100,100
87.9827,100,100
87.9818,100,100
87.981,100,100
87.9801,100,100
87.9793,100,100
87.9783,100,100
87.9774,100,100
87.9765,100,100
87.9756,100,100
87.9746,100,100
87.9737,100,100
87.9728,100,100
87.9719,100,100
87.9709,100,100
87.97,100,100
87.9691,100,100
87.9681,100,100
87.9672,100,100
87.9663,100,100
87.9654,100,100
87.9644,100,100
87.9635,100,100
87.9626,100,100
87.9617,100,100
87.9607,100,100
87.9598,100,100
87.9589,100,100
87.9579,100,100
87.957,100,100
87.9561,100,100
87.9552,100,100
87.9542,100,100
87.9533,100,100
87.9524,100,100
87.9514,100,100
87.9505,100,100
87.9496,100,100
87.9487,100,100
87.9477,100,100
87.9468,100,100
87.9459,100,100
87.945,100,100
87.944,100,100
87.9431,100,100
87.9422,100,100
87.9412,100,100
87.9403,100,100
87.9394,100,100
87.9385,100,100
87.9375,100,100
87.9366,100,100
87.9357,100,100
87.9348,100,100
87.9338,100,100
87.9329,100,100
87.932,100,100
87.931,100,100
87.9301,100,100
87.9292,100,100
87.9283,100,100
87.9273,100,100
87.9264,100,100
87.9255,100,100
87.9245,100,100
87.9236,100,100
87.9227,100,100
87.9218,100,100
87.9208,100,100
87.9199,100,100
87.919,100,100
87.9181,100,100
87.9171,100,100
87.9162,100,100
87.9153,100,100
87.9143,100,100
87.9134,100,100
87.9125,100,100
87.9116,100,100
87.9106,100,100
87.9097,100,100
87.9088,100,100
87.9079,100,100
87.9069,100,100
87.906,100,100
87.9051,100,100
87.9041,100,100
87.9032,100,100
87.9023,100,100
87.9014,100,100
87.9004,100,100
87.8995,100,100
87.8986,100,100
87.8977,100,100
87.8967,100,100
87.8958,100,100
87.8949,100,100
87.8939,100,100
87.893,100,100
87.8921,100,100
87.8912,100,100
87.8902,100,100
87.8893,100,100
87.8884,100,100
87.8874,100,100
87.8865,100,100
87.8855,100,100
87.8845,100,100
87.8835,100,100
87.8825,100,100
87.8815,100,100
87.8805,100,100
87.8795,100,100
87.8785,100,100
87.8775,100,100
87.8765,100,100
87.8755,100,100
87.8745,100,100
87.8735,100,100
87.8725,100,100
87.8715,100,100
87.8705,100,100
87.8695,100,100
87.8685,100,100
87.8675,100,100
87.8665,100,100
87.8655,100,100
87.8646,100,100
87.8636,100,100
87.8626,100,100
87.8616,100,100
87.8606,100,100
87.8596,100,100
87.8586,100,100
87.8576,100,100
87.8566,100,100
87.8556,100,100
87.8546,100,100
87.8536,100,100
87.8526,100,100
87.8516,100,100
87.8506,100,100
87.8496,100,100
87.8486,100,100
87.8476,100,100
87.8466,100,100
87.8456,100,100
87.8446,100,100
87.8436,100,100
87.8426,100,100
87.8416,100,100
87.8406,100,100
87.8396,100,100
87.8386,100,100
87.8376,100,100
87.8366,100,100
87.8356,100,100
87.8346,100,100
87.8336,100,100
87.8326,100,100
87.8316,100,100
87.8306,100,100
87.8296,100,100
87.8286,100,100
87.8276,100,100
87.8266,100,100
87.8256,100,100
87.8246,100,100
87.8236,100,100
87.8226,100,100
87.8216,100,100
87.8206,100,100
87.8196,100,100
87.8186,100,100
87.8176,100,100
87.8166,100,100
87.8156,100,100
87.8146,100,100
87.8136,100,100
87.8126,100,100
87.8116,100,100
87.8106,100,100
87.8096,100,100
87.8086,100,100
87.8076,100,100
87.8066,100,100
87.8056,100,100
87.8046,100,100
87.8036,100,100
87.8026,100,100
87.8016,100,100
87.8006,100,100
87.7996,100,100
87.7986,100,100
87.7976,100,100
87.7966,100,100
87.7956,100,100
87.7946,100,100
87.7936,100,100
87.7926,100,100
87.7916,100,100
87.7906,100,100
87.7896,100,100
87.7886,100,100
87.7876,100,100
87.7866,100,100
87.7856,100,100
87.7845,100,100
87.7835,100,100
87.7824,100,100
87.7813,100,100
87.7803,100,100
87.7792,100,100
87.7782,100,100
87.7771,100,100
87.776,100,100
87.775,100,100
87.7739,100,100
87.7729,100,100
87.7718,100,100
87.7707,100,100
87.7697,100,100
87.7686,100,100
87.7676,100,100
87.7665,100,100
87.7654,100,100
87.7644,100,100
87.7633,100,100
87.7623,100,100
87.7612,100,100
87.7602,100,100
87.7591,100,100
87.758,100,100
87.757,100,100
87.7559,100,100
87.7549,100,100
87.7538,100,100
87.7527,100,100
87.7517,100,100
87.7506,100,100
87.7496,100,100
87.7485,100,100
87.7474,100,100
87.7464,100,100
87.7453,100,100
87.7443,100,100
87.7432,100,100
87.7422,100,100
87.7411,100,100
87.74,100,100
87.739,100,100
87.7379,100,100
87.7369,100,100
87.7358,100,100
87.7347,100,100
87.7337,100,100
87.7326,100,100
87.7316,100,100
87.7305,100,100
87.7294,100,100
87.7284,100,100
87.7273,100,100
87.7263,100,100
87.7252,100,100
87.7241,100,100
87.7231,100,100
87.722,100,100
87.721,100,100
87.7199,100,100
87.7189,100,100
87.7178,100,100
87.7167,100,100
87.7157,100,100
87.7146,100,100
87.7136,100,100
87.7125,100,100
87.7114,100,100
87.7104,100,100
87.7093,100,100
87.7083,100,100
87.7072,100,100
87.7061,100,100
87.7051,100,100
87.704,100,100
87.703,100,100
87.7019,100,100
87.7009,100,100
87.6998,100,100
87.6987,100,100
87.6977,100,100
87.6966,100,100
87.6956,100,100
87.6945,100,100
87.6934,100,100
87.6924,100,100
87.6913,100,100
87.6903,100,100
87.6892,100,100
87.6881,100,100
87.6871,100,100
87.686,100,100
87.685,100,100
87.6839,100,100
87.6828,100,100
87.6818,100,100
87.6807,100,100
87.6796,100,100
87.6786,100,100
87.6775,100,100
87.6764,100,100
87.6753,100,100
87.6742,100,100
87.6731,100,100
87.6721,100,100
87.671,100,100
87.6699,100,100
87.6688,100,100
87.6677,100,100
87.6666,100,100
87.6655,100,100
87.6645,100,100
87.6634,100,100
87.6623,100,100
87.6612,100,100
87.6601,100,100
87.659,100,100
87.6579,100,100
87.6569,100,100
87.6558,100,100
87.6547,100,100
87.6536,100,100
87.6525,100,100
87.6514,100,100
87.6503,100,100
87.6493,100,100
87.6482,100,100
87.6471,100,100
87.646,100,100
87.6449,100,100
87.6438,100,100
87.6427,100,100
87.6417,100,100
87.6406,100,100
87.6395,100,100
87.6384,100,100
87.6373,100,100
87.6362,100,100
87.6352,100,100
87.6341,100,100
87.633,100,100
87.6319,100,100
87.6308,100,100
87.6297,100,100
87.6286,100,100
87.6276,100,100
87.6265,100,100
87.6254,100,100
87.6243,100,100
87.6232,100,100
87.6221,100,100
87.621,100,100
87.62,100,100
87.6189,100,100
87.6178,100,100
87.6167,100,100
87.6156,100,100
87.6145,100,100
87.6134,100,100
87.6124,100,100
87.6113,100,100
87.6102,100,100
87.6091,100,100
87.608,100,100
87.6069,100,100
87.6058,100,100
87.6048,100,100
87.6037,100,100
87.6026,100,100
87.6015,100,100
87.6004,100,100
87.5993,100,100
87.5982,100,100
87.5972,100,100
87.5961,100,100
87.595,100,100
87.5939,100,100
87.5928,100,100
87.5917,100,100
87.5907,100,100
87.5896,100,100
87.5885,100,100
87.5874,100,100
87.5863,100,100
87.5852,100,100
87.5841,100,100
87.5831,100,100
87.582,100,100
87.5809,100,100
87.5798,100,100
87.5787,100,100
87.5776,100,100
87.5765,100,100
87.5755,100,100
87.5744,100,100
87.5733,100,100
87.5722,100,100
87.5711,100,100
87.57,100,100
87.5689,100,100
87.5678,100,100
87.5667,100,100
87.5656,100,100
87.5645,100,100
87.5634,100,100
87.5623,100,100
87.5612,100,100
87.56,100,100
87.5589,100,100
87.5578,100,100
87.5567,100,100
87.5556,100,100
87.5545,100,100
87.5534,100,100
87.5523,100,100
87.5512,100,100
87.5501,100,100
87.549,100,100
87.5479,100,100
87.5468,100,100
87.5457,100,100
87.5446,100,100
87.5435,100,100
87.5424,100,100
87.5413,100,100
87.5402,100,100
87.539,100,100
87.5379,100,100
87.5368,100,100
87.5357,100,100
87.5346,100,100
87.5335,100,100
87.5324,100,100
87.5313,100,100
87.5302,100,100
87.5291,100,100
87.528,100,100
87.5269,100,100
87.5258,100,100
87.5247,100,100
87.5236,100,100
87.5225,100,100
87.5214,100,100
87.5203,100,100
87.5192,100,100
87.518,100,100
87.5169,100,100
87.5158,100,100
87.5147,100,100
87.5136,100,100
87.5125,100,100
87.5114,100,100
87.5103,100,100
87.5092,100,100
87.5081,100,100
87.507,100,100
87.5059,100,100
87.5048,100,100
87.5037,100,100
87.5026,100,100
87.5015,100,100
87.5004,100,100
87.4993,100,100
87.4982,100,100
87.497,100,100
87.4959,100,100
87.4948,100,100
87.4937,100,100
87.4926,100,100
87.4915,100,100
87.4904,100,100
87.4893,100,100
87.4882,100,100
87.4871,100,100
87.486,100,100
87.4849,100,100
87.4838,100,100
87.4827,100,100
87.4816,100,100
87.4805,100,100
87.4794,100,100
87.4783,100,100
87.4772,100,100
87.476,100,100
87.4749,100,100
87.4738,100,100
87.4727,100,100
87.4716,100,100
87.4705,100,100
87.4694,100,100
87.4683,100,100
87.4672,100,100
87.4661,100,100
87.465,100,100
87.4639,100,100
87.4628,100,100
87.4617,100,100
87.4606,100,100
87.4594,100,100
87.4583,100,100
87.4572,100,100
87.4561,100,100
87.455,100,100
87.4538,100,100
87.4527,100,100
87.4516,100,100
87.4505,100,100
87.4493,100,100
87.4482,100,100
87.4471,100,100
87.446,100,100
87.4449,100,100
87.4437,100,100
87.4426,100,100
87.4415,100,100
87.4404,100,100
87.4392,100,100
87.4381,100,100
87.437,100,100
87.4359,100,100
87.4348,100,100
87.4336,100,100
87.4325,100,100
87.4314,100,100
87.4303,100,100
87.4291,100,100
87.428,100,100
87.4269,100,100
87.4258,100,100
87.4247,100,100
87.4235,100,100
87.4224,100,100
87.4213,100,100
87.4202,100,100
87.419,100,100
87.4179,100,100
87.4168,100,100
87.4157,100,100
87.4146,100,100
87.4134,100,100
87.4123,100,100
87.4112,100,100
87.4101,100,100
87.4089,100,100
87.4078,100,100
87.4067,100,100
87.4056,100,100
87.4045,100,100
87.4033,100,100
87.4022,100,100
87.4011,100,100
87.4,100,100
87.3989,100,100
87.3977,100,100
87.3966,100,100
87.3955,100,100
87.3944,100,100
87.3932,100,100
87.3921,100,100
87.391,100,100
87.3899,100,100
87.3888,100,100
87.3876,100,100
87.3865,100,100
87.3854,100,100
87.3843,100,100
87.3831,100,100
87.382,100,100
87.3809,100,100
87.3798,100,100
87.3787,100,100
87.3775,100,100
87.3764,100,100
87.3753,100,100
87.3742,100,100
87.373,100,100
87.3719,100,100
87.3708,100,100
87.3697,100,100
87.3686,100,100
87.3674,100,100
87.3663,100,100
87.3652,100,100
87.3641,100,100
87.3629,100,100
87.3618,100,100
87.3607,100,100
87.3596,100,100
87.3585,100,100
87.3573,100,100
87.3562,100,100
87.3551,100,100
87.354,100,100
87.3528,100,100
87.3517,100,100
87.3506,100,100
87.3495,100,100
87.3483,100,100
87.3472,100,100
87.3461,100,100
87.3449,100,100
87.3438,100,100
87.3426,100,100
87.3415,100,100
87.3404,100,100
87.3392,100,100
87.3381,100,100
87.3369,100,100
87.3358,100,100
87.3347,100,100
87.3335,100,100
87.3324,100,100
87.3312,100,100
87.3301,100,100
87.329,100,100
87.3278,100,100
87.3267,100,100
87.3255,100,100
87.3244,100,100
87.3233,100,100
87.3221,100,100
87.321,100,100
87.3198,100,100
87.3187,100,100
87.3176,100,100
87.3164,100,100
87.3153,100,100
87.3141,100,100
87.313,100,100
87.3119,100,100
87.3107,100,100
87.3096,100,100
87.3084,100,100
87.3073,100,100
87.3062,100,100
87.305,100,100
87.3039,100,100
87.3027,100,100
87.3016,100,100
87.3005,100,100
87.2993,100,100
87.2982,100,100
87.297,100,100
87.2959,100,100
87.2948,100,100
87.2936,100,100
87.2925,100,100
87.2913,100,100
87.2902,100,100
87.2891,100,100
87.2879,100,100
87.2868,100,100
87.2856,100,100
87.2845,100,100
87.2834,100,100
87.2822,100,100
87.2811,100,100
87.2799,100,100
87.2788,100,100
87.2777,100,100
87.2765,100,100
87.2754,100,100
87.2742,100,100
87.2731,100,100
87.272,100,100
87.2708,100,100
87.2697,100,100
87.2685,100,100
87.2674,100,100
87.2663,100,100
87.2651,100,100
87.264,100,100
87.2628,100,100
87.2617,100,100
87.2606,100,100
87.2594,100,100
87.2583,100,100
87.2571,100,100
87.256,100,100
87.2549,100,100
87.2537,100,100
87.2526,100,100
87.2514,100,100
87.2503,100,100
87.2492,100,100
87.248,100,100
87.2469,100,100
87.2457,100,100
87.2446,100,100
87.2434,100,100
87.2423,100,100
87.2412,100,100
87.24,100,100
87.2389,100,100
87.2377,100,100
87.2366,100,100
87.2355,100,100
87.2343,100,100
87.2332,100,100
87.232,100,100
87.2308,100,100
87.2297,100,100
87.2285,100,100
87.2274,100,100
87.2262,100,100
87.2251,100,100
87.2239,100,100
87.2228,100,100
87.2216,100,100
87.2204,100,100
87.2193,100,100
87.2181,100,100
87.217,100,100
87.2158,100,100
87.2147,100,100
87.2135,100,100
87.2124,100,100
87.2112,100,100
87.21,100,100
87.2089,100,100
87.2077,100,100
87.2066,100,100
87.2054,100,100
87.2043,100,100
87.2031,100,100
87.202,100,100
87.2008,100,100
87.1996,100,100
87.1985,100,100
87.1973,100,100
87.1962,100,100
87.195,100,100
87.1939,100,100
87.1927,100,100
87.1916,100,100
87.1904,100,100
87.1892,100,100
87.1881,100,100
87.1869,100,100
87.1858,100,100
87.1846,100,100
87.1835,100,100
87.1823,100,100
87.1811,100,100
87.18,100,100
87.1788,100,100
87.1777,100,100
87.1765,100,100
87.1754,100,100
87.1742,100,100
87.1731,100,100
87.1719,100,100
87.1707,100,100
87.1696,100,100
87.1684,100,100
87.1673,100,100
87.1661,100,100
87.165,100,100
87.1638,100,100
87.1627,100,100
87.1615,100,100
87.1603,100,100
87.1592,100,100
87.158,100,100
87.1569,100,100
87.1557,100,100
87.1546,100,100
87.1534,100,100
87.1523,100,100
87.1511,100,100
87.1499,100,100
87.1488,100,100
87.1476,100,100
87.1465,100,100
87.1453,100,100
87.1442,100,100
87.143,100,100
87.1418,100,100
87.1407,100,100
87.1395,100,100
87.1384,100,100
87.1372,100,100
87.1361,100,100
87.1349,100,100
87.1338,100,100
87.1326,100,100
87.1314,100,100
87.1303,100,100
87.1291,100,100
87.128,100,100
87.1268,100,100
87.1257,100,100
87.1245,100,100
87.1234,100,100
87.1222,100,100
87.121,100,100
87.1199,100,100
87.1187,100,100
87.1176,100,100
87.1164,100,100
87.1152,100,100
87.1141,100,100
87.1129,100,100
87.1117,100,100
87.1106,100,100
87.1094,100,100
87.1083,100,100
87.1071,100,100
87.1059,100,100
87.1048,100,100
87.1036,100,100
87.1024,100,100
87.1013,100,100
87.1001,100,100
87.0989,100,100
87.0978,100,100
87.0966,100,100
87.0955,100,100
87.0943,100,100
87.0931,100,100
87.092,100,100
87.0908,100,100
87.0896,100,100
87.0885,100,100
87.0873,100,100
87.0861,100,100
87.085,100,100
87.0838,100,100
87.0826,100,100
87.0815,100,100
87.0803,100,100
87.0792,100,100
87.078,100,100
87.0768,100,100
87.0757,100,100
87.0745,100,100
87.0733,100,100
87.0722,100,100
87.071,100,100
87.0698,100,100
87.0687,100,100
87.0675,100,100
87.0664,100,100
87.0652,100,100
87.064,100,100
87.0629,100,100
87.0617,100,100
87.0605,100,100
87.0594,100,100
87.0582,100,100
87.057,100,100
87.0559,100,100
87.0547,100,100
87.0536,100,100
87.0524,100,100
87.0512,100,100
87.0501,100,100
87.0489,100,100
87.0477,100,100
87.0466,100,100
87.0454,100,100
87.0442,100,100
87.0431,100,100
87.0419,100,100
87.0408,100,100
87.0396,100,100
87.0384,100,100
87.0373,100,100
87.0361,100,100
87.0349,100,100
87.0338,100,100
87.0326,100,100
87.0314,100,100
87.0303,100,100
87.0291,100,100
87.0279,100,100
87.0268,100,100
87.0256,100,100
87.0245,100,100
87.0233,100,100
87.0221,100,100
87.021,100,100
87.0198,100,100
87.0186,100,100
87.0175,100,100
87.0163,100,100
87.0151,100,100
87.014,100,100
87.0128,100,100
87.0117,100,100
87.0105,100,100
87.0093,100,100
87.0082,100,100
87.007,100,100
87.0058,100,100
87.0047,100,100
87.0035,100,100
87.0023,100,100
87.0012,100,100
87,100,100
86.9988,100,100
86.9977,100,100
86.9965,100,100
86.9953,100,100
86.9942,100,100
86.993,100,100
86.9918,100,100
86.9907,100,100
86.9895,100,100
86.9884,100,100
86.9872,100,100
86.986,100,100
86.9849,100,100
86.9837,100,100
86.9825,100,100
86.9814,100,100
86.9802,100,100
86.979,100,100
86.9779,100,100
86.9767,100,100
86.9755,100,100
86.9744,100,100
86.9732,100,100
86.972,100,100
86.9709,100,100
86.9697,100,100
86.9685,100,100
86.9674,100,100
86.9662,100,100
86.965,100,100
86.9639,100,100
86.9627,100,100
86.9615,100,100
86.9604,100,100
86.9592,100,100
86.958,100,100
86.9569,100,100
86.9557,100,100
86.9545,100,100
86.9534,100,100
86.9522,100,100
86.951,100,100
86.9499,100,100
86.9487,100,100
86.9475,100,100
86.9464,100,100
86.9452,100,100
86.944,100,100
86.9429,100,100
86.9417,100,100
86.9405,100,100
86.9394,100,100
86.9382,100,100
86.937,100,100
86.9359,100,100
86.9347,100,100
86.9336,100,100
86.9324,100,100
86.9312,100,100
86.9301,100,100
86.9289,100,100
86.9277,100,100
86.9266,100,100
86.9254,100,100
86.9242,100,100
86.9231,100,100
86.9219,100,100
86.9207,100,100
86.9196,100,100
86.9184,100,100
86.9172,100,100
86.9161,100,100
86.9149,100,100
86.9137,100,100
86.9126,100,100
86.9114,100,100
86.9102,100,100
86.9091,100,100
86.9079,100,100
86.9067,100,100
86.9056,100,100
86.9044,100,100
86.9032,100,100
86.9021,100,100
86.9009,100,100
86.8997,100,100
86.8986,100,100
86.8974,100,100
86.8962,100,100
86.8951,100,100
86.8939,100,100
86.8927,100,100
86.8916,100,100
86.8904,100,100
86.8892,100,100
86.8881,100,100
86.8869,100,100
86.8857,100,100
86.8846,100,100
86.8834,100,100
86.8822,100,100
86.8811,100,100
86.8799,100,100
86.8787,100,100
86.8776,100,100
86.8764,100,100
86.8752,100,100
86.8741,100,100
86.8729,100,100
86.8717,100,100
86.8706,100,100
86.8694,100,100
86.8682,100,100
86.8671,100,100
86.8659,100,100
86.8647,100,100
86.8635,100,100
86.8624,100,100
86.8612,100,100
86.86,100,100
86.8589,100,100
86.8577,100,100
86.8565,100,100
86.8554,100,100
86.8542,100,100
86.853,100,100
86.8519,100,100
86.8507,100,100
86.8495,100,100
86.8484,100,100
86.8472,100,100
86.846,100,100
86.8449,100,100
86.8437,100,100
86.8425,100,100
86.8414,100,100
86.8402,100,100
86.839,100,100
86.8378,100,100
86.8367,100,100
86.8355,100,100
86.8343,100,100
86.8332,100,100
86.832,100,100
86.8308,100,100
86.8297,100,100
86.8285,100,100
86.8273,100,100
86.8262,100,100
86.825,100,100
86.8238,100,100
86.8227,100,100
86.8215,100,100
86.8203,100,100
86.8192,100,100
86.818,100,100
86.8168,100,100
86.8157,100,100
86.8145,100,100
86.8133,100,100
86.8121,100,100
86.811,100,100
86.8098,100,100
86.8086,100,100
86.8075,100,100
86.8063,100,100
86.8051,100,100
86.804,100,100
86.8028,100,100
86.8016,100,100
86.8005,100,100
86.7993,100,100
86.7981,100,100
86.797,100,100
86.7958,100,100
86.7946,100,100
86.7935,100,100
86.7923,100,100
86.7911,100,100
86.79,100,100
86.7888,100,100
86.7876,100,100
86.7864,100,100
86.7853,100,100
86.7841,100,100
86.7829,100,100
86.7818,100,100
86.7806,100,100
86.7794,100,100
86.7783,100,100
86.7771,100,100
86.7759,100,100
86.7748,100,100
86.7736,100,100
86.7724,100,100
86.7713,100,100
86.7701,100,100
86.7689,100,100
86.7678,100,100
86.7666,100,100
86.7654,100,100
86.7642,100,100
86.7631,100,100
86.7619,100,100
86.7607,100,100
86.7596,100,100
86.7584,100,100
86.7572,100,100
86.7561,100,100
86.7549,100,100
86.7537,100,100
86.7525,100,100
86.7514,100,100
86.7502,100,100
86.749,100,100
86.7479,100,100
86.7467,100,100
86.7455,100,100
86.7444,100,100
86.7432,100,100
86.742,100,100
86.7408,100,100
86.7397,100,100
86.7385,100,100
86.7373,100,100
86.7362,100,100
86.735,100,100
86.7338,100,100
86.7327,100,100
86.7315,100,100
86.7303,100,100
86.7292,100,100
86.728,100,100
86.7268,100,100
86.7256,100,100
86.7245,100,100
86.7233,100,100
86.7221,100,100
86.721,100,100
86.7198,100,100
86.7186,100,100
86.7175,100,100
86.7163,100,100
86.7151,100,100
86.7139,100,100
86.7128,100,100
86.7116,100,100
86.7104,100,100
86.7093,100,100
86.7081,100,100
86.7069,100,100
86.7058,100,100
86.7046,100,100
86.7034,100,100
86.7022,100,100
86.7011,100,100
86.6999,100,100
86.6987,100,100
86.6976,100,100
86.6964,100,100
86.6952,100,100
86.6941,100,100
86.6929,100,100
86.6917,100,100
86.6905,100,100
86.6894,100,100
86.6882,100,100
86.687,100,100
86.6859,100,100
86.6847,100,100
86.6835,100,100
86.6824,100,100
86.6812,100,100
86.68,100,100
86.6788,100,100
86.6777,100,100
86.6765,100,100
86.6753,100,100
86.6742,100,100
86.673,100,100
86.6718,100,100
86.6707,100,100
86.6695,100,100
86.6683,100,100
86.6672,100,100
86.666,100,100
86.6648,100,100
86.6636,100,100
86.6625,100,100
86.6613,100,100
86.6601,100,100
86.659,100,100
86.6578,100,100
86.6566,100,100
86.6555,100,100
86.6543,100,100
86.6531,100,100
86.6519,100,100
86.6508,100,100
86.6496,100,100
86.6484,100,100
86.6473,100,100
86.6461,100,100
86.6449,100,100
86.6438,100,100
86.6426,100,100
86.6414,100,100
86.6402,100,100
86.6391,100,100
86.6379,100,100
86.6367,100,100
86.6356,100,100
86.6344,100,100
86.6332,100,100
86.6321,100,100
86.6309,100,100
86.6297,100,100
86.6285,100,100
86.6274,100,100
86.6262,100,100
86.625,100,100
86.6239,100,100
86.6227,100,100
86.6215,100,100
86.6204,100,100
86.6192,100,100
86.618,100,100
86.6168,100,100
86.6157,100,100
86.6145,100,100
86.6133,100,100
86.6122,100,100
86.611,100,100
86.6098,100,100
86.6087,100,100
86.6075,100,100
86.6063,100,100
86.6051,100,100
86.604,100,100
86.6028,100,100
86.6016,100,100
86.6005,100,100
86.5993,100,100
86.5981,100,100
86.597,100,100
86.5958,100,100
86.5946,100,100
86.5934,100,100
86.5923,100,100
86.5911,100,100
86.5899,100,100
86.5888,100,100
86.5876,100,100
86.5864,100,100
86.5853,100,100
86.5841,100,100
86.5829,100,100
86.5818,100,100
86.5806,100,100
86.5794,100,100
86.5782,100,100
86.5771,100,100
86.5759,100,100
86.5747,100,100
86.5736,100,100
86.5724,100,100
86.5712,100,100
86.5701,100,100
86.5689,100,100
86.5677,100,100
86.5665,100,100
86.5654,100,100
86.5642,100,100
86.563,100,100
86.5619,100,100
86.5607,100,100
86.5595,100,100
86.5584,100,100
86.5572,100,100
86.556,100,100
86.5548,100,100
86.5537,100,100
86.5525,100,100
86.5513,100,100
86.5502,100,100
86.549,100,100
86.5478,100,100
86.5467,100,100
86.5455,100,100
86.5443,100,100
86.5431,100,100
86.542,100,100
86.5408,100,100
86.5396,100,100
86.5385,100,100
86.5373,100,100
86.5361,100,100
86.5349,100,100
86.5338,100,100
86.5326,100,100
86.5314,100,100
86.5302,100,100
86.5291,100,100
86.5279,100,100
86.5267,100,100
86.5255,100,100
86.5244,100,100
86.5232,100,100
86.522,100,100
86.5208,100,100
86.5197,100,100
86.5185,100,100
86.5173,100,100
86.5161,100,100
86.515,100,100
86.5138,100,100
86.5126,100,100
86.5114,100,100
86.5103,100,100
86.5091,100,100
86.5079,100,100
86.5067,100,100
86.5056,100,100
86.5044,100,100
86.5032,100,100
86.502,100,100
86.5009,100,100
86.4997,100,100
86.4985,100,100
86.4973,100,100
86.4962,100,100
86.495,100,100
86.4938,100,100
86.4926,100,100
86.4915,100,100
86.4903,100,100
86.4891,100,100
86.4879,100,100
86.4868,100,100
86.4856,100,100
86.4844,100,100
86.4832,100,100
86.482,100,100
86.4809,100,100
86.4797,100,100
86.4785,100,100
86.4773,100,100
86.4762,100,100
86.475,100,100
86.4738,100,100
86.4726,100,100
86.4715,100,100
86.4703,100,100
86.4691,100,100
86.4679,100,100
86.4668,100,100
86.4656,100,100
86.4644,100,100
86.4632,100,100
86.4621,100,100
86.4609,100,100
86.4597,100,100
86.4585,100,100
86.4574,100,100
86.4562,100,100
86.455,100,100
86.4538,100,100
86.4527,100,100
86.4515,100,100
86.4503,100,100
86.4491,100,100
86.448,100,100
86.4468,100,100
86.4456,100,100
86.4444,100,100
86.4433,100,100
86.4421,100,100
86.4409,100,100
86.4397,100,100
86.4386,100,100
86.4374,100,100
86.4362,100,100
86.435,100,100
86.4339,100,100
86.4327,100,100
86.4315,100,100
86.4303,100,100
86.4291,100,100
86.428,100,100
86.4268,100,100
86.4256,100,100
86.4244,100,100
86.4233,100,100
86.4221,100,100
86.4209,100,100
86.4197,100,100
86.4186,100,100
86.4174,100,100
86.4162,100,100
86.415,100,100
86.4139,100,100
86.4127,100,100
86.4115,100,100
86.4103,100,100
86.4092,100,100
86.408,100,100
86.4068,100,100
86.4056,100,100
86.4045,100,100
86.4033,100,100
86.4021,100,100
86.4009,100,100
86.3998,100,100
86.3986,100,100
86.3974,100,100
86.3962,100,100
86.3951,100,100
86.3939,100,100
86.3927,100,100
86.3915,100,100
86.3904,100,100
86.3892,100,100
86.388,100,100
86.3868,100,100
86.3857,100,100
86.3845,100,100
86.3833,100,100
86.3821,100,100
86.381,100,100
86.3798,100,100
86.3786,100,100
86.3774,100,100
86.3763,100,100
86.3751,100,100
86.3739,100,100
86.3727,100,100
86.3716,100,100
86.3704,100,100
86.3692,100,100
86.368,100,100
86.3669,100,100
86.3657,100,100
86.3645,100,100
86.3633,100,100
86.3622,100,100
86.361,100,100
86.3598,100,100
86.3586,100,100
86.3575,100,100
86.3563,100,100
86.3551,100,100
86.3539,100,100
86.3528,100,100
86.3516,100,100
86.3504,100,100
86.3492,100,100
86.3481,100,100
86.3469,100,100
86.3457,100,100
86.3445,100,100
86.3434,100,100
86.3422,100,100
86.341,100,100
86.3398,100,100
86.3387,100,100
86.3375,100,100
86.3363,100,100
86.3351,100,100
86.334,100,100
86.3328,100,100
86.3316,100,100
86.3304,100,100
86.3293,100,100
86.3281,100,100
86.3269,100,100
86.3257,100,100
86.3246,100,100
86.3234,100,100
86.3222,100,100
86.321,100,100
86.3199,100,100
86.3187,100,100
86.3175,100,100
86.3163,100,100
86.3152,100,100
86.314,100,100
86.3128,100,100
86.3116,100,100
86.3105,100,100
86.3093,100,100
86.3081,100,100
86.3069,100,100
86.3058,100,100
86.3046,100,100
86.3034,100,100
86.3022,100,100
86.3011,100,100
86.2999,100,100
86.2987,100,100
86.2975,100,100
86.2963,100,100
86.2952,100,100
86.294,100,100
86.2928,100,100
86.2916,100,100
86.2905,100,100
86.2893,100,100
86.2881,100,100
86.2869,100,100
86.2858,100,100
86.2846,100,100
86.2834,100,100
86.2822,100,100
86.2811,100,100
86.2799,100,100
86.2787,100,100
86.2775,100,100
86.2764,100,100
86.2752,100,100
86.274,100,100
86.2728,100,100
86.2717,100,100
86.2705,100,100
86.2693,100,100
86.2681,100,100
86.2669,100,100
86.2658,100,100
86.2646,100,100
86.2634,100,100
86.2622,100,100
86.2611,100,100
86.2599,100,100
86.2587,100,100
86.2575,100,100
86.2564,100,100
86.2552,100,100
86.254,100,100
86.2528,100,100
86.2517,100,100
86.2505,100,100
86.2493,100,100
86.2481,100,100
86.247,100,100
86.2458,100,100
86.2446,100,100
86.2434,100,100
86.2423,100,100
86.2411,100,100
86.2399,100,100
86.2387,100,100
86.2376,100,100
86.2364,100,100
86.2352,100,100
86.234,100,100
86.2328,100,100
86.2317,100,100
86.2305,100,100
86.2293,100,100
86.2281,100,100
86.227,100,100
86.2258,100,100
86.2246,100,100
86.2234,100,100
86.2223,100,100
86.2211,100,100
86.2199,100,100
86.2187,100,100
86.2176,100,100
86.2164,100,100
86.2152,100,100
86.214,100,100
86.2129,100,100
86.2117,100,100
86.2105,100,100
86.2093,100,100
86.2082,100,100
86.207,100,100
86.2058,100,100
86.2046,100,100
86.2034,100,100
86.2023,100,100
86.2011,100,100
86.1999,100,100
86.1987,100,100
86.1976,100,100
86.1964,100,100
86.1952,100,100
86.194,100,100
86.1929,100,100
86.1917,100,100
86.1905,100,100
86.1893,100,100
86.1882,100,100
86.187,100,100
86.1858,100,100
86.1846,100,100
86.1835,100,100
86.1823,100,100
86.1811,100,100
86.1799,100,100
86.1788,100,100
86.1776,100,100
86.1764,100,100
86.1752,100,100
86.1741,100,100
86.1729,100,100
86.1717,100,100
86.1705,100,100
86.1694,100,100
86.1682,100,100
86.167,100,100
86.1658,100,100
86.1647,100,100
86.1635,100,100
86.1623,100,100
86.1611,100,100
86.16,100,100
86.1588,100,100
86.1576,100,100
86.1564,100,100
86.1553,100,100
86.1541,100,100
86.1529,100,100
86.1517,100,100
86.1506,100,100
86.1494,100,100
86.1482,100,100
86.147,100,100
86.1459,100,100
86.1447,100,100
86.1435,100,100
86.1423,100,100
86.1412,100,100
86.14,100,100
86.1388,100,100
86.1376,100,100
86.1365,100,100
86.1353,100,100
86.1341,100,100
86.1329,100,100
86.1318,100,100
86.1306,100,100
86.1294,100,100
86.1282,100,100
86.1271,100,100
86.1259,100,100
86.1247,100,100
86.1235,100,100
86.1224,100,100
86.1212,100,100
86.12,100,100
86.1188,100,100
86.1177,100,100
86.1165,100,100
86.1153,100,100
86.1141,100,100
86.113,100,100
86.1118,100,100
86.1106,100,100
86.1094,100,100
86.1083,100,100
86.1071,100,100
86.1059,100,100
86.1047,100,100
86.1036,100,100
86.1024,100,100
86.1012,100,100
86.1,100,100
86.0989,100,100
86.0977,100,100
86.0965,100,100
86.0953,100,100
86.0942,100,100
86.093,100,100
86.0918,100,100
86.0906,100,100
86.0895,100,100
86.0883,100,100
86.0871,100,100
86.0859,100,100
86.0848,100,100
86.0836,100,100
86.0824,100,100
86.0812,100,100
86.0801,100,100
86.0789,100,100
86.0777,100,100
86.0765,100,100
86.0754,100,100
86.0742,100,100
86.073,100,100
86.0718,100,100
86.0707,100,100
86.0695,100,100
86.0683,100,100
86.0671,100,100
86.066,100,100
86.0648,100,100
86.0636,100,100
86.0624,100,100
86.0613,100,100
86.0601,100,100
86.0589,100,100
86.0577,100,100
86.0566,100,100
86.0554,100,100
86.0542,100,100
86.053,100,100
86.0519,100,100
86.0507,100,100
86.0495,100,100
86.0483,100,100
86.0472,100,100
86.046,100,100
86.0448,100,100
86.0437,100,100
86.0425,100,100
86.0413,100,100
86.0401,100,100
86.039,100,100
86.0378,100,100
86.0366,100,100
86.0354,100,100
86.0343,100,100
86.0331,100,100
86.0319,100,100
86.0307,100,100
86.0296,100,100
86.0284,100,100
86.0272,100,100
86.026,100,100
86.0249,100,100
86.0237,100,100
86.0225,100,100
86.0214,100,100
86.0202,100,100
86.019,100,100
86.0178,100,100
86.0167,100,100
86.0155,100,100
86.0143,100,100
86.0131,100,100
86.012,100,100
86.0108,100,100
86.0096,100,100
86.0084,100,100
86.0073,100,100
86.0061,100,100
86.0049,100,100
86.0038,100,100
86.0026,100,100
86.0014,100,100
86.0002,100,100
85.9991,100,100
85.9979,100,100
85.9967,100,100
85.9955,100,100
85.9944,100,100
85.9932,100,100
85.992,100,100
85.9908,100,100
85.9897,100,100
85.9885,100,100
85.9873,100,100
85.9861,100,100
85.985,100,100
85.9838,100,100
85.9826,100,100
85.9815,100,100
85.9803,100,100
85.9791,100,100
85.9779,100,100
85.9768,100,100
85.9756,100,100
85.9744,100,100
85.9732,100,100
85.9721,100,100
85.9709,100,100
85.9697,100,100
85.9685,100,100
85.9674,100,100
85.9662,100,100
85.965,100,100
85.9638,100,100
85.9627,100,100
85.9615,100,100
85.9603,100,100
85.9592,100,100
85.958,100,100
85.9568,100,100
85.9556,100,100
85.9545,100,100
85.9533,100,100
85.9521,100,100
85.9509,100,100
85.9498,100,100
85.9486,100,100
85.9474,100,100
85.9463,100,100
85.9451,100,100
85.9439,100,100
85.9427,100,100
85.9416,100,100
85.9404,100,100
85.9392,100,100
85.9381,100,100
85.9369,100,100
85.9357,100,100
85.9346,100,100
85.9334,100,100
85.9322,100,100
85.931,100,100
85.9299,100,100
85.9287,100,100
85.9275,100,100
85.9264,100,100
85.9252,100,100
85.924,100,100
85.9229,100,100
85.9217,100,100
85.9205,100,100
85.9193,100,100
85.9182,100,100
85.917,100,100
85.9158,100,100
85.9147,100,100
85.9135,100,100
85.9123,100,100
85.9112,100,100
85.91,100,100
85.9088,100,100
85.9076,100,100
85.9065,100,100
85.9053,100,100
85.9041,100,100
85.903,100,100
85.9018,100,100
85.9006,100,100
85.8995,100,100
85.8983,100,100
85.8971,100,100
85.896,100,100
85.8948,100,100
85.8936,100,100
85.8924,100,100
85.8913,100,100
85.8901,100,100
85.8889,100,100
85.8878,100,100
85.8866,100,100
85.8854,100,100
85.8843,100,100
85.8831,100,100
85.8819,100,100
85.8807,100,100
85.8796,100,100
85.8784,100,100
85.8772,100,100
85.8761,100,100
85.8749,100,100
85.8737,100,100
85.8726,100,100
85.8714,100,100
85.8702,100,100
85.869,100,100
85.8679,100,100
85.8667,100,100
85.8655,100,100
85.8644,100,100
85.8632,100,100
85.862,100,100
85.8609,100,100
85.8597,100,100
85.8585,100,100
85.8573,100,100
85.8562,100,100
85.855,100,100
85.8538,100,100
85.8527,100,100
85.8515,100,100
85.8503,100,100
85.8492,100,100
85.848,100,100
85.8468,100,100
85.8457,100,100
85.8445,100,100
85.8433,100,100
85.8421,100,100
85.841,100,100
85.8398,100,100
85.8386,100,100
85.8375,100,100
85.8363,100,100
85.8351,100,100
85.834,100,100
85.8328,100,100
85.8316,100,100
85.8304,100,100
85.8293,100,100
85.8281,100,100
85.8269,100,100
85.8258,100,100
85.8246,100,100
85.8234,100,100
85.8222,100,100
85.8211,100,100
85.8199,100,100
85.8187,100,100
85.8176,100,100
85.8164,100,100
85.8152,100,100
85.814,100,100
85.8129,100,100
85.8117,100,100
85.8105,100,100
85.8093,100,100
85.8082,100,100
85.807,100,100
85.8058,100,100
85.8047,100,100
85.8035,100,100
85.8023,100,100
85.8011,100,100
85.8,100,100
85.7988,100,100
85.7976,100,100
85.7965,100,100
85.7953,100,100
85.7941,100,100
85.7929,100,100
85.7918,100,100
85.7906,100,100
85.7894,100,100
85.7883,100,100
85.7871,100,100
85.7859,100,100
85.7847,100,100
85.7836,100,100
85.7824,100,100
85.7812,100,100
85.7801,100,100
85.7789,100,100
85.7777,100,100
85.7765,100,100
85.7754,100,100
85.7742,100,100
85.773,100,100
85.7719,100,100
85.7707,100,100
85.7695,100,100
85.7683,100,100
85.7672,100,100
85.766,100,100
85.7648,100,100
85.7636,100,100
85.7625,100,100
85.7613,100,100
85.7601,100,100
85.759,100,100
85.7578,100,100
85.7566,100,100
85.7554,100,100
85.7543,100,100
85.7531,100,100
85.7519,100,100
85.7508,100,100
85.7496,100,100
85.7484,100,100
85.7472,100,100
85.7461,100,100
85.7449,100,100
85.7437,100,100
85.7426,100,100
85.7414,100,100
85.7402,100,100
85.739,100,100
85.7379,100,100
85.7367,100,100
85.7355,100,100
85.7344,100,100
85.7332,100,100
85.732,100,100
85.7308,100,100
85.7297,100,100
85.7285,100,100
85.7273,100,100
85.7261,100,100
85.725,100,100
85.7238,100,100
85.7226,100,100
85.7215,100,100
85.7203,100,100
85.7191,100,100
85.7179,100,100
85.7168,100,100
85.7156,100,100
85.7144,100,100
85.7133,100,100
85.7121,100,100
85.7109,100,100
85.7097,100,100
85.7086,100,100
85.7074,100,100
85.7062,100,100
85.705,100,100
85.7039,100,100
85.7027,100,100
85.7015,100,100
85.7003,100,100
85.6992,100,100
85.698,100,100
85.6968,100,100
85.6956,100,100
85.6945,100,100
85.6933,100,100
85.6921,100,100
85.6909,100,100
85.6898,100,100
85.6886,100,100
85.6874,100,100
85.6862,100,100
85.6851,100,100
85.6839,100,100
85.6827,100,100
85.6815,100,100
85.6804,100,100
85.6792,100,100
85.678,100,100
85.6768,100,100
85.6757,100,100
85.6745,100,100
85.6733,100,100
85.6721,100,100
85.671,100,100
85.6698,100,100
85.6686,100,100
85.6674,100,100
85.6663,100,100
85.6651,100,100
85.6639,100,100
85.6627,100,100
85.6616,100,100
85.6604,100,100
85.6592,100,100
85.658,100,100
85.6569,100,100
85.6557,100,100
85.6545,100,100
85.6533,100,100
85.6522,100,100
85.651,100,100
85.6498,100,100
85.6486,100,100
85.6475,100,100
85.6463,100,100
85.6451,100,100
85.6439,100,100
85.6428,100,100
85.6416,100,100
85.6404,100,100
85.6392,100,100
85.6381,100,100
85.6369,100,100
85.6357,100,100
85.6345,100,100
85.6334,100,100
85.6322,100,100
85.631,100,100
85.6298,100,100
85.6287,100,100
85.6275,100,100
85.6263,100,100
85.6251,100,100
85.624,100,100
85.6228,100,100
85.6216,100,100
85.6204,100,100
85.6193,100,100
85.6181,100,100
85.6169,100,100
85.6157,100,100
85.6146,100,100
85.6134,100,100
85.6122,100,100
85.611,100,100
85.6099,100,100
85.6087,100,100
85.6075,100,100
85.6063,100,100
85.6052,100,100
85.604,100,100
85.6028,100,100
85.6016,100,100
85.6005,100,100
85.5993,100,100
85.5981,100,100
85.5969,100,100
85.5958,100,100
85.5946,100,100
85.5934,100,100
85.5922,100,100
85.5911,100,100
85.5899,100,100
85.5887,100,100
85.5875,100,100
85.5864,100,100
85.5852,100,100
85.584,100,100
85.5828,100,100
85.5817,100,100
85.5805,100,100
85.5793,100,100
85.5781,100,100
85.5769,100,100
85.5758,100,100
85.5746,100,100
85.5734,100,100
85.5722,100,100
85.5711,100,100
85.5699,100,100
85.5687,100,100
85.5675,100,100
85.5664,100,100
85.5652,100,100
85.564,100,100
85.5628,100,100
85.5617,100,100
85.5605,100,100
85.5593,100,100
85.5581,100,100
85.557,100,100
85.5558,100,100
85.5546,100,100
85.5534,100,100
85.5523,100,100
85.5511,100,100
85.5499,100,100
85.5487,100,100
85.5476,100,100
85.5464,100,100
85.5452,100,100
85.544,100,100
85.5429,100,100
85.5417,100,100
85.5405,100,100
85.5393,100,100
85.5382,100,100
85.537,100,100
85.5358,100,100
85.5346,100,100
85.5335,100,100
85.5323,100,100
85.5311,100,100
85.5299,100,100
85.5288,100,100
85.5276,100,100
85.5264,100,100
85.5252,100,100
85.5241,100,100
85.5229,100,100
85.5217,100,100
85.5205,100,100
85.5194,100,100
85.5182,100,100
85.517,100,100
85.5158,100,100
85.5147,100,100
85.5135,100,100
85.5123,100,100
85.5111,100,100
85.51,100,100
85.5088,100,100
85.5076,100,100
85.5064,100,100
85.5053,100,100
85.5041,100,100
85.5029,100,100
85.5017,100,100
85.5006,100,100
85.4994,100,100
85.4982,100,100
85.497,100,100
85.4959,100,100
85.4947,100,100
85.4935,100,100
85.4923,100,100
85.4912,100,100
85.49,100,100
85.4888,100,100
85.4876,100,100
85.4865,100,100
85.4853,100,100
85.4841,100,100
85.4829,100,100
85.4818,100,100
85.4806,100,100
85.4794,100,100
85.4782,100,100
85.4771,100,100
85.4759,100,100
85.4747,100,100
85.4735,100,100
85.4724,100,100
85.4712,100,100
85.47,100,100
85.4688,100,100
85.4677,100,100
85.4665,100,100
85.4653,100,100
85.4641,100,100
85.463,100,100
85.4618,100,100
85.4606,100,100
85.4594,100,100
85.4583,100,100
85.4571,100,100
85.4559,100,100
85.4547,100,100
85.4536,100,100
85.4524,100,100
85.4512,100,100
85.45,100,100
85.4489,100,100
85.4477,100,100
85.4465,100,100
85.4454,100,100
85.4442,100,100
85.443,100,100
85.4418,100,100
85.4407,100,100
85.4395,100,100
85.4383,100,100
85.4371,100,100
85.436,100,100
85.4348,100,100
85.4336,100,100
85.4324,100,100
85.4313,100,100
85.4301,100,100
85.4289,100,100
85.4277,100,100
85.4266,100,100
85.4254,100,100
85.4242,100,100
85.423,100,100
85.4219,100,100
85.4207,100,100
85.4195,100,100
85.4183,100,100
85.4172,100,100
85.416,100,100
85.4148,100,100
85.4136,100,100
85.4125,100,100
85.4113,100,100
85.4101,100,100
85.4089,100,100
85.4078,100,100
85.4066,100,100
85.4054,100,100
85.4042,100,100
85.4031,100,100
85.4019,100,100
85.4007,100,100
85.3995,100,100
85.3984,100,100
85.3972,100,100
85.396,100,100
85.3948,100,100
85.3937,100,100
85.3925,100,100
85.3913,100,100
85.3901,100,100
85.389,100,100
85.3878,100,100
85.3866,100,100
85.3854,100,100
85.3843,100,100
85.3831,100,100
85.3819,100,100
85.3807,100,100
85.3796,100,100
85.3784,100,100
85.3772,100,100
85.376,100,100
85.3749,100,100
85.3737,100,100
85.3725,100,100
85.3713,100,100
85.3702,100,100
85.369,100,100
85.3678,100,100
85.3666,100,100
85.3655,100,100
85.3643,100,100
85.3631,100,100
85.3619,100,100
85.3608,100,100
85.3596,100,100
85.3584,100,100
85.3572,100,100
85.3561,100,100
85.3549,100,100
85.3537,100,100
85.3525,100,100
85.3514,100,100
85.3502,100,100
85.349,100,100
85.3478,100,100
85.3467,100,100
85.3455,100,100
85.3443,100,100
85.3431,100,100
85.342,100,100
85.3408,100,100
85.3396,100,100
85.3384,100,100
85.3373,100,100
85.3361,100,100
85.3349,100,100
85.3337,100,100
85.3326,100,100
85.3314,100,100
85.3302,100,100
85.329,100,100
85.3279,100,100
85.3267,100,100
85.3255,100,100
85.3243,100,100
85.3232,100,100
85.322,100,100
85.3208,100,100
85.3196,100,100
85.3185,100,100
85.3173,100,100
85.3161,100,100
85.3149,100,100
85.3138,100,100
85.3126,100,100
85.3114,100,100
85.3102,100,100
85.3091,100,100
85.3079,100,100
85.3067,100,100
85.3055,100,100
85.3044,100,100
85.3032,100,100
85.302,100,100
85.3008,100,100
85.2997,100,100
85.2985,100,100
85.2973,100,100
85.2961,100,100
85.295,100,100
85.2938,100,100
85.2926,100,100
85.2914,100,100
85.2903,100,100
85.2891,100,100
85.2879,100,100
85.2867,100,100
85.2856,100,100
85.2844,100,100
85.2832,100,100
85.282,100,100
85.2809,100,100
85.2797,100,100
85.2785,100,100
85.2773,100,100
85.2762,100,100
85.275,100,100
85.2738,100,100
85.2727,100,100
85.2715,100,100
85.2703,100,100
85.2691,100,100
85.268,100,100
85.2668,100,100
85.2656,100,100
85.2644,100,100
85.2633,100,100
85.2621,100,100
85.2609,100,100
85.2597,100,100
85.2586,100,100
85.2574,100,100
85.2562,100,100
85.255,100,100
85.2539,100,100
85.2527,100,100
85.2515,100,100
85.2503,100,100
85.2492,100,100
85.248,100,100
85.2468,100,100
85.2456,100,100
85.2445,100,100
85.2433,100,100
85.2421,100,100
85.2409,100,100
85.2397,100,100
85.2386,100,100
85.2374,100,100
85.2362,100,100
85.235,100,100
85.2338,100,100
85.2327,100,100
85.2315,100,100
85.2303,100,100
85.2291,100,100
85.228,100,100
85.2268,100,100
85.2256,100,100
85.2244,100,100
85.2232,100,100
85.2221,100,100
85.2209,100,100
85.2197,100,100
85.2185,100,100
85.2173,100,100
85.2162,100,100
85.215,100,100
85.2138,100,100
85.2126,100,100
85.2115,100,100
85.2103,100,100
85.2091,100,100
85.2079,100,100
85.2067,100,100
85.2056,100,100
85.2044,100,100
85.2032,100,100
85.202,100,100
85.2009,100,100
85.1997,100,100
85.1985,100,100
85.1973,100,100
85.1961,100,100
85.195,100,100
85.1938,100,100
85.1926,100,100
85.1914,100,100
85.1902,100,100
85.1891,100,100
85.1879,100,100
85.1867,100,100
85.1855,100,100
85.1844,100,100
85.1832,100,100
85.182,100,100
85.1808,100,100
85.1796,100,100
85.1785,100,100
85.1773,100,100
85.1761,100,100
85.1749,100,100
85.1737,100,100
85.1726,100,100
85.1714,100,100
85.1702,100,100
85.169,100,100
85.1679,100,100
85.1667,100,100
85.1655,100,100
85.1643,100,100
85.1631,100,100
85.162,100,100
85.1608,100,100
85.1596,100,100
85.1584,100,100
85.1572,100,100
85.1561,100,100
85.1549,100,100
85.1537,100,100
85.1525,100,100
85.1514,100,100
85.1502,100,100
85.149,100,100
85.1478,100,100
85.1466,100,100
85.1455,100,100
85.1443,100,100
85.1431,100,100
85.1419,100,100
85.1407,100,100
85.1396,100,100
85.1384,100,100
85.1372,100,100
85.136,100,100
85.1349,100,100
85.1337,100,100
85.1325,100,100
85.1313,100,100
85.1301,100,100
85.129,100,100
85.1278,100,100
85.1266,100,100
85.1254,100,100
85.1242,100,100
85.1231,100,100
85.1219,100,100
85.1207,100,100
85.1195,100,100
85.1183,100,100
85.1171,100,100
85.116,100,100
85.1148,100,100
85.1136,100,100
85.1124,100,100
85.1112,100,100
85.1101,100,100
85.1089,100,100
85.1077,100,100
85.1065,100,100
85.1053,100,100
85.1041,100,100
85.103,100,100
85.1018,100,100
85.1006,100,100
85.0994,100,100
85.0982,100,100
85.097,100,100
85.0959,100,100
85.0947,100,100
85.0935,100,100
85.0923,100,100
85.0911,100,100
85.09,100,100
85.0888,100,100
85.0876,100,100
85.0864,100,100
85.0852,100,100
85.084,100,100
85.0829,100,100
85.0817,100,100
85.0805,100,100
85.0793,100,100
85.0781,100,100
85.0769,100,100
85.0758,100,100
85.0746,100,100
85.0734,100,100
85.0722,100,100
85.071,100,100
85.0699,100,100
85.0687,100,100
85.0675,100,100
85.0663,100,100
85.0651,100,100
85.0639,100,100
85.0628,100,100
85.0616,100,100
85.0604,100,100
85.0592,100,100
85.058,100,100
85.0568,100,100
85.0557,100,100
85.0545,100,100
85.0533,100,100
85.0521,100,100
85.0509,100,100
85.0498,100,100
85.0486,100,100
85.0474,100,100
85.0462,100,100
85.045,100,100
85.0438,100,100
85.0427,100,100
85.0415,100,100
85.0403,100,100
85.0391,100,100
85.0379,100,100
85.0367,100,100
85.0356,100,100
85.0344,100,100
85.0332,100,100
85.032,100,100
85.0308,100,100
85.0297,100,100
85.0285,100,100
85.0273,100,100
85.0261,100,100
85.0249,100,100
85.0237,100,100
85.0226,100,100
85.0214,100,100
85.0202,100,100
85.019,100,100
85.0178,100,100
85.0166,100,100
85.0155,100,100
85.0143,100,100
85.0131,100,100
85.0119,100,100
85.0107,100,100
85.0096,100,100
85.0084,100,100
85.0072,100,100
85.006,100,100
85.0048,100,100
85.0036,100,100
85.0024,100,100
85.0013,100,100
85.0001,100,100
84.9989,100,100
84.9977,100,100
84.9965,100,100
84.9953,100,100
84.9942,100,100
84.993,100,100
84.9918,100,100
84.9906,100,100
84.9894,100,100
84.9882,100,100
84.987,100,100
84.9859,100,100
84.9847,100,100
84.9835,100,100
84.9823,100,100
84.9811,100,100
84.9799,100,100
84.9788,100,100
84.9776,100,100
84.9764,100,100
84.9752,100,100
84.974,100,100
84.9728,100,100
84.9717,100,100
84.9705,100,100
84.9693,100,100
84.9681,100,100
84.9669,100,100
84.9657,100,100
84.9645,100,100
84.9634,100,100
84.9622,100,100
84.961,100,100
84.9598,100,100
84.9586,100,100
84.9574,100,100
84.9563,100,100
84.9551,100,100
84.9539,100,100
84.9527,100,100
84.9515,100,100
84.9503,100,100
84.9491,100,100
84.948,100,100
84.9468,100,100
84.9456,100,100
84.9444,100,100
84.9432,100,100
84.942,100,100
84.9409,100,100
84.9397,100,100
84.9385,100,100
84.9373,100,100
84.9361,100,100
84.9349,100,100
84.9337,100,100
84.9326,100,100
84.9314,100,100
84.9302,100,100
84.929,100,100
84.9278,100,100
84.9266,100,100
84.9255,100,100
84.9243,100,100
84.9231,100,100
84.9219,100,100
84.9207,100,100
84.9195,100,100
84.9183,100,100
84.9172,100,100
84.916,100,100
84.9148,100,100
84.9136,100,100
84.9124,100,100
84.9112,100,100
84.9101,100,100
84.9089,100,100
84.9077,100,100
84.9065,100,100
84.9053,100,100
84.9041,100,100
84.903,100,100
84.9018,100,100
84.9006,100,100
84.8994,100,100
84.8982,100,100
84.897,100,100
84.8958,100,100
84.8947,100,100
84.8935,100,100
84.8923,100,100
84.8911,100,100
84.8899,100,100
84.8887,100,100
84.8876,100,100
84.8864,100,100
84.8852,100,100
84.884,100,100
84.8828,100,100
84.8816,100,100
84.8804,100,100
84.8793,100,100
84.8781,100,100
84.8769,100,100
84.8757,100,100
84.8745,100,100
84.8733,100,100
84.8722,100,100
84.871,100,100
84.8698,100,100
84.8686,100,100
84.8674,100,100
84.8662,100,100
84.8651,100,100
84.8639,100,100
84.8627,100,100
84.8615,100,100
84.8603,100,100
84.8591,100,100
84.8579,100,100
84.8568,100,100
84.8556,100,100
84.8544,100,100
84.8532,100,100
84.852,100,100
84.8508,100,100
84.8497,100,100
84.8485,100,100
84.8473,100,100
84.8461,100,100
84.8449,100,100
84.8437,100,100
84.8425,100,100
84.8414,100,100
84.8402,100,100
84.839,100,100
84.8378,100,100
84.8366,100,100
84.8354,100,100
84.8343,100,100
84.8331,100,100
84.8319,100,100
84.8307,100,100
84.8295,100,100
84.8283,100,100
84.8272,100,100
84.826,100,100
84.8248,100,100
84.8236,100,100
84.8224,100,100
84.8212,100,100
84.82,100,100
84.8189,100,100
84.8177,100,100
84.8165,100,100
84.8153,100,100
84.8141,100,100
84.8129,100,100
84.8118,100,100
84.8106,100,100
84.8094,100,100
84.8082,100,100
84.807,100,100
84.8058,100,100
84.8047,100,100
84.8035,100,100
84.8023,100,100
84.8011,100,100
84.7999,100,100
84.7987,100,100
84.7975,100,100
84.7964,100,100
84.7952,100,100
84.794,100,100
84.7928,100,100
84.7916,100,100
84.7904,100,100
84.7893,100,100
84.7881,100,100
84.7869,100,100
84.7857,100,100
84.7845,100,100
84.7833,100,100
84.7821,100,100
84.781,100,100
84.7798,100,100
84.7786,100,100
84.7774,100,100
84.7762,100,100
84.775,100,100
84.7739,100,100
84.7727,100,100
84.7715,100,100
84.7703,100,100
84.7691,100,100
84.7679,100,100
84.7668,100,100
84.7656,100,100
84.7644,100,100
84.7632,100,100
84.762,100,100
84.7609,100,100
84.7597,100,100
84.7585,100,100
84.7573,100,100
84.7561,100,100
84.755,100,100
84.7538,100,100
84.7526,100,100
84.7514,100,100
84.7502,100,100
84.7491,100,100
84.7479,100,100
84.7467,100,100
84.7455,100,100
84.7443,100,100
84.7432,100,100
84.742,100,100
84.7408,100,100
84.7396,100,100
84.7384,100,100
84.7373,100,100
84.7361,100,100
84.7349,100,100
84.7337,100,100
84.7325,100,100
84.7314,100,100
84.7302,100,100
84.729,100,100
84.7278,100,100
84.7266,100,100
84.7255,100,100
84.7243,100,100
84.7231,100,100
84.7219,100,100
84.7207,100,100
84.7196,100,100
84.7184,100,100
84.7172,100,100
84.716,100,100
84.7148,100,100
84.7137,100,100
84.7125,100,100
84.7113,100,100
84.7101,100,100
84.7089,100,100
84.7078,100,100
84.7066,100,100
84.7054,100,100
84.7042,100,100
84.703,100,100
84.7019,100,100
84.7007,100,100
84.6995,100,100
84.6983,100,100
84.6971,100,100
84.696,100,100
84.6948,100,100
84.6936,100,100
84.6924,100,100
84.6912,100,100
84.6901,100,100
84.6889,100,100
84.6877,100,100
84.6865,100,100
84.6853,100,100
84.6842,100,100
84.683,100,100
84.6818,100,100
84.6806,100,100
84.6794,100,100
84.6783,100,100
84.6771,100,100
84.6759,100,100
84.6747,100,100
84.6735,100,100
84.6724,100,100
84.6712,100,100
84.67,100,100
84.6688,100,100
84.6676,100,100
84.6665,100,100
84.6653,100,100
84.6641,100,100
84.6629,100,100
84.6617,100,100
84.6606,100,100
84.6594,100,100
84.6582,100,100
84.657,100,100
84.6558,100,100
84.6547,100,100
84.6535,100,100
84.6523,100,100
84.6511,100,100
84.6499,100,100
84.6487,100,100
84.6476,100,100
84.6464,100,100
84.6452,100,100
84.644,100,100
84.6428,100,100
84.6417,100,100
84.6405,100,100
84.6393,100,100
84.6381,100,100
84.6369,100,100
84.6358,100,100
84.6346,100,100
84.6334,100,100
84.6322,100,100
84.631,100,100
84.6299,100,100
84.6287,100,100
84.6275,100,100
84.6263,100,100
84.6251,100,100
84.624,100,100
84.6228,100,100
84.6216,100,100
84.6204,100,100
84.6192,100,100
84.6181,100,100
84.6169,100,100
84.6157,100,100
84.6145,100,100
84.6133,100,100
84.6122,100,100
84.611,100,100
84.6098,100,100
84.6086,100,100
84.6074,100,100
84.6063,100,100
84.6051,100,100
84.6039,100,100
84.6027,100,100
84.6015,100,100
84.6004,100,100
84.5992,100,100
84.598,100,100
84.5968,100,100
84.5956,100,100
84.5945,100,100
84.5933,100,100
84.5921,100,100
84.5909,100,100
84.5897,100,100
84.5886,100,100
84.5874,100,100
84.5862,100,100
84.585,100,100
84.5838,100,100
84.5827,100,100
84.5815,100,100
84.5803,100,100
84.5791,100,100
84.5779,100,100
84.5768,100,100
84.5756,100,100
84.5744,100,100
84.5732,100,100
84.572,100,100
84.5709,100,100
84.5697,100,100
84.5685,100,100
84.5673,100,100
84.5661,100,100
84.565,100,100
84.5638,100,100
84.5626,100,100
84.5614,100,100
84.5602,100,100
84.5591,100,100
84.5579,100,100
84.5567,100,100
84.5555,100,100
84.5543,100,100
84.5532,100,100
84.552,100,100
84.5508,100,100
84.5496,100,100
84.5484,100,100
84.5473,100,100
84.5461,100,100
84.5449,100,100
84.5437,100,100
84.5425,100,100
84.5414,100,100
84.5402,100,100
84.539,100,100
84.5378,100,100
84.5366,100,100
84.5355,100,100
84.5343,100,100
84.5331,100,100
84.5319,100,100
84.5307,100,100
84.5295,100,100
84.5284,100,100
84.5272,100,100
84.526,100,100
84.5248,100,100
84.5236,100,100
84.5225,100,100
84.5213,100,100
84.5201,100,100
84.5189,100,100
84.5177,100,100
84.5166,100,100
84.5154,100,100
84.5142,100,100
84.513,100,100
84.5118,100,100
84.5107,100,100
84.5095,100,100
84.5083,100,100
84.5071,100,100
84.5059,100,100
84.5048,100,100
84.5036,100,100
84.5024,100,100
84.5012,100,100
84.5,100,100
84.4989,100,100
84.4977,100,100
84.4965,100,100
84.4953,100,100
84.4941,100,100
84.493,100,100
84.4918,100,100
84.4906,100,100
84.4894,100,100
84.4882,100,100
84.4871,100,100
84.4859,100,100
84.4847,100,100
84.4835,100,100
84.4823,100,100
84.4812,100,100
84.48,100,100
84.4788,100,100
84.4776,100,100
84.4764,100,100
84.4753,100,100
84.4741,100,100
84.4729,100,100
84.4717,100,100
84.4705,100,100
84.4694,100,100
84.4682,100,100
84.467,100,100
84.4658,100,100
84.4646,100,100
84.4635,100,100
84.4623,100,100
84.4611,100,100
84.4599,100,100
84.4587,100,100
84.4576,100,100
84.4564,100,100
84.4552,100,100
84.454,100,100
84.4528,100,100
84.4517,100,100
84.4505,100,100
84.4493,100,100
84.4481,100,100
84.4469,100,100
84.4458,100,100
84.4446,100,100
84.4434,100,100
84.4422,100,100
84.441,100,100
84.4399,100,100
84.4387,100,100
84.4375,100,100
84.4363,100,100
84.4351,100,100
84.434,100,100
84.4328,100,100
84.4316,100,100
84.4304,100,100
84.4292,100,100
84.4281,100,100
84.4269,100,100
84.4257,100,100
84.4245,100,100
84.4233,100,100
84.4222,100,100
84.421,100,100
84.4198,100,100
84.4186,100,100
84.4174,100,100
84.4163,100,100
84.4151,100,100
84.4139,100,100
84.4127,100,100
84.4115,100,100
84.4104,100,100
84.4092,100,100
84.408,100,100
84.4068,100,100
84.4056,100,100
84.4045,100,100
84.4033,100,100
84.4021,100,100
84.4009,100,100
84.3997,100,100
84.3986,100,100
84.3974,100,100
84.3962,100,100
84.395,100,100
84.3938,100,100
84.3927,100,100
84.3915,100,100
84.3903,100,100
84.3891,100,100
84.3879,100,100
84.3868,100,100
84.3856,100,100
84.3844,100,100
84.3832,100,100
84.382,100,100
84.3809,100,100
84.3797,100,100
84.3785,100,100
84.3773,100,100
84.3761,100,100
84.375,100,100
84.3738,100,100
84.3726,100,100
84.3714,100,100
84.3702,100,100
84.3691,100,100
84.3679,100,100
84.3667,100,100
84.3655,100,100
84.3643,100,100
84.3632,100,100
84.362,100,100
84.3608,100,100
84.3596,100,100
84.3584,100,100
84.3573,100,100
84.3561,100,100
84.3549,100,100
84.3537,100,100
84.3525,100,100
84.3514,100,100
84.3502,100,100
84.349,100,100
84.3478,100,100
84.3466,100,100
84.3455,100,100
84.3443,100,100
84.3431,100,100
84.3419,100,100
84.3407,100,100
84.3396,100,100
84.3384,100,100
84.3372,100,100
84.336,100,100
84.3348,100,100
84.3337,100,100
84.3325,100,100
84.3313,100,100
84.3301,100,100
84.3289,100,100
84.3278,100,100
84.3266,100,100
84.3254,100,100
84.3242,100,100
84.323,100,100
84.3219,100,100
84.3207,100,100
84.3195,100,100
84.3183,100,100
84.3171,100,100
84.316,100,100
84.3148,100,100
84.3136,100,100
84.3124,100,100
84.3112,100,100
84.3101,100,100
84.3089,100,100
84.3077,100,100
84.3065,100,100
84.3053,100,100
84.3042,100,100
84.303,100,100
84.3018,100,100
84.3006,100,100
84.2994,100,100
84.2983,100,100
84.2971,100,100
84.2959,100,100
84.2947,100,100
84.2936,100,100
84.2924,100,100
84.2912,100,100
84.29,100,100
84.2889,100,100
84.2877,100,100
84.2865,100,100
84.2853,100,100
84.2842,100,100
84.283,100,100
84.2818,100,100
84.2806,100,100
84.2794,100,100
84.2783,100,100
84.2771,100,100
84.2759,100,100
84.2747,100,100
84.2736,100,100
84.2724,100,100
84.2712,100,100
84.27,100,100
84.2689,100,100
84.2677,100,100
84.2665,100,100
84.2653,100,100
84.2642,100,100
84.263,100,100
84.2618,100,100
84.2606,100,100
84.2595,100,100
84.2583,100,100
84.2571,100,100
84.2559,100,100
84.2548,100,100
84.2536,100,100
84.2524,100,100
84.2512,100,100
84.25,100,100
84.2489,100,100
84.2477,100,100
84.2465,100,100
84.2453,100,100
84.2442,100,100
84.243,100,100
84.2418,100,100
84.2406,100,100
84.2395,100,100
84.2383,100,100
84.2371,100,100
84.2359,100,100
84.2348,100,100
84.2336,100,100
84.2324,100,100
84.2312,100,100
84.2301,100,100
84.2289,100,100
84.2277,100,100
84.2265,100,100
84.2254,100,100
84.2242,100,100
84.223,100,100
84.2218,100,100
84.2206,100,100
84.2195,100,100
84.2183,100,100
84.2171,100,100
84.2159,100,100
84.2148,100,100
84.2136,100,100
84.2124,100,100
84.2112,100,100
84.2101,100,100
84.2089,100,100
84.2077,100,100
84.2065,100,100
84.2054,100,100
84.2042,100,100
84.203,100,100
84.2018,100,100
84.2007,100,100
84.1995,100,100
84.1983,100,100
84.1971,100,100
84.196,100,100
84.1948,100,100
84.1936,100,100
84.1924,100,100
84.1912,100,100
84.1901,100,100
84.1889,100,100
84.1877,100,100
84.1865,100,100
84.1854,100,100
84.1842,100,100
84.183,100,100
84.1818,100,100
84.1807,100,100
84.1795,100,100
84.1783,100,100
84.1771,100,100
84.1759,100,100
84.1747,100,100
84.1735,100,100
84.1724,100,100
84.1712,100,100
84.17,100,100
84.1688,100,100
84.1676,100,100
84.1664,100,100
84.1653,100,100
84.1641,100,100
84.1629,100,100
84.1617,100,100
84.1605,100,100
84.1593,100,100
84.1581,100,100
84.157,100,100
84.1558,100,100
84.1546,100,100
84.1534,100,100
84.1522,100,100
84.151,100,100
84.1498,100,100
84.1487,100,100
84.1475,100,100
84.1463,100,100
84.1451,100,100
84.1439,100,100
84.1427,100,100
84.1416,100,100
84.1404,100,100
84.1392,100,100
84.138,100,100
84.1368,100,100
84.1356,100,100
84.1344,100,100
84.1333,100,100
84.1321,100,100
84.1309,100,100
84.1297,100,100
84.1285,100,100
84.1273,100,100
84.1261,100,100
84.125,100,100
84.1238,100,100
84.1226,100,100
84.1214,100,100
84.1202,100,100
84.119,100,100
84.1179,100,100
84.1167,100,100
84.1155,100,100
84.1143,100,100
84.1131,100,100
84.1119,100,100
84.1107,100,100
84.1096,100,100
84.1084,100,100
84.1072,100,100
84.106,100,100
84.1048,100,100
84.1036,100,100
84.1024,100,100
84.1013,100,100
84.1001,100,100
84.0989,100,100
84.0977,100,100
84.0965,100,100
84.0953,100,100
84.0941,100,100
84.093,100,100
84.0918,100,100
84.0906,100,100
84.0894,100,100
84.0882,100,100
84.087,100,100
84.0859,100,100
84.0847,100,100
84.0835,100,100
84.0823,100,100
84.0811,100,100
84.0799,100,100
84.0787,100,100
84.0776,100,100
84.0764,100,100
84.0752,100,100
84.074,100,100
84.0728,100,100
84.0716,100,100
84.0704,100,100
84.0693,100,100
84.0681,100,100
84.0669,100,100
84.0657,100,100
84.0645,100,100
84.0633,100,100
84.0622,100,100
84.061,100,100
84.0598,100,100
84.0586,100,100
84.0574,100,100
84.0563,100,100
84.0551,100,100
84.0539,100,100
84.0527,100,100
84.0515,100,100
84.0504,100,100
84.0492,100,100
84.048,100,100
84.0468,100,100
84.0456,100,100
84.0445,100,100
84.0433,100,100
84.0421,100,100
84.0409,100,100
84.0397,100,100
84.0386,100,100
84.0374,100,100
84.0362,100,100
84.035,100,100
84.0338,100,100
84.0327,100,100
84.0315,100,100
84.0303,100,100
84.0291,100,100
84.0279,100,100
84.0268,100,100
84.0256,100,100
84.0244,100,100
84.0232,100,100
84.022,100,100
84.0209,100,100
84.0197,100,100
84.0185,100,100
84.0173,100,100
84.0161,100,100
84.015,100,100
84.0138,100,100
84.0126,100,100
84.0114,100,100
84.0102,100,100
84.009,100,100
84.0079,100,100
84.0067,100,100
84.0055,100,100
84.0043,100,100
84.0031,100,100
84.002,100,100
84.0008,100,100
83.9996,100,100
83.9984,100,100
83.9972,100,100
83.9961,100,100
83.9949,100,100
83.9937,100,100
83.9925,100,100
83.9913,100,100
83.9902,100,100
83.989,100,100
83.9878,100,100
83.9866,100,100
83.9854,100,100
83.9843,100,100
83.9831,100,100
83.9819,100,100
83.9807,100,100
83.9795,100,100
83.9784,100,100
83.9772,100,100
83.976,100,100
83.9748,100,100
83.9736,100,100
83.9725,100,100
83.9713,100,100
83.9701,100,100
83.9689,100,100
83.9677,100,100
83.9666,100,100
83.9654,100,100
83.9642,100,100
83.963,100,100
83.9618,100,100
83.9607,100,100
83.9595,100,100
83.9583,100,100
83.9571,100,100
83.9559,100,100
83.9548,100,100
83.9536,100,100
83.9524,100,100
83.9512,100,100
83.95,100,100
83.9489,100,100
83.9477,100,100
83.9465,100,100
83.9453,100,100
83.9441,100,100
83.943,100,100
83.9418,100,100
83.9406,100,100
83.9394,100,100
83.9382,100,100
83.9371,100,100
83.9359,100,100
83.9347,100,100
83.9335,100,100
83.9323,100,100
83.9312,100,100
83.93,100,100
83.9288,100,100
83.9276,100,100
83.9264,100,100
83.9253,100,100
83.9241,100,100
83.9229,100,100
83.9217,100,100
83.9205,100,100
83.9194,100,100
83.9182,100,100
83.917,100,100
83.9158,100,100
83.9146,100,100
83.9135,100,100
83.9123,100,100
83.9111,100,100
83.9099,100,100
83.9087,100,100
83.9076,100,100
83.9064,100,100
83.9052,100,100
83.904,100,100
83.9028,100,100
83.9017,100,100
83.9005,100,100
83.8993,100,100
83.8981,100,100
83.8969,100,100
83.8958,100,100
83.8946,100,100
83.8934,100,100
83.8922,100,100
83.891,100,100
83.8898,100,100
83.8887,100,100
83.8875,100,100
83.8863,100,100
83.8851,100,100
83.8839,100,100
83.8828,100,100
83.8816,100,100
83.8804,100,100
83.8792,100,100
83.878,100,100
83.8769,100,100
83.8757,100,100
83.8745,100,100
83.8733,100,100
83.8721,100,100
83.871,100,100
83.8698,100,100
83.8686,100,100
83.8674,100,100
83.8662,100,100
83.8651,100,100
83.8639,100,100
83.8627,100,100
83.8615,100,100
83.8603,100,100
83.8592,100,100
83.858,100,100
83.8568,100,100
83.8556,100,100
83.8544,100,100
83.8533,100,100
83.8521,100,100
83.8509,100,100
83.8497,100,100
83.8485,100,100
83.8474,100,100
83.8462,100,100
83.845,100,100
83.8438,100,100
83.8426,100,100
83.8415,100,100
83.8403,100,100
83.8391,100,100
83.8379,100,100
83.8367,100,100
83.8356,100,100
83.8344,100,100
83.8332,100,100
83.832,100,100
83.8308,100,100
83.8297,100,100
83.8285,100,100
83.8273,100,100
83.8261,100,100
83.8249,100,100
83.8238,100,100
83.8226,100,100
83.8214,100,100
83.8202,100,100
83.819,100,100
83.8179,100,100
83.8167,100,100
83.8155,100,100
83.8143,100,100
83.8131,100,100
83.812,100,100
83.8108,100,100
83.8096,100,100
83.8084,100,100
83.8072,100,100
83.8061,100,100
83.8049,100,100
83.8037,100,100
83.8025,100,100
83.8013,100,100
83.8002,100,100
83.799,100,100
83.7978,100,100
83.7966,100,100
83.7954,100,100
83.7943,100,100
83.7931,100,100
83.7919,100,100
83.7907,100,100
83.7895,100,100
83.7884,100,100
83.7872,100,100
83.786,100,100
83.7848,100,100
83.7836,100,100
83.7825,100,100
83.7813,100,100
83.7801,100,100
83.7789,100,100
83.7777,100,100
83.7766,100,100
83.7754,100,100
83.7742,100,100
83.773,100,100
83.7718,100,100
83.7707,100,100
83.7695,100,100
83.7683,100,100
83.7671,100,100
83.7659,100,100
83.7647,100,100
83.7636,100,100
83.7624,100,100
83.7612,100,100
83.76,100,100
83.7588,100,100
83.7577,100,100
83.7565,100,100
83.7553,100,100
83.7541,100,100
83.7529,100,100
83.7518,100,100
83.7506,100,100
83.7494,100,100
83.7482,100,100
83.747,100,100
83.7459,100,100
83.7447,100,100
83.7435,100,100
83.7423,100,100
83.7411,100,100
83.74,100,100
83.7388,100,100
83.7376,100,100
83.7364,100,100
83.7352,100,100
83.7341,100,100
83.7329,100,100
83.7317,100,100
83.7305,100,100
83.7293,100,100
83.7282,100,100
83.727,100,100
83.7258,100,100
83.7246,100,100
83.7234,100,100
83.7223,100,100
83.7211,100,100
83.7199,100,100
83.7187,100,100
83.7175,100,100
83.7164,100,100
83.7152,100,100
83.714,100,100
83.7128,100,100
83.7116,100,100
83.7105,100,100
83.7093,100,100
83.7081,100,100
83.7069,100,100
83.7057,100,100
83.7046,100,100
83.7034,100,100
83.7022,100,100
83.701,100,100
83.6998,100,100
83.6987,100,100
83.6975,100,100
83.6963,100,100
83.6951,100,100
83.694,100,100
83.6928,100,100
83.6916,100,100
83.6904,100,100
83.6892,100,100
83.6881,100,100
83.6869,100,100
83.6857,100,100
83.6845,100,100
83.6833,100,100
83.6822,100,100
83.681,100,100
83.6798,100,100
83.6786,100,100
83.6774,100,100
83.6763,100,100
83.6751,100,100
83.6739,100,100
83.6727,100,100
83.6716,100,100
83.6704,100,100
83.6692,100,100
83.668,100,100
83.6668,100,100
83.6657,100,100
83.6645,100,100
83.6633,100,100
83.6621,100,100
83.6609,100,100
83.6598,100,100
83.6586,100,100
83.6574,100,100
83.6562,100,100
83.655,100,100
83.6539,100,100
83.6527,100,100
83.6515,100,100
83.6503,100,100
83.6491,100,100
83.648,100,100
83.6468,100,100
83.6456,100,100
83.6444,100,100
83.6433,100,100
83.6421,100,100
83.6409,100,100
83.6397,100,100
83.6385,100,100
83.6374,100,100
83.6362,100,100
83.635,100,100
83.6338,100,100
83.6326,100,100
83.6315,100,100
83.6303,100,100
83.6291,100,100
83.6279,100,100
83.6267,100,100
83.6256,100,100
83.6244,100,100
83.6232,100,100
83.622,100,100
83.6209,100,100
83.6197,100,100
83.6185,100,100
83.6173,100,100
83.6161,100,100
83.615,100,100
83.6138,100,100
83.6126,100,100
83.6114,100,100
83.6102,100,100
83.6091,100,100
83.6079,100,100
83.6067,100,100
83.6055,100,100
83.6043,100,100
83.6032,100,100
83.602,100,100
83.6008,100,100
83.5996,100,100
83.5985,100,100
83.5973,100,100
83.5961,100,100
83.5949,100,100
83.5937,100,100
83.5926,100,100
83.5914,100,100
83.5902,100,100
83.589,100,100
83.5878,100,100
83.5867,100,100
83.5855,100,100
83.5843,100,100
83.5831,100,100
83.582,100,100
83.5808,100,100
83.5796,100,100
83.5784,100,100
83.5773,100,100
83.5761,100,100
83.5749,100,100
83.5737,100,100
83.5726,100,100
83.5714,100,100
83.5702,100,100
83.569,100,100
83.5678,100,100
83.5667,100,100
83.5655,100,100
83.5643,100,100
83.5631,100,100
83.562,100,100
83.5608,100,100
83.5596,100,100
83.5584,100,100
83.5573,100,100
83.5561,100,100
83.5549,100,100
83.5537,100,100
83.5526,100,100
83.5514,100,100
83.5502,100,100
83.549,100,100
83.5479,100,100
83.5467,100,100
83.5455,100,100
83.5443,100,100
83.5431,100,100
83.542,100,100
83.5408,100,100
83.5396,100,100
83.5384,100,100
83.5373,100,100
83.5361,100,100
83.5349,100,100
83.5337,100,100
83.5326,100,100
83.5314,100,100
83.5302,100,100
83.529,100,100
83.5279,100,100
83.5267,100,100
83.5255,100,100
83.5243,100,100
83.5232,100,100
83.522,100,100
83.5208,100,100
83.5196,100,100
83.5184,100,100
83.5173,100,100
83.5161,100,100
83.5149,100,100
83.5137,100,100
83.5126,100,100
83.5114,100,100
83.5102,100,100
83.509,100,100
83.5079,100,100
83.5067,100,100
83.5055,100,100
83.5043,100,100
83.5032,100,100
83.502,100,100
83.5008,100,100
83.4996,100,100
83.4984,100,100
83.4973,100,100
83.4961,100,100
83.4949,100,100
83.4937,100,100
83.4926,100,100
83.4914,100,100
83.4902,100,100
83.489,100,100
83.4879,100,100
83.4867,100,100
83.4855,100,100
83.4843,100,100
83.4832,100,100
83.482,100,100
83.4808,100,100
83.4796,100,100
83.4785,100,100
83.4773,100,100
83.4761,100,100
83.4749,100,100
83.4737,100,100
83.4726,100,100
83.4714,100,100
83.4702,100,100
83.469,100,100
83.4678,100,100
83.4667,100,100
83.4655,100,100
83.4643,100,100
83.4631,100,100
83.4619,100,100
83.4608,100,100
83.4596,100,100
83.4584,100,100
83.4572,100,100
83.456,100,100
83.4549,100,100
83.4537,100,100
83.4525,100,100
83.4513,100,100
83.4501,100,100
83.449,100,100
83.4478,100,100
83.4466,100,100
83.4454,100,100
83.4442,100,100
83.4431,100,100
83.4419,100,100
83.4407,100,100
83.4395,100,100
83.4383,100,100
83.4372,100,100
83.436,100,100
83.4348,100,100
83.4336,100,100
83.4324,100,100
83.4313,100,100
83.4301,100,100
83.4289,100,100
83.4277,100,100
83.4265,100,100
83.4254,100,100
83.4242,100,100
83.423,100,100
83.4218,100,100
83.4206,100,100
83.4195,100,100
83.4183,100,100
83.4171,100,100
83.4159,100,100
83.4147,100,100
83.4136,100,100
83.4124,100,100
83.4112,100,100
83.41,100,100
83.4088,100,100
83.4077,100,100
83.4065,100,100
83.4053,100,100
83.4041,100,100
83.4029,100,100
83.4018,100,100
83.4006,100,100
83.3994,100,100
83.3982,100,100
83.397,100,100
83.3959,100,100
83.3947,100,100
83.3935,100,100
83.3923,100,100
83.3911,100,100
83.39,100,100
83.3888,100,100
83.3876,100,100
83.3864,100,100
83.3852,100,100
83.3841,100,100
83.3829,100,100
83.3817,100,100
83.3805,100,100
83.3793,100,100
83.3782,100,100
83.377,100,100
83.3758,100,100
83.3746,100,100
83.3734,100,100
83.3723,100,100
83.3711,100,100
83.3699,100,100
83.3687,100,100
83.3675,100,100
83.3664,100,100
83.3652,100,100
83.364,100,100
83.3628,100,100
83.3616,100,100
83.3605,100,100
83.3593,100,100
83.3581,100,100
83.3569,100,100
83.3557,100,100
83.3545,100,100
83.3534,100,100
83.3522,100,100
83.351,100,100
83.3498,100,100
83.3486,100,100
83.3475,100,100
83.3463,100,100
83.3451,100,100
83.3439,100,100
83.3427,100,100
83.3416,100,100
83.3404,100,100
83.3392,100,100
83.338,100,100
83.3368,100,100
83.3357,100,100
83.3345,100,100
83.3333,100,100
83.3321,100,100
83.3309,100,100
83.3298,100,100
83.3286,100,100
83.3274,100,100
83.3262,100,100
83.325,100,100
83.3239,100,100
83.3227,100,100
83.3215,100,100
83.3203,100,100
83.3191,100,100
83.318,100,100
83.3168,100,100
83.3156,100,100
83.3144,100,100
83.3132,100,100
83.3121,100,100
83.3109,100,100
83.3097,100,100
83.3085,100,100
83.3073,100,100
83.3062,100,100
83.305,100,100
83.3038,100,100
83.3026,100,100
83.3014,100,100
83.3003,100,100
83.2991,100,100
83.2979,100,100
83.2967,100,100
83.2955,100,100
83.2944,100,100
83.2932,100,100
83.292,100,100
83.2908,100,100
83.2896,100,100
83.2885,100,100
83.2873,100,100
83.2861,100,100
83.2849,100,100
83.2837,100,100
83.2826,100,100
83.2814,100,100
83.2802,100,100
83.279,100,100
83.2778,100,100
83.2767,100,100
83.2755,100,100
83.2743,100,100
83.2731,100,100
83.2719,100,100
83.2708,100,100
83.2696,100,100
83.2684,100,100
83.2672,100,100
83.266,100,100
83.2649,100,100
83.2637,100,100
83.2625,100,100
83.2613,100,100
83.2601,100,100
83.259,100,100
83.2578,100,100
83.2566,100,100
83.2554,100,100
83.2542,100,100
83.2531,100,100
83.2519,100,100
83.2507,100,100
83.2495,100,100
83.2483,100,100
83.2472,100,100
83.246,100,100
83.2448,100,100
83.2436,100,100
83.2424,100,100
83.2413,100,100
83.2401,100,100
83.2389,100,100
83.2377,100,100
83.2365,100,100
83.2354,100,100
83.2342,100,100
83.233,100,100
83.2318,100,100
83.2306,100,100
83.2295,100,100
83.2283,100,100
83.2271,100,100
83.2259,100,100
83.2248,100,100
83.2236,100,100
83.2224,100,100
83.2212,100,100
83.22,100,100
83.2189,100,100
83.2177,100,100
83.2165,100,100
83.2153,100,100
83.2141,100,100
83.213,100,100
83.2118,100,100
83.2106,100,100
83.2094,100,100
83.2083,100,100
83.2071,100,100
83.2059,100,100
83.2047,100,100
83.2035,100,100
83.2024,100,100
83.2012,100,100
83.2,100,100
83.1988,100,100
83.1977,100,100
83.1965,100,100
83.1953,100,100
83.1941,100,100
83.1929,100,100
83.1918,100,100
83.1906,100,100
83.1894,100,100
83.1882,100,100
83.187,100,100
83.1859,100,100
83.1847,100,100
83.1835,100,100
83.1823,100,100
83.1812,100,100
83.18,100,100
83.1788,100,100
83.1776,100,100
83.1764,100,100
83.1753,100,100
83.1741,100,100
83.1729,100,100
83.1717,100,100
83.1705,100,100
83.1694,100,100
83.1682,100,100
83.167,100,100
83.1658,100,100
83.1647,100,100
83.1635,100,100
83.1623,100,100
83.1611,100,100
83.1599,100,100
83.1588,100,100
83.1576,100,100
83.1564,100,100
83.1552,100,100
83.1541,100,100
83.1529,100,100
83.1517,100,100
83.1505,100,100
83.1493,100,100
83.1482,100,100
83.147,100,100
83.1458,100,100
83.1446,100,100
83.1434,100,100
83.1423,100,100
83.1411,100,100
83.1399,100,100
83.1387,100,100
83.1376,100,100
83.1364,100,100
83.1352,100,100
83.134,100,100
83.1328,100,100
83.1317,100,100
83.1305,100,100
83.1293,100,100
83.1281,100,100
83.1269,100,100
83.1258,100,100
83.1246,100,100
83.1234,100,100
83.1222,100,100
83.1211,100,100
83.1199,100,100
83.1187,100,100
83.1175,100,100
83.1164,100,100
83.1152,100,100
83.114,100,100
83.1128,100,100
83.1116,100,100
83.1105,100,100
83.1093,100,100
83.1081,100,100
83.1069,100,100
83.1058,100,100
83.1046,100,100
83.1034,100,100
83.1022,100,100
83.1011,100,100
83.0999,100,100
83.0987,100,100
83.0975,100,100
83.0964,100,100
83.0952,100,100
83.094,100,100
83.0928,100,100
83.0917,100,100
83.0905,100,100
83.0893,100,100
83.0881,100,100
83.087,100,100
83.0858,100,100
83.0846,100,100
83.0834,100,100
83.0823,100,100
83.0811,100,100
83.0799,100,100
83.0787,100,100
83.0775,100,100
83.0764,100,100
83.0752,100,100
83.074,100,100
83.0728,100,100
83.0717,100,100
83.0705,100,100
83.0693,100,100
83.0681,100,100
83.067,100,100
83.0658,100,100
83.0646,100,100
83.0634,100,100
83.0623,100,100
83.0611,100,100
83.0599,100,100
83.0587,100,100
83.0576,100,100
83.0564,100,100
83.0552,100,100
83.054,100,100
83.0529,100,100
83.0517,100,100
83.0505,100,100
83.0493,100,100
83.0482,100,100
83.047,100,100
83.0458,100,100
83.0446,100,100
83.0435,100,100
83.0423,100,100
83.0411,100,100
83.0399,100,100
83.0387,100,100
83.0376,100,100
83.0364,100,100
83.0352,100,100
83.034,100,100
83.0329,100,100
83.0317,100,100
83.0305,100,100
83.0293,100,100
83.0282,100,100
83.027,100,100
83.0258,100,100
83.0246,100,100
83.0235,100,100
83.0223,100,100
83.0211,100,100
83.0199,100,100
83.0188,100,100
83.0176,100,100
83.0164,100,100
83.0152,100,100
83.0141,100,100
83.0129,100,100
83.0117,100,100
83.0105,100,100
83.0094,100,100
83.0082,100,100
83.007,100,100
83.0058,100,100
83.0046,100,100
83.0035,100,100
83.0023,100,100
83.0011,100,100
82.9999,100,100
82.9988,100,100
82.9976,100,100
82.9964,100,100
82.9952,100,100
82.9941,100,100
82.9929,100,100
82.9917,100,100
82.9905,100,100
82.9894,100,100
82.9882,100,100
82.987,100,100
82.9858,100,100
82.9847,100,100
82.9835,100,100
82.9823,100,100
82.9811,100,100
82.98,100,100
82.9788,100,100
82.9776,100,100
82.9764,100,100
82.9753,100,100
82.9741,100,100
82.9729,100,100
82.9717,100,100
82.9706,100,100
82.9694,100,100
82.9682,100,100
82.967,100,100
82.9659,100,100
82.9647,100,100
82.9635,100,100
82.9623,100,100
82.9612,100,100
82.96,100,100
82.9588,100,100
82.9576,100,100
82.9565,100,100
82.9553,100,100
82.9541,100,100
82.9529,100,100
82.9518,100,100
82.9506,100,100
82.9494,100,100
82.9482,100,100
82.9471,100,100
82.9459,100,100
82.9447,100,100
82.9435,100,100
82.9424,100,100
82.9412,100,100
82.94,100,100
82.9388,100,100
82.9377,100,100
82.9365,100,100
82.9353,100,100
82.9341,100,100
82.933,100,100
82.9318,100,100
82.9306,100,100
82.9294,100,100
82.9283,100,100
82.9271,100,100
82.9259,100,100
82.9247,100,100
82.9236,100,100
82.9224,100,100
82.9212,100,100
82.92,100,100
82.9189,100,100
82.9177,100,100
82.9165,100,100
82.9153,100,100
82.9142,100,100
82.913,100,100
82.9118,100,100
82.9106,100,100
82.9095,100,100
82.9083,100,100
82.9071,100,100
82.9059,100,100
82.9048,100,100
82.9036,100,100
82.9024,100,100
82.9012,100,100
82.9001,100,100
82.8989,100,100
82.8977,100,100
82.8965,100,100
82.8954,100,100
82.8942,100,100
82.893,100,100
82.8918,100,100
82.8907,100,100
82.8895,100,100
82.8883,100,100
82.8871,100,100
82.886,100,100
82.8848,100,100
82.8836,100,100
82.8824,100,100
82.8813,100,100
82.8801,100,100
82.8789,100,100
82.8777,100,100
82.8766,100,100
82.8754,100,100
82.8742,100,100
82.873,100,100
82.8719,100,100
82.8707,100,100
82.8695,100,100
82.8683,100,100
82.8672,100,100
82.866,100,100
82.8648,100,100
82.8636,100,100
82.8625,100,100
82.8613,100,100
82.8601,100,100
82.8589,100,100
82.8578,100,100
82.8566,100,100
82.8554,100,100
82.8542,100,100
82.8531,100,100
82.8519,100,100
82.8507,100,100
82.8495,100,100
82.8484,100,100
82.8472,100,100
82.846,100,100
82.8448,100,100
82.8437,100,100
82.8425,100,100
82.8413,100,100
82.8401,100,100
82.839,100,100
82.8378,100,100
82.8366,100,100
82.8354,100,100
82.8343,100,100
82.8331,100,100
82.8319,100,100
82.8307,100,100
82.8296,100,100
82.8284,100,100
82.8272,100,100
82.826,100,100
82.8249,100,100
82.8237,100,100
82.8225,100,100
82.8213,100,100
82.8202,100,100
82.819,100,100
82.8178,100,100
82.8166,100,100
82.8155,100,100
82.8143,100,100
82.8131,100,100
82.8119,100,100
82.8108,100,100
82.8096,100,100
82.8084,100,100
82.8072,100,100
82.8061,100,100
82.8049,100,100
82.8037,100,100
82.8025,100,100
82.8014,100,100
82.8002,100,100
82.799,100,100
82.7978,100,100
82.7967,100,100
82.7955,100,100
82.7943,100,100
82.7931,100,100
82.792,100,100
82.7908,100,100
82.7896,100,100
82.7884,100,100
82.7873,100,100
82.7861,100,100
82.7849,100,100
82.7837,100,100
82.7826,100,100
82.7814,100,100
82.7802,100,100
82.779,100,100
82.7779,100,100
82.7767,100,100
82.7755,100,100
82.7743,100,100
82.7732,100,100
82.772,100,100
82.7708,100,100
82.7696,100,100
82.7685,100,100
82.7673,100,100
82.7661,100,100
82.7649,100,100
82.7638,100,100
82.7626,100,100
82.7614,100,100
82.7602,100,100
82.7591,100,100
82.7579,100,100
82.7567,100,100
82.7556,100,100
82.7544,100,100
82.7532,100,100
82.752,100,100
82.7509,100,100
82.7497,100,100
82.7485,100,100
82.7474,100,100
82.7462,100,100
82.745,100,100
82.7438,100,100
82.7427,100,100
82.7415,100,100
82.7403,100,100
82.7391,100,100
82.738,100,100
82.7368,100,100
82.7356,100,100
82.7345,100,100
82.7333,100,100
82.7321,100,100
82.7309,100,100
82.7298,100,100
82.7286,100,100
82.7274,100,100
82.7262,100,100
82.7251,100,100
82.7239,100,100
82.7227,100,100
82.7216,100,100
82.7204,100,100
82.7192,100,100
82.718,100,100
82.7169,100,100
82.7157,100,100
82.7145,100,100
82.7133,100,100
82.7122,100,100
82.711,100,100
82.7098,100,100
82.7087,100,100
82.7075,100,100
82.7063,100,100
82.7051,100,100
82.704,100,100
82.7028,100,100
82.7016,100,100
82.7005,100,100
82.6993,100,100
82.6981,100,100
82.6969,100,100
82.6958,100,100
82.6946,100,100
82.6934,100,100
82.6922,100,100
82.6911,100,100
82.6899,100,100
82.6887,100,100
82.6876,100,100
82.6864,100,100
82.6852,100,100
82.684,100,100
82.6829,100,100
82.6817,100,100
82.6805,100,100
82.6793,100,100
82.6782,100,100
82.677,100,100
82.6758,100,100
82.6747,100,100
82.6735,100,100
82.6723,100,100
82.6711,100,100
82.67,100,100
82.6688,100,100
82.6676,100,100
82.6664,100,100
82.6653,100,100
82.6641,100,100
82.6629,100,100
82.6618,100,100
82.6606,100,100
82.6594,100,100
82.6582,100,100
82.6571,100,100
82.6559,100,100
82.6547,100,100
82.6536,100,100
82.6524,100,100
82.6512,100,100
82.65,100,100
82.6489,100,100
82.6477,100,100
82.6465,100,100
82.6454,100,100
82.6442,100,100
82.643,100,100
82.6418,100,100
82.6407,100,100
82.6395,100,100
82.6383,100,100
82.6372,100,100
82.636,100,100
82.6348,100,100
82.6337,100,100
82.6325,100,100
82.6313,100,100
82.6301,100,100
82.629,100,100
82.6278,100,100
82.6266,100,100
82.6255,100,100
82.6243,100,100
82.6231,100,100
82.622,100,100
82.6208,100,100
82.6196,100,100
82.6184,100,100
82.6173,100,100
82.6161,100,100
82.6149,100,100
82.6138,100,100
82.6126,100,100
82.6114,100,100
82.6103,100,100
82.6091,100,100
82.6079,100,100
82.6068,100,100
82.6056,100,100
82.6044,100,100
82.6032,100,100
82.6021,100,100
82.6009,100,100
82.5997,100,100
82.5986,100,100
82.5974,100,100
82.5962,100,100
82.5951,100,100
82.5939,100,100
82.5927,100,100
82.5915,100,100
82.5904,100,100
82.5892,100,100
82.588,100,100
82.5869,100,100
82.5857,100,100
82.5845,100,100
82.5834,100,100
82.5822,100,100
82.581,100,100
82.5798,100,100
82.5787,100,100
82.5775,100,100
82.5763,100,100
82.5752,100,100
82.574,100,100
82.5728,100,100
82.5717,100,100
82.5705,100,100
82.5693,100,100
82.5681,100,100
82.567,100,100
82.5658,100,100
82.5646,100,100
82.5635,100,100
82.5623,100,100
82.5611,100,100
82.56,100,100
82.5588,100,100
82.5576,100,100
82.5565,100,100
82.5553,100,100
82.5541,100,100
82.5529,100,100
82.5518,100,100
82.5506,100,100
82.5494,100,100
82.5483,100,100
82.5471,100,100
82.5459,100,100
82.5448,100,100
82.5436,100,100
82.5424,100,100
82.5412,100,100
82.5401,100,100
82.5389,100,100
82.5377,100,100
82.5366,100,100
82.5354,100,100
82.5342,100,100
82.5331,100,100
82.5319,100,100
82.5307,100,100
82.5295,100,100
82.5284,100,100
82.5272,100,100
82.526,100,100
82.5249,100,100
82.5237,100,100
82.5225,100,100
82.5214,100,100
82.5202,100,100
82.519,100,100
82.5178,100,100
82.5167,100,100
82.5155,100,100
82.5143,100,100
82.5132,100,100
82.512,100,100
82.5108,100,100
82.5097,100,100
82.5085,100,100
82.5073,100,100
82.5062,100,100
82.505,100,100
82.5038,100,100
82.5026,100,100
82.5015,100,100
82.5003,100,100
82.4991,100,100
82.498,100,100
82.4968,100,100
82.4956,100,100
82.4945,100,100
82.4933,100,100
82.4921,100,100
82.4909,100,100
82.4898,100,100
82.4886,100,100
82.4874,100,100
82.4863,100,100
82.4851,100,100
82.4839,100,100
82.4828,100,100
82.4816,100,100
82.4804,100,100
82.4792,100,100
82.4781,100,100
82.4769,100,100
82.4757,100,100
82.4746,100,100
82.4734,100,100
82.4722,100,100
82.4711,100,100
82.4699,100,100
82.4687,100,100
82.4675,100,100
82.4664,100,100
82.4652,100,100
82.464,100,100
82.4629,100,100
82.4617,100,100
82.4605,100,100
82.4594,100,100
82.4582,100,100
82.457,100,100
82.4558,100,100
82.4547,100,100
82.4535,100,100
82.4523,100,100
82.4512,100,100
82.45,100,100
82.4488,100,100
82.4477,100,100
82.4465,100,100
82.4453,100,100
82.4442,100,100
82.443,100,100
82.4418,100,100
82.4406,100,100
82.4395,100,100
82.4383,100,100
82.4371,100,100
82.436,100,100
82.4348,100,100
82.4336,100,100
82.4325,100,100
82.4313,100,100
82.4301,100,100
82.4289,100,100
82.4278,100,100
82.4266,100,100
82.4254,100,100
82.4243,100,100
82.4231,100,100
82.4219,100,100
82.4208,100,100
82.4196,100,100
82.4184,100,100
82.4172,100,100
82.4161,100,100
82.4149,100,100
82.4137,100,100
82.4126,100,100
82.4114,100,100
82.4102,100,100
82.4091,100,100
82.4079,100,100
82.4067,100,100
82.4055,100,100
82.4044,100,100
82.4032,100,100
82.402,100,100
82.4009,100,100
82.3997,100,100
82.3985,100,100
82.3973,100,100
82.3962,100,100
82.395,100,100
82.3938,100,100
82.3927,100,100
82.3915,100,100
82.3903,100,100
82.3891,100,100
82.388,100,100
82.3868,100,100
82.3856,100,100
82.3845,100,100
82.3833,100,100
82.3821,100,100
82.381,100,100
82.3798,100,100
82.3786,100,100
82.3774,100,100
82.3763,100,100
82.3751,100,100
82.3739,100,100
82.3728,100,100
82.3716,100,100
82.3704,100,100
82.3692,100,100
82.3681,100,100
82.3669,100,100
82.3657,100,100
82.3646,100,100
82.3634,100,100
82.3622,100,100
82.3611,100,100
82.3599,100,100
82.3587,100,100
82.3575,100,100
82.3564,100,100
82.3552,100,100
82.354,100,100
82.3529,100,100
82.3517,100,100
82.3505,100,100
82.3493,100,100
82.3482,100,100
82.347,100,100
82.3458,100,100
82.3447,100,100
82.3435,100,100
82.3423,100,100
82.3411,100,100
82.34,100,100
82.3388,100,100
82.3376,100,100
82.3365,100,100
82.3353,100,100
82.3341,100,100
82.333,100,100
82.3318,100,100
82.3306,100,100
82.3294,100,100
82.3283,100,100
82.3271,100,100
82.3259,100,100
82.3248,100,100
82.3236,100,100
82.3224,100,100
82.3212,100,100
82.3201,100,100
82.3189,100,100
82.3177,100,100
82.3166,100,100
82.3154,100,100
82.3142,100,100
82.313,100,100
82.3119,100,100
82.3107,100,100
82.3095,100,100
82.3084,100,100
82.3072,100,100
82.306,100,100
82.3049,100,100
82.3037,100,100
82.3025,100,100
82.3013,100,100
82.3002,100,100
82.299,100,100
82.2978,100,100
82.2966,100,100
82.2955,100,100
82.2943,100,100
82.2931,100,100
82.2919,100,100
82.2908,100,100
82.2896,100,100
82.2884,100,100
82.2872,100,100
82.2861,100,100
82.2849,100,100
82.2837,100,100
82.2825,100,100
82.2814,100,100
82.2802,100,100
82.279,100,100
82.2778,100,100
82.2767,100,100
82.2755,100,100
82.2743,100,100
82.2731,100,100
82.272,100,100
82.2708,100,100
82.2696,100,100
82.2684,100,100
82.2673,100,100
82.2661,100,100
82.2649,100,100
82.2637,100,100
82.2626,100,100
82.2614,100,100
82.2602,100,100
82.259,100,100
82.2579,100,100
82.2567,100,100
82.2555,100,100
82.2543,100,100
82.2532,100,100
82.252,100,100
82.2508,100,100
82.2496,100,100
82.2485,100,100
82.2473,100,100
82.2461,100,100
82.2449,100,100
82.2438,100,100
82.2426,100,100
82.2414,100,100
82.2402,100,100
82.2391,100,100
82.2379,100,100
82.2367,100,100
82.2355,100,100
82.2344,100,100
82.2332,100,100
82.232,100,100
82.2308,100,100
82.2297,100,100
82.2285,100,100
82.2273,100,100
82.2261,100,100
82.225,100,100
82.2238,100,100
82.2226,100,100
82.2214,100,100
82.2203,100,100
82.2191,100,100
82.2179,100,100
82.2167,100,100
82.2156,100,100
82.2144,100,100
82.2132,100,100
82.212,100,100
82.2109,100,100
82.2097,100,100
82.2085,100,100
82.2073,100,100
82.2062,100,100
82.205,100,100
82.2038,100,100
82.2026,100,100
82.2015,100,100
82.2003,100,100
82.1991,100,100
82.1979,100,100
82.1968,100,100
82.1956,100,100
82.1944,100,100
82.1932,100,100
82.1921,100,100
82.1909,100,100
82.1897,100,100
82.1885,100,100
82.1874,100,100
82.1862,100,100
82.185,100,100
82.1838,100,100
82.1827,100,100
82.1815,100,100
82.1803,100,100
82.1791,100,100
82.178,100,100
82.1768,100,100
82.1756,100,100
82.1744,100,100
82.1733,100,100
82.1721,100,100
82.1709,100,100
82.1697,100,100
82.1686,100,100
82.1674,100,100
82.1662,100,100
82.165,100,100
82.1639,100,100
82.1627,100,100
82.1615,100,100
82.1603,100,100
82.1592,100,100
82.158,100,100
82.1568,100,100
82.1556,100,100
82.1545,100,100
82.1533,100,100
82.1521,100,100
82.1509,100,100
82.1498,100,100
82.1486,100,100
82.1474,100,100
82.1462,100,100
82.1451,100,100
82.1439,100,100
82.1427,100,100
82.1415,100,100
82.1404,100,100
82.1392,100,100
82.138,100,100
82.1368,100,100
82.1357,100,100
82.1345,100,100
82.1333,100,100
82.1321,100,100
82.131,100,100
82.1298,100,100
82.1286,100,100
82.1274,100,100
82.1263,100,100
82.1251,100,100
82.1239,100,100
82.1227,100,100
82.1216,100,100
82.1204,100,100
82.1192,100,100
82.118,100,100
82.1169,100,100
82.1157,100,100
82.1145,100,100
82.1133,100,100
82.1122,100,100
82.111,100,100
82.1098,100,100
82.1086,100,100
82.1075,100,100
82.1063,100,100
82.1051,100,100
82.1039,100,100
82.1028,100,100
82.1016,100,100
82.1004,100,100
82.0992,100,100
82.0981,100,100
82.0969,100,100
82.0957,100,100
82.0945,100,100
82.0934,100,100
82.0922,100,100
82.091,100,100
82.0898,100,100
82.0887,100,100
82.0875,100,100
82.0863,100,100
82.0851,100,100
82.084,100,100
82.0828,100,100
82.0816,100,100
82.0804,100,100
82.0793,100,100
82.0781,100,100
82.0769,100,100
82.0757,100,100
82.0746,100,100
82.0734,100,100
82.0722,100,100
82.071,100,100
82.0699,100,100
82.0687,100,100
82.0675,100,100
82.0663,100,100
82.0652,100,100
82.064,100,100
82.0628,100,100
82.0616,100,100
82.0605,100,100
82.0593,100,100
82.0581,100,100
82.0569,100,100
82.0558,100,100
82.0546,100,100
82.0534,100,100
82.0522,100,100
82.0511,100,100
82.0499,100,100
82.0487,100,100
82.0475,100,100
82.0464,100,100
82.0452,100,100
82.044,100,100
82.0428,100,100
82.0417,100,100
82.0405,100,100
82.0393,100,100
82.0381,100,100
82.037,100,100
82.0358,100,100
82.0346,100,100
82.0334,100,100
82.0323,100,100
82.0311,100,100
82.0299,100,100
82.0287,100,100
82.0276,100,100
82.0264,100,100
82.0252,100,100
82.024,100,100
82.0229,100,100
82.0217,100,100
82.0205,100,100
82.0193,100,100
82.0182,100,100
82.017,100,100
82.0158,100,100
82.0146,100,100
82.0135,100,100
82.0123,100,100
82.0111,100,100
82.0099,100,100
82.0088,100,100
82.0076,100,100
82.0064,100,100
82.0052,100,100
82.0041,100,100
82.0029,100,100
82.0017,100,100
82.0005,100,100
81.9994,100,100
81.9982,100,100
81.997,100,100
81.9958,100,100
81.9947,100,100
81.9935,100,100
81.9923,100,100
81.9911,100,100
81.99,100,100
81.9888,100,100
81.9876,100,100
81.9864,100,100
81.9853,100,100
81.9841,100,100
81.9829,100,100
81.9817,100,100
81.9806,100,100
81.9794,100,100
81.9782,100,100
81.977,100,100
81.9759,100,100
81.9747,100,100
81.9735,100,100
81.9723,100,100
81.9712,100,100
81.97,100,100
81.9688,100,100
81.9676,100,100
81.9664,100,100
81.9653,100,100
81.9641,100,100
81.9629,100,100
81.9617,100,100
81.9606,100,100
81.9594,100,100
81.9582,100,100
81.957,100,100
81.9559,100,100
81.9547,100,100
81.9535,100,100
81.9523,100,100
81.9512,100,100
81.95,100,100
81.9488,100,100
81.9476,100,100
81.9465,100,100
81.9453,100,100
81.9441,100,100
81.9429,100,100
81.9418,100,100
81.9406,100,100
81.9394,100,100
81.9382,100,100
81.937,100,100
81.9359,100,100
81.9347,100,100
81.9335,100,100
81.9323,100,100
81.9311,100,100
81.9299,100,100
81.9288,100,100
81.9276,100,100
81.9264,100,100
81.9252,100,100
81.924,100,100
81.9229,100,100
81.9217,100,100
81.9205,100,100
81.9193,100,100
81.9181,100,100
81.917,100,100
81.9158,100,100
81.9146,100,100
81.9134,100,100
81.9122,100,100
81.9111,100,100
81.9099,100,100
81.9087,100,100
81.9075,100,100
81.9063,100,100
81.9052,100,100
81.904,100,100
81.9028,100,100
81.9016,100,100
81.9004,100,100
81.8993,100,100
81.8981,100,100
81.8969,100,100
81.8957,100,100
81.8945,100,100
81.8934,100,100
81.8922,100,100
81.891,100,100
81.8898,100,100
81.8886,100,100
81.8875,100,100
81.8863,100,100
81.8851,100,100
81.8839,100,100
81.8827,100,100
81.8816,100,100
81.8804,100,100
81.8792,100,100
81.878,100,100
81.8768,100,100
81.8757,100,100
81.8745,100,100
81.8733,100,100
81.8721,100,100
81.8709,100,100
81.8698,100,100
81.8686,100,100
81.8674,100,100
81.8662,100,100
81.865,100,100
81.8639,100,100
81.8627,100,100
81.8615,100,100
81.8603,100,100
81.8591,100,100
81.858,100,100
81.8568,100,100
81.8556,100,100
81.8544,100,100
81.8532,100,100
81.8521,100,100
81.8509,100,100
81.8497,100,100
81.8485,100,100
81.8473,100,100
81.8462,100,100
81.845,100,100
81.8438,100,100
81.8426,100,100
81.8414,100,100
81.8403,100,100
81.8391,100,100
81.8379,100,100
81.8367,100,100
81.8355,100,100
81.8344,100,100
81.8332,100,100
81.832,100,100
81.8308,100,100
81.8296,100,100
81.8285,100,100
81.8273,100,100
81.8261,100,100
81.8249,100,100
81.8237,100,100
81.8226,100,100
81.8214,100,100
81.8202,100,100
81.819,100,100
81.8178,100,100
81.8167,100,100
81.8155,100,100
81.8143,100,100
81.8131,100,100
81.8119,100,100
81.8108,100,100
81.8096,100,100
81.8084,100,100
81.8072,100,100
81.806,100,100
81.8048,100,100
81.8037,100,100
81.8025,100,100
81.8013,100,100
81.8001,100,100
81.7989,100,100
81.7978,100,100
81.7966,100,100
81.7954,100,100
81.7942,100,100
81.793,100,100
81.7919,100,100
81.7907,100,100
81.7895,100,100
81.7883,100,100
81.7871,100,100
81.786,100,100
81.7848,100,100
81.7836,100,100
81.7824,100,100
81.7812,100,100
81.7801,100,100
81.7789,100,100
81.7777,100,100
81.7765,100,100
81.7753,100,100
81.7742,100,100
81.773,100,100
81.7718,100,100
81.7706,100,100
81.7694,100,100
81.7683,100,100
81.7671,100,100
81.7659,100,100
81.7647,100,100
81.7635,100,100
81.7624,100,100
81.7612,100,100
81.76,100,100
81.7588,100,100
81.7576,100,100
81.7565,100,100
81.7553,100,100
81.7541,100,100
81.7529,100,100
81.7517,100,100
81.7506,100,100
81.7494,100,100
81.7482,100,100
81.747,100,100
81.7458,100,100
81.7447,100,100
81.7435,100,100
81.7423,100,100
81.7411,100,100
81.7399,100,100
81.7388,100,100
81.7376,100,100
81.7364,100,100
81.7352,100,100
81.734,100,100
81.7329,100,100
81.7317,100,100
81.7305,100,100
81.7293,100,100
81.7281,100,100
81.727,100,100
81.7258,100,100
81.7246,100,100
81.7234,100,100
81.7222,100,100
81.7211,100,100
81.7199,100,100
81.7187,100,100
81.7175,100,100
81.7163,100,100
81.7152,100,100
81.714,100,100
81.7128,100,100
81.7116,100,100
81.7104,100,100
81.7093,100,100
81.7081,100,100
81.7069,100,100
81.7057,100,100
81.7045,100,100
81.7034,100,100
81.7022,100,100
81.701,100,100
81.6998,100,100
81.6986,100,100
81.6975,100,100
81.6963,100,100
81.6951,100,100
81.6939,100,100
81.6928,100,100
81.6916,100,100
81.6904,100,100
81.6892,100,100
81.688,100,100
81.6869,100,100
81.6857,100,100
81.6845,100,100
81.6833,100,100
81.6822,100,100
81.681,100,100
81.6798,100,100
81.6786,100,100
81.6774,100,100
81.6763,100,100
81.6751,100,100
81.6739,100,100
81.6727,100,100
81.6715,100,100
81.6704,100,100
81.6692,100,100
81.668,100,100
81.6668,100,100
81.6657,100,100
81.6645,100,100
81.6633,100,100
81.6621,100,100
81.6609,100,100
81.6598,100,100
81.6586,100,100
81.6574,100,100
81.6562,100,100
81.655,100,100
81.6539,100,100
81.6527,100,100
81.6515,100,100
81.6503,100,100
81.6492,100,100
81.648,100,100
81.6468,100,100
81.6456,100,100
81.6444,100,100
81.6433,100,100
81.6421,100,100
81.6409,100,100
81.6397,100,100
81.6386,100,100
81.6374,100,100
81.6362,100,100
81.635,100,100
81.6338,100,100
81.6327,100,100
81.6315,100,100
81.6303,100,100
81.6291,100,100
81.6279,100,100
81.6268,100,100
81.6256,100,100
81.6244,100,100
81.6232,100,100
81.6221,100,100
81.6209,100,100
81.6197,100,100
81.6185,100,100
81.6173,100,100
81.6162,100,100
81.615,100,100
81.6138,100,100
81.6126,100,100
81.6114,100,100
81.6103,100,100
81.6091,100,100
81.6079,100,100
81.6067,100,100
81.6056,100,100
81.6044,100,100
81.6032,100,100
81.602,100,100
81.6008,100,100
81.5997,100,100
81.5985,100,100
81.5973,100,100
81.5961,100,100
81.5949,100,100
81.5938,100,100
81.5926,100,100
81.5914,100,100
81.5902,100,100
81.5891,100,100
81.5879,100,100
81.5867,100,100
81.5855,100,100
81.5844,100,100
81.5832,100,100
81.582,100,100
81.5808,100,100
81.5797,100,100
81.5785,100,100
81.5773,100,100
81.5761,100,100
81.575,100,100
81.5738,100,100
81.5726,100,100
81.5714,100,100
81.5703,100,100
81.5691,100,100
81.5679,100,100
81.5667,100,100
81.5656,100,100
81.5644,100,100
81.5632,100,100
81.562,100,100
81.5609,100,100
81.5597,100,100
81.5585,100,100
81.5573,100,100
81.5562,100,100
81.555,100,100
81.5538,100,100
81.5526,100,100
81.5515,100,100
81.5503,100,100
81.5491,100,100
81.5479,100,100
81.5468,100,100
81.5456,100,100
81.5444,100,100
81.5432,100,100
81.5421,100,100
81.5409,100,100
81.5397,100,100
81.5385,100,100
81.5374,100,100
81.5362,100,100
81.535,100,100
81.5338,100,100
81.5327,100,100
81.5315,100,100
81.5303,100,100
81.5291,100,100
81.528,100,100
81.5268,100,100
81.5256,100,100
81.5244,100,100
81.5233,100,100
81.5221,100,100
81.5209,100,100
81.5197,100,100
81.5186,100,100
81.5174,100,100
81.5162,100,100
81.515,100,100
81.5139,100,100
81.5127,100,100
81.5115,100,100
81.5103,100,100
81.5092,100,100
81.508,100,100
81.5068,100,100
81.5056,100,100
81.5045,100,100
81.5033,100,100
81.5021,100,100
81.5009,100,100
81.4998,100,100
81.4986,100,100
81.4974,100,100
81.4962,100,100
81.4951,100,100
81.4939,100,100
81.4927,100,100
81.4915,100,100
81.4904,100,100
81.4892,100,100
81.488,100,100
81.4868,100,100
81.4857,100,100
81.4845,100,100
81.4833,100,100
81.4821,100,100
81.481,100,100
81.4798,100,100
81.4786,100,100
81.4774,100,100
81.4763,100,100
81.4751,100,100
81.4739,100,100
81.4727,100,100
81.4716,100,100
81.4704,100,100
81.4692,100,100
81.468,100,100
81.4668,100,100
81.4657,100,100
81.4645,100,100
81.4633,100,100
81.4621,100,100
81.461,100,100
81.4598,100,100
81.4586,100,100
81.4574,100,100
81.4562,100,100
81.4551,100,100
81.4539,100,100
81.4527,100,100
81.4515,100,100
81.4504,100,100
81.4492,100,100
81.448,100,100
81.4468,100,100
81.4456,100,100
81.4445,100,100
81.4433,100,100
81.4421,100,100
81.4409,100,100
81.4398,100,100
81.4386,100,100
81.4374,100,100
81.4362,100,100
81.435,100,100
81.4339,100,100
81.4327,100,100
81.4315,100,100
81.4303,100,100
81.4292,100,100
81.428,100,100
81.4268,100,100
81.4256,100,100
81.4244,100,100
81.4233,100,100
81.4221,100,100
81.4209,100,100
81.4197,100,100
81.4186,100,100
81.4174,100,100
81.4162,100,100
81.415,100,100
81.4138,100,100
81.4127,100,100
81.4115,100,100
81.4103,100,100
81.4091,100,100
81.408,100,100
81.4068,100,100
81.4056,100,100
81.4044,100,100
81.4032,100,100
81.4021,100,100
81.4009,100,100
81.3997,100,100
81.3985,100,100
81.3974,100,100
81.3962,100,100
81.395,100,100
81.3938,100,100
81.3926,100,100
81.3915,100,100
81.3903,100,100
81.3891,100,100
81.3879,100,100
81.3868,100,100
81.3856,100,100
81.3844,100,100
81.3832,100,100
81.382,100,100
81.3809,100,100
81.3797,100,100
81.3785,100,100
81.3773,100,100
81.3762,100,100
81.375,100,100
81.3738,100,100
81.3726,100,100
81.3714,100,100
81.3703,100,100
81.3691,100,100
81.3679,100,100
81.3667,100,100
81.3656,100,100
81.3644,100,100
81.3632,100,100
81.362,100,100
81.3608,100,100
81.3597,100,100
81.3585,100,100
81.3573,100,100
81.3561,100,100
81.355,100,100
81.3538,100,100
81.3526,100,100
81.3515,100,100
81.3503,100,100
81.3491,100,100
81.348,100,100
81.3468,100,100
81.3456,100,100
81.3444,100,100
81.3433,100,100
81.3421,100,100
81.3409,100,100
81.3398,100,100
81.3386,100,100
81.3374,100,100
81.3363,100,100
81.3351,100,100
81.3339,100,100
81.3327,100,100
81.3316,100,100
81.3304,100,100
81.3292,100,100
81.3281,100,100
81.3269,100,100
81.3257,100,100
81.3246,100,100
81.3234,100,100
81.3222,100,100
81.3211,100,100
81.3199,100,100
81.3187,100,100
81.3175,100,100
81.3164,100,100
81.3152,100,100
81.314,100,100
81.3129,100,100
81.3117,100,100
81.3105,100,100
81.3094,100,100
81.3082,100,100
81.307,100,100
81.3059,100,100
81.3047,100,100
81.3035,100,100
81.3023,100,100
81.3012,100,100
81.3,100,100
81.2988,100,100
81.2977,100,100
81.2965,100,100
81.2953,100,100
81.2942,100,100
81.293,100,100
81.2918,100,100
81.2907,100,100
81.2895,100,100
81.2883,100,100
81.2871,100,100
81.286,100,100
81.2848,100,100
81.2836,100,100
81.2825,100,100
81.2813,100,100
81.2801,100,100
81.279,100,100
81.2778,100,100
81.2766,100,100
81.2755,100,100
81.2743,100,100
81.2731,100,100
81.2719,100,100
81.2708,100,100
81.2696,100,100
81.2684,100,100
81.2673,100,100
81.2661,100,100
81.2649,100,100
81.2638,100,100
81.2626,100,100
81.2614,100,100
81.2603,100,100
81.2591,100,100
81.2579,100,100
81.2567,100,100
81.2556,100,100
81.2544,100,100
81.2532,100,100
81.2521,100,100
81.2509,100,100
81.2497,100,100
81.2486,100,100
81.2474,100,100
81.2462,100,100
81.245,100,100
81.2439,100,100
81.2427,100,100
81.2415,100,100
81.2404,100,100
81.2393,100,100
81.2382,100,100
81.2371,100,100
81.236,100,100
81.235,100,100
81.2339,100,100
81.2328,100,100
81.2317,100,100
81.2306,100,100
81.2295,100,100
81.2285,100,100
81.2274,100,100
81.2263,100,100
81.2252,100,100
81.2241,100,100
81.2231,100,100
81.222,100,100
81.2209,100,100
81.2198,100,100
81.2187,100,100
81.2176,100,100
81.2166,100,100
81.2155,100,100
81.2144,100,100
81.2133,100,100
81.2122,100,100
81.2112,100,100
81.2101,100,100
81.209,100,100
81.2079,100,100
81.2068,100,100
81.2058,100,100
81.2047,100,100
81.2036,100,100
81.2025,100,100
81.2014,100,100
81.2003,100,100
81.1993,100,100
81.1982,100,100
81.1971,100,100
81.196,100,100
81.1949,100,100
81.1939,100,100
81.1928,100,100
81.1917,100,100
81.1906,100,100
81.1895,100,100
81.1885,100,100
81.1874,100,100
81.1863,100,100
81.1852,100,100
81.1841,100,100
81.183,100,100
81.182,100,100
81.1809,100,100
81.1798,100,100
81.1787,100,100
81.1776,100,100
81.1766,100,100
81.1755,100,100
81.1744,100,100
81.1733,100,100
81.1722,100,100
81.1712,100,100
81.1701,100,100
81.169,100,100
81.1679,100,100
81.1668,100,100
81.1657,100,100
81.1647,100,100
81.1636,100,100
81.1625,100,100
81.1614,100,100
81.1603,100,100
81.1593,100,100
81.1582,100,100
81.1571,100,100
81.156,100,100
81.1549,100,100
81.1539,100,100
81.1528,100,100
81.1517,100,100
81.1506,100,100
81.1495,100,100
81.1484,100,100
81.1474,100,100
81.1463,100,100
81.1452,100,100
81.1441,100,100
81.143,100,100
81.142,100,100
81.1409,100,100
81.1398,100,100
81.1387,100,100
81.1376,100,100
81.1366,100,100
81.1355,100,100
81.1344,100,100
81.1333,100,100
81.1322,100,100
81.1312,100,100
81.1303,100,100
81.1293,100,100
81.1284,100,100
81.1274,100,100
81.1264,100,100
81.1255,100,100
81.1245,100,100
81.1236,100,100
81.1226,100,100
81.1216,100,100
81.1207,100,100
81.1197,100,100
81.1188,100,100
81.1178,100,100
81.1168,100,100
81.1159,100,100
81.1149,100,100
81.114,100,100
81.113,100,100
81.112,100,100
81.1111,100,100
81.1101,100,100
81.1092,100,100
81.1082,100,100
81.1072,100,100
81.1063,100,100
81.1053,100,100
81.1044,100,100
81.1034,100,100
81.1024,100,100
81.1015,100,100
81.1005,100,100
81.0996,100,100
81.0986,100,100
81.0976,100,100
81.0967,100,100
81.0957,100,100
81.0948,100,100
81.0938,100,100
81.0928,100,100
81.0919,100,100
81.0909,100,100
81.09,100,100
81.089,100,100
81.088,100,100
81.0871,100,100
81.0861,100,100
81.0852,100,100
81.0842,100,100
81.0832,100,100
81.0823,100,100
81.0813,100,100
81.0804,100,100
81.0794,100,100
81.0784,100,100
81.0775,100,100
81.0765,100,100
81.0756,100,100
81.0746,100,100
81.0736,100,100
81.0727,100,100
81.0717,100,100
81.0708,100,100
81.0698,100,100
81.0688,100,100
81.0679,100,100
81.0669,100,100
81.066,100,100
81.065,100,100
81.064,100,100
81.0631,100,100
81.0621,100,100
81.0612,100,100
81.0602,100,100
81.0592,100,100
81.0583,100,100
81.0573,100,100
81.0564,100,100
81.0554,100,100
81.0544,100,100
81.0535,100,100
81.0525,100,100
81.0516,100,100
81.0506,100,100
81.0496,100,100
81.0487,100,100
81.0477,100,100
81.0467,100,100
81.0458,100,100
81.0448,100,100
81.0439,100,100
81.0429,100,100
81.0419,100,100
81.041,100,100
81.04,100,100
81.0391,100,100
81.0381,100,100
81.0371,100,100
81.0362,100,100
81.0353,100,100
81.0345,100,100
81.0337,100,100
81.0328,100,100
81.032,100,100
81.0312,100,100
81.0303,100,100
81.0295,100,100
81.0287,100,100
81.0278,100,100
81.027,100,100
81.0262,100,100
81.0253,100,100
81.0245,100,100
81.0237,100,100
81.0228,100,100
81.022,100,100
81.0212,100,100
81.0203,100,100
81.0195,100,100
81.0187,100,100
81.0178,100,100
81.017,100,100
81.0162,100,100
81.0153,100,100
81.0145,100,100
81.0136,100,100
81.0128,100,100
81.012,100,100
81.0111,100,100
81.0103,100,100
81.0095,100,100
81.0086,100,100
81.0078,100,100
81.007,100,100
81.0061,100,100
81.0053,100,100
81.0045,100,100
81.0036,100,100
81.0028,100,100
81.002,100,100
81.0011,100,100
81.0003,100,100
80.9995,100,100
80.9986,100,100
80.9978,100,100
80.997,100,100
80.9961,100,100
80.9953,100,100
80.9945,100,100
80.9936,100,100
80.9928,100,100
80.992,100,100
80.9911,100,100
80.9903,100,100
80.9895,100,100
80.9886,100,100
80.9878,100,100
80.987,100,100
80.9861,100,100
80.9853,100,100
80.9845,100,100
80.9836,100,100
80.9828,100,100
80.982,100,100
80.9811,100,100
80.9803,100,100
80.9795,100,100
80.9786,100,100
80.9778,100,100
80.977,100,100
80.9761,100,100
80.9753,100,100
80.9745,100,100
80.9736,100,100
80.9728,100,100
80.972,100,100
80.9711,100,100
80.9703,100,100
80.9695,100,100
80.9686,100,100
80.9678,100,100
80.9669,100,100
80.9661,100,100
80.9653,100,100
80.9644,100,100
80.9636,100,100
80.9628,100,100
80.9619,100,100
80.9611,100,100
80.9603,100,100
80.9594,100,100
80.9586,100,100
80.9578,100,100
80.9569,100,100
80.9561,100,100
80.9553,100,100
80.9544,100,100
80.9536,100,100
80.9528,100,100
80.952,100,100
80.9513,100,100
80.9506,100,100
80.9498,100,100
80.9491,100,100
80.9483,100,100
80.9476,100,100
80.9469,100,100
80.9461,100,100
80.9454,100,100
80.9447,100,100
80.9439,100,100
80.9432,100,100
80.9425,100,100
80.9417,100,100
80.941,100,100
80.9403,100,100
80.9395,100,100
80.9388,100,100
80.9381,100,100
80.9373,100,100
80.9366,100,100
80.9359,100,100
80.9351,100,100
80.9344,100,100
80.9336,100,100
80.9329,100,100
80.9322,100,100
80.9314,100,100
80.9307,100,100
80.93,100,100
80.9292,100,100
80.9285,100,100
80.9278,100,100
80.927,100,100
80.9263,100,100
80.9256,100,100
80.9248,100,100
80.9241,100,100
80.9234,100,100
80.9226,100,100
80.9219,100,100
80.9212,100,100
80.9204,100,100
80.9197,100,100
80.919,100,100
80.9182,100,100
80.9175,100,100
80.9167,100,100
80.916,100,100
80.9153,100,100
80.9145,100,100
80.9138,100,100
80.9131,100,100
80.9123,100,100
80.9116,100,100
80.9109,100,100
80.9101,100,100
80.9094,100,100
80.9087,100,100
80.9079,100,100
80.9072,100,100
80.9065,100,100
80.9057,100,100
80.905,100,100
80.9043,100,100
80.9035,100,100
80.9028,100,100
80.902,100,100
80.9013,100,100
80.9006,100,100
80.8998,100,100
80.8991,100,100
80.8984,100,100
80.8976,100,100
80.8969,100,100
80.8962,100,100
80.8954,100,100
80.8947,100,100
80.894,100,100
80.8932,100,100
80.8925,100,100
80.8918,100,100
80.891,100,100
80.8903,100,100
80.8896,100,100
80.8888,100,100
80.8881,100,100
80.8873,100,100
80.8866,100,100
80.8859,100,100
80.8851,100,100
80.8844,100,100
80.8837,100,100
80.8829,100,100
80.8822,100,100
80.8815,100,100
80.8807,100,100
80.88,100,100
80.8793,100,100
80.8786,100,100
80.8779,100,100
80.8773,100,100
80.8766,100,100
80.876,100,100
80.8753,100,100
80.8747,100,100
80.874,100,100
80.8734,100,100
80.8727,100,100
80.872,100,100
80.8714,100,100
80.8707,100,100
80.8701,100,100
80.8694,100,100
80.8688,100,100
80.8681,100,100
80.8674,100,100
80.8668,100,100
80.8661,100,100
80.8655,100,100
80.8648,100,100
80.8642,100,100
80.8635,100,100
80.8629,100,100
80.8622,100,100
80.8615,100,100
80.8609,100,100
80.8602,100,100
80.8596,100,100
80.8589,100,100
80.8583,100,100
80.8576,100,100
80.857,100,100
80.8563,100,100
80.8556,100,100
80.855,100,100
80.8543,100,100
80.8537,100,100
80.853,100,100
80.8524,100,100
80.8517,100,100
80.8511,100,100
80.8504,100,100
80.8497,100,100
80.8491,100,100
80.8484,100,100
80.8478,100,100
80.8471,100,100
80.8465,100,100
80.8458,100,100
80.8452,100,100
80.8445,100,100
80.8438,100,100
80.8432,100,100
80.8425,100,100
80.8419,100,100
80.8412,100,100
80.8406,100,100
80.8399,100,100
80.8393,100,100
80.8386,100,100
80.8379,100,100
80.8373,100,100
80.8366,100,100
80.836,100,100
80.8353,100,100
80.8347,100,100
80.834,100,100
80.8334,100,100
80.8327,100,100
80.832,100,100
80.8314,100,100
80.8307,100,100
80.8301,100,100
80.8294,100,100
80.8288,100,100
80.8281,100,100
80.8274,100,100
80.8268,100,100
80.8261,100,100
80.8255,100,100
80.8248,100,100
80.8242,100,100
80.8235,100,100
80.8229,100,100
80.8222,100,100
80.8215,100,100
80.8209,100,100
80.8202,100,100
80.8196,100,100
80.8189,100,100
80.8183,100,100
80.8176,100,100
80.817,100,100
80.8163,100,100
80.8156,100,100
80.815,100,100
80.8143,100,100
80.8137,100,100
80.8131,100,100
80.8125,100,100
80.8119,100,100
80.8113,100,100
80.8107,100,100
80.8101,100,100
80.8095,100,100
80.8089,100,100
80.8083,100,100
80.8077,100,100
80.8071,100,100
80.8065,100,100
80.8059,100,100
80.8053,100,100
80.8047,100,100
80.8041,100,100
80.8035,100,100
80.8029,100,100
80.8023,100,100
80.8017,100,100
80.8011,100,100
80.8006,100,100
80.8,100,100
80.7994,100,100
80.7988,100,100
80.7982,100,100
80.7976,100,100
80.797,100,100
80.7964,100,100
80.7958,100,100
80.7952,100,100
80.7946,100,100
80.794,100,100
80.7934,100,100
80.7928,100,100
80.7922,100,100
80.7916,100,100
80.791,100,100
80.7904,100,100
80.7898,100,100
80.7892,100,100
80.7886,100,100
80.788,100,100
80.7874,100,100
80.7868,100,100
80.7862,100,100
80.7856,100,100
80.785,100,100
80.7845,100,100
80.7839,100,100
80.7833,100,100
80.7827,100,100
80.7821,100,100
80.7815,100,100
80.7809,100,100
80.7803,100,100
80.7797,100,100
80.7791,100,100
80.7785,100,100
80.7779,100,100
80.7773,100,100
80.7767,100,100
80.7761,100,100
80.7755,100,100
80.7749,100,100
80.7743,100,100
80.7737,100,100
80.7731,100,100
80.7725,100,100
80.7719,100,100
80.7713,100,100
80.7707,100,100
80.7701,100,100
80.7695,100,100
80.7689,100,100
80.7684,100,100
80.7678,100,100
80.7672,100,100
80.7666,100,100
80.766,100,100
80.7654,100,100
80.7648,100,100
80.7642,100,100
80.7636,100,100
80.763,100,100
80.7624,100,100
80.7618,100,100
80.7612,100,100
80.7606,100,100
80.76,100,100
80.7594,100,100
80.7588,100,100
80.7582,100,100
80.7576,100,100
80.757,100,100
80.7564,100,100
80.7558,100,100
80.7552,100,100
80.7546,100,100
80.754,100,100
80.7535,100,100
80.7529,100,100
80.7524,100,100
80.7519,100,100
80.7513,100,100
80.7508,100,100
80.7502,100,100
80.7497,100,100
80.7491,100,100
80.7486,100,100
80.748,100,100
80.7475,100,100
80.7469,100,100
80.7464,100,100
80.7458,100,100
80.7453,100,100
80.7448,100,100
80.7442,100,100
80.7437,100,100
80.7431,100,100
80.7426,100,100
80.742,100,100
80.7415,100,100
80.7409,100,100
80.7404,100,100
80.7398,100,100
80.7393,100,100
80.7387,100,100
80.7382,100,100
80.7377,100,100
80.7371,100,100
80.7366,100,100
80.736,100,100
80.7355,100,100
80.7349,100,100
80.7344,100,100
80.7338,100,100
80.7333,100,100
80.7327,100,100
80.7322,100,100
80.7317,100,100
80.7311,100,100
80.7306,100,100
80.73,100,100
80.7295,100,100
80.7289,100,100
80.7284,100,100
80.7278,100,100
80.7273,100,100
80.7267,100,100
80.7262,100,100
80.7256,100,100
80.7251,100,100
80.7246,100,100
80.724,100,100
80.7235,100,100
80.7229,100,100
80.7224,100,100
80.7218,100,100
80.7213,100,100
80.7207,100,100
80.7202,100,100
80.7196,100,100
80.7191,100,100
80.7185,100,100
80.718,100,100
80.7175,100,100
80.7169,100,100
80.7164,100,100
80.7158,100,100
80.7153,100,100
80.7147,100,100
80.7142,100,100
80.7136,100,100
80.7131,100,100
80.7125,100,100
80.712,100,100
80.7115,100,100
80.7109,100,100
80.7104,100,100
80.7098,100,100
80.7093,100,100
80.7087,100,100
80.7082,100,100
80.7076,100,100
80.7071,100,100
80.7065,100,100
80.706,100,100
80.7054,100,100
80.7049,100,100
80.7044,100,100
80.7038,100,100
80.7033,100,100
80.7027,100,100
80.7022,100,100
80.7016,100,100
80.7011,100,100
80.7005,100,100
80.7,100,100
80.6994,100,100
80.6989,100,100
80.6984,100,100
80.6979,100,100
80.6974,100,100
80.6969,100,100
80.6964,100,100
80.6959,100,100
80.6954,100,100
80.6949,100,100
80.6944,100,100
80.6939,100,100
80.6934,100,100
80.6929,100,100
80.6924,100,100
80.6919,100,100
80.6914,100,100
80.6909,100,100
80.6904,100,100
80.6899,100,100
80.6894,100,100
80.6889,100,100
80.6884,100,100
80.6879,100,100
80.6874,100,100
80.6869,100,100
80.6864,100,100
80.6859,100,100
80.6854,100,100
80.6849,100,100
80.6844,100,100
80.6839,100,100
80.6834,100,100
80.6829,100,100
80.6824,100,100
80.6819,100,100
80.6814,100,100
80.6809,100,100
80.6804,100,100
80.6799,100,100
80.6794,100,100
80.6789,100,100
80.6784,100,100
80.6779,100,100
80.6774,100,100
80.6769,100,100
80.6764,100,100
80.6759,100,100
80.6754,100,100
80.6749,100,100
80.6744,100,100
80.6739,100,100
80.6734,100,100
80.6729,100,100
80.6724,100,100
80.6719,100,100
80.6714,100,100
80.6709,100,100
80.6704,100,100
80.6699,100,100
80.6694,100,100
80.6689,100,100
80.6684,100,100
80.6679,100,100
80.6674,100,100
80.6669,100,100
80.6664,100,100
80.6659,100,100
80.6654,100,100
80.6649,100,100
80.6644,100,100
80.6639,100,100
80.6634,100,100
80.6629,100,100
80.6624,100,100
80.6619,100,100
80.6614,100,100
80.6609,100,100
80.6604,100,100
80.6599,100,100
80.6594,100,100
80.6589,100,100
80.6584,100,100
80.6579,100,100
80.6574,100,100
80.6569,100,100
80.6564,100,100
80.6559,100,100
80.6553,100,100
80.6548,100,100
80.6543,100,100
80.6538,100,100
80.6533,100,100
80.6528,100,100
80.6523,100,100
80.6518,100,100
80.6513,100,100
80.6508,100,100
80.6503,100,100
80.6498,100,100
80.6493,100,100
80.6489,100,100
80.6484,100,100
80.6479,100,100
80.6475,100,100
80.647,100,100
80.6466,100,100
80.6461,100,100
80.6456,100,100
80.6452,100,100
80.6447,100,100
80.6443,100,100
80.6438,100,100
80.6433,100,100
80.6429,100,100
80.6424,100,100
80.642,100,100
80.6415,100,100
80.641,100,100
80.6406,100,100
80.6401,100,100
80.6397,100,100
80.6392,100,100
80.6387,100,100
80.6383,100,100
80.6378,100,100
80.6374,100,100
80.6369,100,100
80.6364,100,100
80.636,100,100
80.6355,100,100
80.635,100,100
80.6346,100,100
80.6341,100,100
80.6337,100,100
80.6332,100,100
80.6327,100,100
80.6323,100,100
80.6318,100,100
80.6314,100,100
80.6309,100,100
80.6304,100,100
80.63,100,100
80.6295,100,100
80.6291,100,100
80.6286,100,100
80.6281,100,100
80.6277,100,100
80.6272,100,100
80.6268,100,100
80.6263,100,100
80.6258,100,100
80.6254,100,100
80.6249,100,100
80.6244,100,100
80.624,100,100
80.6235,100,100
80.6231,100,100
80.6226,100,100
80.6221,100,100
80.6217,100,100
80.6212,100,100
80.6208,100,100
80.6203,100,100
80.6198,100,100
80.6194,100,100
80.6189,100,100
80.6185,100,100
80.618,100,100
80.6175,100,100
80.6171,100,100
80.6166,100,100
80.6162,100,100
80.6157,100,100
80.6152,100,100
80.6148,100,100
80.6143,100,100
80.6139,100,100
80.6134,100,100
80.6129,100,100
80.6125,100,100
80.612,100,100
80.6115,100,100
80.6111,100,100
80.6106,100,100
80.6102,100,100
80.6097,100,100
80.6092,100,100
80.6088,100,100
80.6083,100,100
80.6079,100,100
80.6074,100,100
80.6069,100,100
80.6065,100,100
80.606,100,100
80.6056,100,100
80.6051,100,100
80.6046,100,100
80.6042,100,100
80.6037,100,100
80.6033,100,100
80.6028,100,100
80.6024,100,100
80.602,100,100
80.6015,100,100
80.6011,100,100
80.6007,100,100
80.6002,100,100
80.5998,100,100
80.5994,100,100
80.599,100,100
80.5985,100,100
80.5981,100,100
80.5977,100,100
80.5972,100,100
80.5968,100,100
80.5964,100,100
80.596,100,100
80.5955,100,100
80.5951,100,100
80.5947,100,100
80.5942,100,100
80.5938,100,100
80.5934,100,100
80.593,100,100
80.5925,100,100
80.5921,100,100
80.5917,100,100
80.5912,100,100
80.5908,100,100
80.5904,100,100
80.5899,100,100
80.5895,100,100
80.5891,100,100
80.5887,100,100
80.5882,100,100
80.5878,100,100
80.5874,100,100
80.5869,100,100
80.5865,100,100
80.5861,100,100
80.5857,100,100
80.5852,100,100
80.5848,100,100
80.5844,100,100
80.5839,100,100
80.5835,100,100
80.5831,100,100
80.5827,100,100
80.5822,100,100
80.5818,100,100
80.5814,100,100
80.5809,100,100
80.5805,100,100
80.5801,100,100
80.5797,100,100
80.5792,100,100
80.5788,100,100
80.5784,100,100
80.5779,100,100
80.5775,100,100
80.5771,100,100
80.5766,100,100
80.5762,100,100
80.5758,100,100
80.5754,100,100
80.5749,100,100
80.5745,100,100
80.5741,100,100
80.5736,100,100
80.5732,100,100
80.5728,100,100
80.5724,100,100
80.5719,100,100
80.5715,100,100
80.5711,100,100
80.5706,100,100
80.5702,100,100
80.5698,100,100
80.5694,100,100
80.5689,100,100
80.5685,100,100
80.5681,100,100
80.5676,100,100
80.5672,100,100
80.5668,100,100
80.5664,100,100
80.5659,100,100
80.5655,100,100
80.5651,100,100
80.5646,100,100
80.5642,100,100
80.5638,100,100
80.5633,100,100
80.5629,100,100
80.5625,100,100
80.5621,100,100
80.5616,100,100
80.5612,100,100
80.5608,100,100
80.5603,100,100
80.5599,100,100
80.5595,100,100
80.5591,100,100
80.5587,100,100
80.5583,100,100
80.5578,100,100
80.5574,100,100
80.557,100,100
80.5566,100,100
80.5562,100,100
80.5558,100,100
80.5554,100,100
80.5549,100,100
80.5545,100,100
80.5541,100,100
80.5537,100,100
80.5533,100,100
80.5529,100,100
80.5524,100,100
80.552,100,100
80.5516,100,100
80.5512,100,100
80.5508,100,100
80.5504,100,100
80.5499,100,100
80.5495,100,100
80.5491,100,100
80.5487,100,100
80.5483,100,100
80.5479,100,100
80.5475,100,100
80.547,100,100
80.5466,100,100
80.5462,100,100
80.5458,100,100
80.5454,100,100
80.545,100,100
80.5445,100,100
80.5441,100,100
80.5437,100,100
80.5433,100,100
80.5429,100,100
80.5425,100,100
80.542,100,100
80.5416,100,100
80.5412,100,100
80.5408,100,100
80.5404,100,100
80.54,100,100
80.5396,100,100
80.5391,100,100
80.5387,100,100
80.5383,100,100
80.5379,100,100
80.5375,100,100
80.5371,100,100
80.5366,100,100
80.5362,100,100
80.5358,100,100
80.5354,100,100
80.535,100,100
80.5346,100,100
80.5341,100,100
80.5337,100,100
80.5333,100,100
80.5329,100,100
80.5325,100,100
80.5321,100,100
80.5317,100,100
80.5312,100,100
80.5308,100,100
80.5304,100,100
80.53,100,100
80.5296,100,100
80.5292,100,100
80.5287,100,100
80.5283,100,100
80.5279,100,100
80.5275,100,100
80.5271,100,100
80.5267,100,100
80.5262,100,100
80.5258,100,100
80.5254,100,100
80.525,100,100
80.5246,100,100
80.5242,100,100
80.5238,100,100
80.5233,100,100
80.5229,100,100
80.5225,100,100
80.5221,100,100
80.5217,100,100
80.5213,100,100
80.5208,100,100
80.5204,100,100
80.52,100,100
80.5196,100,100
80.5192,100,100
80.5188,100,100
80.5184,100,100
80.518,100,100
80.5176,100,100
80.5172,100,100
80.5169,100,100
80.5165,100,100
80.5161,100,100
80.5157,100,100
80.5153,100,100
80.5149,100,100
80.5146,100,100
80.5142,100,100
80.5138,100,100
80.5134,100,100
80.513,100,100
80.5127,100,100
80.5123,100,100
80.5119,100,100
80.5115,100,100
80.5111,100,100
80.5108,100,100
80.5104,100,100
80.51,100,100
80.5096,100,100
80.5092,100,100
80.5088,100,100
80.5085,100,100
80.5081,100,100
80.5077,100,100
80.5073,100,100
80.5069,100,100
80.5066,100,100
80.5062,100,100
80.5058,100,100
80.5054,100,100
80.505,100,100
80.5047,100,100
80.5043,100,100
80.5039,100,100
80.5035,100,100
80.5031,100,100
80.5027,100,100
80.5024,100,100
80.502,100,100
80.5016,100,100
80.5012,100,100
80.5008,100,100
80.5005,100,100
80.5001,100,100
80.4997,100,100
80.4993,100,100
80.4989,100,100
80.4986,100,100
80.4982,100,100
80.4978,100,100
80.4974,100,100
80.497,100,100
80.4966,100,100
80.4963,100,100
80.4959,100,100
80.4955,100,100
80.4951,100,100
80.4947,100,100
80.4944,100,100
80.494,100,100
80.4936,100,100
80.4932,100,100
80.4928,100,100
80.4925,100,100
80.4921,100,100
80.4917,100,100
80.4913,100,100
80.4909,100,100
80.4905,100,100
80.4902,100,100
80.4898,100,100
80.4894,100,100
80.489,100,100
80.4886,100,100
80.4883,100,100
80.4879,100,100
80.4875,100,100
80.4871,100,100
80.4867,100,100
80.4863,100,100
80.486,100,100
80.4856,100,100
80.4852,100,100
80.4848,100,100
80.4844,100,100
80.4841,100,100
80.4837,100,100
80.4833,100,100
80.4829,100,100
80.4825,100,100
80.4822,100,100
80.4818,100,100
80.4814,100,100
80.481,100,100
80.4806,100,100
80.4803,100,100
80.4799,100,100
80.4796,100,100
80.4792,100,100
80.4789,100,100
80.4785,100,100
80.4782,100,100
80.4778,100,100
80.4774,100,100
80.4771,100,100
80.4767,100,100
80.4764,100,100
80.476,100,100
80.4757,100,100
80.4753,100,100
80.475,100,100
80.4746,100,100
80.4743,100,100
80.4739,100,100
80.4736,100,100
80.4732,100,100
80.4729,100,100
80.4725,100,100
80.4722,100,100
80.4718,100,100
80.4714,100,100
80.4711,100,100
80.4707,100,100
80.4704,100,100
80.47,100,100
80.4697,100,100
80.4693,100,100
80.469,100,100
80.4686,100,100
80.4683,100,100
80.4679,100,100
80.4676,100,100
80.4672,100,100
80.4669,100,100
80.4665,100,100
80.4661,100,100
80.4658,100,100
80.4654,100,100
80.4651,100,100
80.4647,100,100
80.4644,100,100
80.464,100,100
80.4637,100,100
80.4633,100,100
80.463,100,100
80.4626,100,100
80.4623,100,100
80.4619,100,100
80.4616,100,100
80.4612,100,100
80.4609,100,100
80.4605,100,100
80.4601,100,100
80.4598,100,100
80.4594,100,100
80.4591,100,100
80.4587,100,100
80.4584,100,100
80.458,100,100
80.4577,100,100
80.4573,100,100
80.457,100,100
80.4566,100,100
80.4563,100,100
80.4559,100,100
80.4556,100,100
80.4552,100,100
80.4548,100,100
80.4545,100,100
80.4541,100,100
80.4538,100,100
80.4534,100,100
80.4531,100,100
80.4527,100,100
80.4524,100,100
80.452,100,100
80.4517,100,100
80.4513,100,100
80.451,100,100
80.4506,100,100
80.4503,100,100
80.4499,100,100
80.4496,100,100
80.4492,100,100
80.4488,100,100
80.4485,100,100
80.4481,100,100
80.4478,100,100
80.4474,100,100
80.4471,100,100
80.4467,100,100
80.4464,100,100
80.446,100,100
80.4457,100,100
80.4453,100,100
80.445,100,100
80.4446,100,100
80.4443,100,100
80.444,100,100
80.4436,100,100
80.4433,100,100
80.443,100,100
80.4426,100,100
80.4423,100,100
80.442,100,100
80.4416,100,100
80.4413,100,100
80.441,100,100
80.4406,100,100
80.4403,100,100
80.44,100,100
80.4396,100,100
80.4393,100,100
80.4389,100,100
80.4386,100,100
80.4383,100,100
80.4379,100,100
80.4376,100,100
80.4373,100,100
80.4369,100,100
80.4366,100,100
80.4363,100,100
80.4359,100,100
80.4356,100,100
80.4353,100,100
80.4349,100,100
80.4346,100,100
80.4343,100,100
80.4339,100,100
80.4336,100,100
80.4333,100,100
80.4329,100,100
80.4326,100,100
80.4322,100,100
80.4319,100,100
80.4316,100,100
80.4312,100,100
80.4309,100,100
80.4306,100,100
80.4302,100,100
80.4299,100,100
80.4296,100,100
80.4292,100,100
80.4289,100,100
80.4286,100,100
80.4282,100,100
80.4279,100,100
80.4276,100,100
80.4272,100,100
80.4269,100,100
80.4266,100,100
80.4262,100,100
80.4259,100,100
80.4255,100,100
80.4252,100,100
80.4249,100,100
80.4245,100,100
80.4242,100,100
80.4239,100,100
80.4235,100,100
80.4232,100,100
80.4229,100,100
80.4225,100,100
80.4222,100,100
80.4219,100,100
80.4215,100,100
80.4212,100,100
80.4209,100,100
80.4205,100,100
80.4202,100,100
80.4199,100,100
80.4195,100,100
80.4192,100,100
80.4188,100,100
80.4185,100,100
80.4182,100,100
80.4178,100,100
80.4175,100,100
80.4172,100,100
80.4168,100,100
80.4165,100,100
80.4162,100,100
80.4158,100,100
80.4155,100,100
80.4152,100,100
80.4148,100,100
80.4145,100,100
80.4142,100,100
80.4138,100,100
80.4135,100,100
80.4132,100,100
80.4128,100,100
80.4125,100,100
80.4122,100,100
80.4118,100,100
80.4115,100,100
80.4111,100,100
80.4108,100,100
80.4105,100,100
80.4101,100,100
80.4098,100,100
80.4095,100,100
80.4091,100,100
80.4088,100,100
80.4085,100,100
80.4081,100,100
80.4078,100,100
80.4075,100,100
80.4071,100,100
80.4068,100,100
80.4065,100,100
80.4061,100,100
80.4058,100,100
80.4054,100,100
80.4051,100,100
80.4048,100,100
80.4044,100,100
80.4041,100,100
80.4038,100,100
80.4034,100,100
80.4031,100,100
80.4028,100,100
80.4024,100,100
80.4021,100,100
80.4018,100,100
80.4014,100,100
80.4011,100,100
80.4008,100,100
80.4004,100,100
80.4001,100,100
80.3997,100,100
80.3994,100,100
80.3991,100,100
80.3987,100,100
80.3984,100,100
80.3981,100,100
80.3977,100,100
80.3974,100,100
80.3971,100,100
80.3967,100,100
80.3964,100,100
80.3961,100,100
80.3957,100,100
80.3954,100,100
80.3951,100,100
80.3947,100,100
80.3944,100,100
80.3941,100,100
80.3937,100,100
80.3934,100,100
80.393,100,100
80.3927,100,100
80.3924,100,100
80.392,100,100
80.3917,100,100
80.3914,100,100
80.391,100,100
80.3907,100,100
80.3904,100,100
80.39,100,100
80.3897,100,100
80.3894,100,100
80.389,100,100
80.3887,100,100
80.3884,100,100
80.388,100,100
80.3877,100,100
80.3873,100,100
80.387,100,100
80.3867,100,100
80.3863,100,100
80.386,100,100
80.3857,100,100
80.3853,100,100
80.385,100,100
80.3847,100,100
80.3843,100,100
80.384,100,100
80.3837,100,100
80.3833,100,100
80.383,100,100
80.3827,100,100
80.3823,100,100
80.382,100,100
80.3816,100,100
80.3813,100,100
80.381,100,100
80.3806,100,100
80.3803,100,100
80.38,100,100
80.3796,100,100
80.3793,100,100
80.379,100,100
80.3786,100,100
80.3783,100,100
80.378,100,100
80.3776,100,100
80.3773,100,100
80.3769,100,100
80.3766,100,100
80.3762,100,100
80.3759,100,100
80.3755,100,100
80.3752,100,100
80.3748,100,100
80.3745,100,100
80.3741,100,100
80.3738,100,100
80.3734,100,100
80.3731,100,100
80.3727,100,100
80.3724,100,100
80.372,100,100
80.3717,100,100
80.3713,100,100
80.371,100,100
80.3706,100,100
80.3703,100,100
80.3699,100,100
80.3696,100,100
80.3692,100,100
80.3689,100,100
80.3685,100,100
80.3682,100,100
80.3678,100,100
80.3675,100,100
80.3671,100,100
80.3668,100,100
80.3664,100,100
80.3661,100,100
80.3657,100,100
80.3654,100,100
80.365,100,100
80.3647,100,100
80.3643,100,100
80.364,100,100
80.3636,100,100
80.3633,100,100
80.3629,100,100
80.3626,100,100
80.3622,100,100
80.3619,100,100
80.3615,100,100
80.3612,100,100
80.3608,100,100
80.3605,100,100
80.3601,100,100
80.3598,100,100
80.3594,100,100
80.3591,100,100
80.3587,100,100
80.3584,100,100
80.358,100,100
80.3577,100,100
80.3573,100,100
80.357,100,100
80.3567,100,100
80.3563,100,100
80.356,100,100
80.3556,100,100
80.3553,100,100
80.3549,100,100
80.3546,100,100
80.3542,100,100
80.3539,100,100
80.3535,100,100
80.3532,100,100
80.3528,100,100
80.3525,100,100
80.3521,100,100
80.3518,100,100
80.3514,100,100
80.3511,100,100
80.3507,100,100
80.3504,100,100
80.35,100,100
80.3497,100,100
80.3493,100,100
80.349,100,100
80.3486,100,100
80.3483,100,100
80.3479,100,100
80.3476,100,100
80.3472,100,100
80.3469,100,100
80.3465,100,100
80.3462,100,100
80.3458,100,100
80.3455,100,100
80.3451,100,100
80.3448,100,100
80.3444,100,100
80.3441,100,100
80.3437,100,100
80.3434,100,100
80.343,100,100
80.3427,100,100
80.3423,100,100
80.342,100,100
80.3416,100,100
80.3412,100,100
80.3409,100,100
80.3405,100,100
80.3402,100,100
80.3398,100,100
80.3394,100,100
80.3391,100,100
80.3387,100,100
80.3384,100,100
80.338,100,100
80.3377,100,100
80.3373,100,100
80.3369,100,100
80.3366,100,100
80.3362,100,100
80.3359,100,100
80.3355,100,100
80.3352,100,100
80.3348,100,100
80.3344,100,100
80.3341,100,100
80.3337,100,100
80.3334,100,100
80.333,100,100
80.3326,100,100
80.3323,100,100
80.3319,100,100
80.3316,100,100
80.3312,100,100
80.3309,100,100
80.3305,100,100
80.3301,100,100
80.3298,100,100
80.3294,100,100
80.3291,100,100
80.3287,100,100
80.3284,100,100
80.328,100,100
80.3276,100,100
80.3273,100,100
80.3269,100,100
80.3266,100,100
80.3262,100,100
80.3258,100,100
80.3255,100,100
80.3251,100,100
80.3248,100,100
80.3244,100,100
80.3241,100,100
80.3237,100,100
80.3233,100,100
80.323,100,100
80.3226,100,100
80.3223,100,100
80.3219,100,100
80.3216,100,100
80.3212,100,100
80.3208,100,100
80.3205,100,100
80.3201,100,100
80.3198,100,100
80.3194,100,100
80.3191,100,100
80.3187,100,100
80.3183,100,100
80.318,100,100
80.3176,100,100
80.3173,100,100
80.3169,100,100
80.3165,100,100
80.3162,100,100
80.3158,100,100
80.3155,100,100
80.3151,100,100
80.3148,100,100
80.3144,100,100
80.314,100,100
80.3137,100,100
80.3133,100,100
80.313,100,100
80.3126,100,100
80.3123,100,100
80.3119,100,100
80.3115,100,100
80.3112,100,100
80.3108,100,100
80.3105,100,100
80.3101,100,100
80.3097,100,100
80.3094,100,100
80.309,100,100
80.3087,100,100
80.3083,100,100
80.308,100,100
80.3076,100,100
80.3072,100,100
80.3069,100,100
80.3065,100,100
80.3061,100,100
80.3058,100,100
80.3054,100,100
80.305,100,100
80.3047,100,100
80.3043,100,100
80.3039,100,100
80.3036,100,100
80.3032,100,100
80.3028,100,100
80.3025,100,100
80.3021,100,100
80.3017,100,100
80.3014,100,100
80.301,100,100
80.3006,100,100
80.3003,100,100
80.2999,100,100
80.2995,100,100
80.2992,100,100
80.2988,100,100
80.2984,100,100
80.2981,100,100
80.2977,100,100
80.2973,100,100
80.297,100,100
80.2966,100,100
80.2962,100,100
80.2959,100,100
80.2955,100,100
80.2951,100,100
80.2948,100,100
80.2944,100,100
80.294,100,100
80.2937,100,100
80.2933,100,100
80.2929,100,100
80.2926,100,100
80.2922,100,100
80.2918,100,100
80.2915,100,100
80.2911,100,100
80.2907,100,100
80.2904,100,100
80.29,100,100
80.2896,100,100
80.2893,100,100
80.2889,100,100
80.2886,100,100
80.2882,100,100
80.2878,100,100
80.2875,100,100
80.2871,100,100
80.2867,100,100
80.2864,100,100
80.286,100,100
80.2856,100,100
80.2853,100,100
80.2849,100,100
80.2845,100,100
80.2842,100,100
80.2838,100,100
80.2834,100,100
80.2831,100,100
80.2827,100,100
80.2823,100,100
80.282,100,100
80.2816,100,100
80.2812,100,100
80.2809,100,100
80.2805,100,100
80.2801,100,100
80.2798,100,100
80.2794,100,100
80.279,100,100
80.2787,100,100
80.2783,100,100
80.2779,100,100
80.2776,100,100
80.2772,100,100
80.2768,100,100
80.2765,100,100
80.2761,100,100
80.2757,100,100
80.2754,100,100
80.275,100,100
80.2746,100,100
80.2743,100,100
80.2739,100,100
80.2735,100,100
80.2732,100,100
80.2728,100,100
80.2724,100,100
80.2721,100,100
80.2717,100,100
80.2713,100,100
80.271,100,100
80.2706,100,100
80.2702,100,100
80.2699,100,100
80.2695,100,100
80.2691,100,100
80.2688,100,100
80.2684,100,100
80.268,100,100
80.2677,100,100
80.2673,100,100
80.2669,100,100
80.2665,100,100
80.2662,100,100
80.2658,100,100
80.2654,100,100
80.2651,100,100
80.2647,100,100
80.2643,100,100
80.264,100,100
80.2636,100,100
80.2632,100,100
80.2629,100,100
80.2625,100,100
80.2621,100,100
80.2618,100,100
80.2614,100,100
80.261,100,100
80.2607,100,100
80.2603,100,100
80.2599,100,100
80.2596,100,100
80.2592,100,100
80.2588,100,100
80.2584,100,100
80.2581,100,100
80.2577,100,100
80.2573,100,100
80.257,100,100
80.2566,100,100
80.2562,100,100
80.2559,100,100
80.2555,100,100
80.2551,100,100
80.2548,100,100
80.2544,100,100
80.254,100,100
80.2537,100,100
80.2533,100,100
80.2529,100,100
80.2526,100,100
80.2522,100,100
80.2518,100,100
80.2515,100,100
80.2511,100,100
80.2507,100,100
80.2504,100,100
80.25,100,100
80.2496,100,100
80.2492,100,100
80.2489,100,100
80.2485,100,100
80.2481,100,100
80.2478,100,100
80.2474,100,100
80.247,100,100
80.2467,100,100
80.2463,100,100
80.2459,100,100
80.2456,100,100
80.2452,100,100
80.2448,100,100
80.2445,100,100
80.2441,100,100
80.2437,100,100
80.2434,100,100
80.243,100,100
80.2426,100,100
80.2423,100,100
80.2419,100,100
80.2415,100,100
80.2411,100,100
80.2408,100,100
80.2404,100,100
80.24,100,100
80.2397,100,100
80.2393,100,100
80.2389,100,100
80.2386,100,100
80.2382,100,100
80.2378,100,100
80.2375,100,100
80.2371,100,100
80.2367,100,100
80.2364,100,100
80.236,100,100
80.2356,100,100
80.2353,100,100
80.2349,100,100
80.2345,100,100
80.2342,100,100
80.2338,100,100
80.2334,100,100
80.2331,100,100
80.2327,100,100
80.2323,100,100
80.2319,100,100
80.2316,100,100
80.2312,100,100
80.2308,100,100
80.2305,100,100
80.2301,100,100
80.2297,100,100
80.2294,100,100
80.229,100,100
80.2286,100,100
80.2283,100,100
80.2279,100,100
80.2275,100,100
80.2272,100,100
80.2268,100,100
80.2264,100,100
80.2261,100,100
80.2257,100,100
80.2253,100,100
80.225,100,100
80.2246,100,100
80.2242,100,100
80.2239,100,100
80.2235,100,100
80.2231,100,100
80.2227,100,100
80.2224,100,100
80.222,100,100
80.2216,100,100
80.2213,100,100
80.2209,100,100
80.2205,100,100
80.2202,100,100
80.2198,100,100
80.2194,100,100
80.2191,100,100
80.2187,100,100
80.2183,100,100
80.218,100,100
80.2176,100,100
80.2172,100,100
80.2169,100,100
80.2165,100,100
80.2161,100,100
80.2158,100,100
80.2154,100,100
80.215,100,100
80.2147,100,100
80.2143,100,100
80.2139,100,100
80.2135,100,100
80.2132,100,100
80.2128,100,100
80.2124,100,100
80.2121,100,100
80.2117,100,100
80.2113,100,100
80.211,100,100
80.2106,100,100
80.2102,100,100
80.2099,100,100
80.2095,100,100
80.2091,100,100
80.2088,100,100
80.2084,100,100
80.208,100,100
80.2077,100,100
80.2073,100,100
80.2069,100,100
80.2066,100,100
80.2062,100,100
80.2058,100,100
80.2055,100,100
80.2051,100,100
80.2047,100,100
80.2043,100,100
80.204,100,100
80.2036,100,100
80.2032,100,100
80.2029,100,100
80.2025,100,100
80.2021,100,100
80.2018,100,100
80.2014,100,100
80.201,100,100
80.2007,100,100
80.2003,100,100
80.1999,100,100
80.1996,100,100
80.1992,100,100
80.1988,100,100
80.1985,100,100
80.1981,100,100
80.1977,100,100
80.1974,100,100
80.197,100,100
80.1966,100,100
80.1963,100,100
80.1959,100,100
80.1955,100,100
80.1952,100,100
80.1948,100,100
80.1944,100,100
80.1941,100,100
80.1937,100,100
80.1934,100,100
80.193,100,100
80.1926,100,100
80.1923,100,100
80.1919,100,100
80.1915,100,100
80.1912,100,100
80.1908,100,100
80.1904,100,100
80.1901,100,100
80.1897,100,100
80.1894,100,100
80.189,100,100
80.1886,100,100
80.1883,100,100
80.1879,100,100
80.1875,100,100
80.1872,100,100
80.1868,100,100
80.1864,100,100
80.1861,100,100
80.1857,100,100
80.1854,100,100
80.185,100,100
80.1846,100,100
80.1843,100,100
80.1839,100,100
80.1835,100,100
80.1832,100,100
80.1828,100,100
80.1825,100,100
80.1821,100,100
80.1817,100,100
80.1814,100,100
80.181,100,100
80.1806,100,100
80.1803,100,100
80.1799,100,100
80.1795,100,100
80.1792,100,100
80.1788,100,100
80.1785,100,100
80.1781,100,100
80.1777,100,100
80.1774,100,100
80.177,100,100
80.1766,100,100
80.1763,100,100
80.1759,100,100
80.1755,100,100
80.1752,100,100
80.1748,100,100
80.1745,100,100
80.1741,100,100
80.1737,100,100
80.1734,100,100
80.173,100,100
80.1726,100,100
80.1723,100,100
80.1719,100,100
80.1715,100,100
80.1712,100,100
80.1708,100,100
80.1705,100,100
80.1701,100,100
80.1697,100,100
80.1694,100,100
80.169,100,100
80.1686,100,100
80.1683,100,100
80.1679,100,100
80.1675,100,100
80.1672,100,100
80.1668,100,100
80.1665,100,100
80.1661,100,100
80.1657,100,100
80.1654,100,100
80.165,100,100
80.1646,100,100
80.1643,100,100
80.1639,100,100
80.1636,100,100
80.1632,100,100
80.1628,100,100
80.1625,100,100
80.1621,100,100
80.1617,100,100
80.1614,100,100
80.161,100,100
80.1606,100,100
80.1603,100,100
80.1599,100,100
80.1596,100,100
80.1592,100,100
80.1589,100,100
80.1585,100,100
80.1582,100,100
80.1578,100,100
80.1574,100,100
80.1571,100,100
80.1567,100,100
80.1564,100,100
80.156,100,100
80.1557,100,100
80.1553,100,100
80.155,100,100
80.1546,100,100
80.1542,100,100
80.1539,100,100
80.1535,100,100
80.1532,100,100
80.1528,100,100
80.1525,100,100
80.1521,100,100
80.1517,100,100
80.1514,100,100
80.151,100,100
80.1507,100,100
80.1503,100,100
80.15,100,100
80.1496,100,100
80.1493,100,100
80.1489,100,100
80.1485,100,100
80.1482,100,100
80.1478,100,100
80.1475,100,100
80.1471,100,100
80.1468,100,100
80.1464,100,100
80.1461,100,100
80.1457,100,100
80.1453,100,100
80.145,100,100
80.1446,100,100
80.1443,100,100
80.1439,100,100
80.1436,100,100
80.1432,100,100
80.1428,100,100
80.1425,100,100
80.1421,100,100
80.1418,100,100
80.1414,100,100
80.1411,100,100
80.1407,100,100
80.1404,100,100
80.14,100,100
80.1396,100,100
80.1393,100,100
80.1389,100,100
80.1386,100,100
80.1382,100,100
80.1379,100,100
80.1375,100,100
80.1372,100,100
80.1368,100,100
80.1364,100,100
80.1361,100,100
80.1357,100,100
80.1354,100,100
80.135,100,100
80.1347,100,100
80.1343,100,100
80.1339,100,100
80.1336,100,100
80.1332,100,100
80.1329,100,100
80.1325,100,100
80.1322,100,100
80.1318,100,100
80.1315,100,100
80.1311,100,100
80.1307,100,100
80.1304,100,100
80.13,100,100
80.1297,100,100
80.1293,100,100
80.129,100,100
80.1286,100,100
80.1282,100,100
80.1279,100,100
80.1275,100,100
80.1272,100,100
80.1268,100,100
80.1265,100,100
80.1261,100,100
80.1258,100,100
80.1254,100,100
80.1251,100,100
80.1247,100,100
80.1244,100,100
80.124,100,100
80.1237,100,100
80.1233,100,100
80.123,100,100
80.1226,100,100
80.1223,100,100
80.1219,100,100
80.1216,100,100
80.1213,100,100
80.1209,100,100
80.1206,100,100
80.1202,100,100
80.1199,100,100
80.1195,100,100
80.1192,100,100
80.1188,100,100
80.1185,100,100
80.1181,100,100
80.1178,100,100
80.1174,100,100
80.1171,100,100
80.1168,100,100
80.1164,100,100
80.1161,100,100
80.1157,100,100
80.1154,100,100
80.115,100,100
80.1147,100,100
80.1143,100,100
80.114,100,100
80.1136,100,100
80.1133,100,100
80.113,100,100
80.1126,100,100
80.1123,100,100
80.1119,100,100
80.1116,100,100
80.1112,100,100
80.1109,100,100
80.1105,100,100
80.1102,100,100
80.1098,100,100
80.1095,100,100
80.1092,100,100
80.1088,100,100
80.1085,100,100
80.1081,100,100
80.1078,100,100
80.1074,100,100
80.1071,100,100
80.1067,100,100
80.1064,100,100
80.106,100,100
80.1057,100,100
80.1054,100,100
80.105,100,100
80.1047,100,100
80.1043,100,100
80.104,100,100
80.1036,100,100
80.1033,100,100
80.1029,100,100
80.1026,100,100
80.1022,100,100
80.1019,100,100
80.1015,100,100
80.1012,100,100
80.1009,100,100
80.1005,100,100
80.1002,100,100
80.0998,100,100
80.0995,100,100
80.0991,100,100
80.0988,100,100
80.0984,100,100
80.0981,100,100
80.0977,100,100
80.0974,100,100
80.0971,100,100
80.0967,100,100
80.0964,100,100
80.096,100,100
80.0957,100,100
80.0953,100,100
80.095,100,100
80.0946,100,100
80.0943,100,100
80.0939,100,100
80.0936,100,100
80.0933,100,100
80.0929,100,100
80.0926,100,100
80.0922,100,100
80.0919,100,100
80.0915,100,100
80.0912,100,100
80.0908,100,100
80.0905,100,100
80.0902,100,100
80.0898,100,100
80.0895,100,100
80.0892,100,100
80.0888,100,100
80.0885,100,100
80.0881,100,100
80.0878,100,100
80.0875,100,100
80.0871,100,100
80.0868,100,100
80.0865,100,100
80.0861,100,100
80.0858,100,100
80.0855,100,100
80.0851,100,100
80.0848,100,100
80.0844,100,100
80.0841,100,100
80.0838,100,100
80.0834,100,100
80.0831,100,100
80.0828,100,100
80.0824,100,100
80.0821,100,100
80.0818,100,100
80.0814,100,100
80.0811,100,100
80.0808,100,100
80.0804,100,100
80.0801,100,100
80.0797,100,100
80.0794,100,100
80.0791,100,100
80.0787,100,100
80.0784,100,100
80.0781,100,100
80.0777,100,100
80.0774,100,100
80.0771,100,100
80.0767,100,100
80.0764,100,100
80.076,100,100
80.0757,100,100
80.0754,100,100
80.075,100,100
80.0747,100,100
80.0744,100,100
80.074,100,100
80.0737,100,100
80.0734,100,100
80.073,100,100
80.0727,100,100
80.0724,100,100
80.072,100,100
80.0717,100,100
80.0713,100,100
80.071,100,100
80.0707,100,100
80.0703,100,100
80.07,100,100
80.0697,100,100
80.0693,100,100
80.069,100,100
80.0687,100,100
80.0683,100,100
80.068,100,100
80.0677,100,100
80.0673,100,100
80.067,100,100
80.0666,100,100
80.0663,100,100
80.066,100,100
80.0656,100,100
80.0653,100,100
80.065,100,100
80.0646,100,100
80.0643,100,100
80.064,100,100
80.0636,100,100
80.0633,100,100
80.0629,100,100
80.0626,100,100
80.0623,100,100
80.0619,100,100
80.0616,100,100
80.0613,100,100
80.0609,100,100
80.0606,100,100
80.0603,100,100
80.0599,100,100
80.0596,100,100
80.0593,100,100
80.0589,100,100
80.0586,100,100
80.0582,100,100
80.0579,100,100
80.0576,100,100
80.0572,100,100
80.0569,100,100
80.0566,100,100
80.0563,100,100
80.0559,100,100
80.0556,100,100
80.0553,100,100
80.055,100,100
80.0546,100,100
80.0543,100,100
80.054,100,100
80.0537,100,100
80.0533,100,100
80.053,100,100
80.0527,100,100
80.0524,100,100
80.052,100,100
80.0517,100,100
80.0514,100,100
80.0511,100,100
80.0507,100,100
80.0504,100,100
80.0501,100,100
80.0498,100,100
80.0494,100,100
80.0491,100,100
80.0488,100,100
80.0485,100,100
80.0481,100,100
80.0478,100,100
80.0475,100,100
80.0472,100,100
80.0469,100,100
80.0465,100,100
80.0462,100,100
80.0459,100,100
80.0456,100,100
80.0452,100,100
80.0449,100,100
80.0446,100,100
80.0443,100,100
80.0439,100,100
80.0436,100,100
80.0433,100,100
80.043,100,100
80.0426,100,100
80.0423,100,100
80.042,100,100
80.0417,100,100
80.0413,100,100
80.041,100,100
80.0407,100,100
80.0404,100,100
80.04,100,100
80.0397,100,100
80.0394,100,100
80.0391,100,100
80.0387,100,100
80.0384,100,100
80.0381,100,100
80.0378,100,100
80.0374,100,100
80.0371,100,100
80.0368,100,100
80.0365,100,100
80.0361,100,100
80.0358,100,100
80.0355,100,100
80.0352,100,100
80.0348,100,100
80.0345,100,100
80.0342,100,100
80.0339,100,100
80.0335,100,100
80.0332,100,100
80.0329,100,100
80.0326,100,100
80.0322,100,100
80.0319,100,100
80.0316,100,100
80.0313,100,100
80.0309,100,100
80.0306,100,100
80.0303,100,100
80.03,100,100
80.0297,100,100
80.0293,100,100
80.029,100,100
80.0287,100,100
80.0284,100,100
80.028,100,100
80.0277,100,100
80.0274,100,100
80.0271,100,100
80.0267,100,100
80.0264,100,100
80.0261,100,100
80.0258,100,100
80.0254,100,100
80.0251,100,100
80.0248,100,100
80.0245,100,100
80.0242,100,100
80.0238,100,100
80.0235,100,100
80.0232,100,100
80.0229,100,100
80.0226,100,100
80.0223,100,100
80.022,100,100
80.0217,100,100
80.0213,100,100
80.021,100,100
80.0207,100,100
80.0204,100,100
80.0201,100,100
80.0198,100,100
80.0195,100,100
80.0192,100,100
80.0188,100,100
80.0185,100,100
80.0182,100,100
80.0179,100,100
80.0176,100,100
80.0173,100,100
80.017,100,100
80.0167,100,100
80.0163,100,100
80.016,100,100
80.0157,100,100
80.0154,100,100
80.0151,100,100
80.0148,100,100
80.0145,100,100
80.0142,100,100
80.0138,100,100
80.0135,100,100
80.0132,100,100
80.0129,100,100
80.0126,100,100
80.0123,100,100
80.012,100,100
80.0117,100,100
80.0114,100,100
80.011,100,100
80.0107,100,100
80.0104,100,100
80.0101,100,100
80.0098,100,100
80.0095,100,100
80.0092,100,100
80.0089,100,100
80.0085,100,100
80.0082,100,100
80.0079,100,100
80.0076,100,100
80.0073,100,100
80.007,100,100
80.0067,100,100
80.0064,100,100
80.006,100,100
80.0057,100,100
80.0054,100,100
80.0051,100,100
80.0048,100,100
80.0045,100,100
80.0042,100,100
80.0039,100,100
80.0035,100,100
80.0032,100,100
80.0029,100,100
80.0026,100,100
80.0023,100,100
80.002,100,100
80.0017,100,100
80.0014,100,100
80.001,100,100
80.0007,100,100
80.0004,100,100
80.0001,100,100
79.9998,100,100
79.9995,100,100
79.9992,100,100
79.9989,100,100
79.9985,100,100
79.9982,100,100
79.9979,100,100
79.9976,100,100
79.9973,100,100
79.997,100,100
79.9967,100,100
79.9964,100,100
79.996,100,100
79.9957,100,100
79.9954,100,100
79.9951,100,100
79.9948,100,100
79.9945,100,100
79.9942,100,100
79.9939,100,100
79.9935,100,100
79.9932,100,100
79.9929,100,100
79.9926,100,100
79.9923,100,100
79.992,100,100
79.9917,100,100
79.9914,100,100
79.9911,100,100
79.9908,100,100
79.9905,100,100
79.9902,100,100
79.9899,100,100
79.9896,100,100
79.9892,100,100
79.9889,100,100
79.9886,100,100
79.9883,100,100
79.988,100,100
79.9877,100,100
79.9874,100,100
79.9871,100,100
79.9868,100,100
79.9865,100,100
79.9862,100,100
79.9859,100,100
79.9856,100,100
79.9853,100,100
79.9849,100,100
79.9846,100,100
79.9843,100,100
79.984,100,100
79.9837,100,100
79.9834,100,100
79.9831,100,100
79.9828,100,100
79.9825,100,100
79.9822,100,100
79.9819,100,100
79.9816,100,100
79.9813,100,100
79.981,100,100
79.9806,100,100
79.9803,100,100
79.98,100,100
79.9797,100,100
79.9794,100,100
79.9791,100,100
79.9788,100,100
79.9785,100,100
79.9782,100,100
79.9779,100,100
79.9776,100,100
79.9773,100,100
79.977,100,100
79.9767,100,100
79.9763,100,100
79.976,100,100
79.9757,100,100
79.9754,100,100
79.9751,100,100
79.9748,100,100
79.9745,100,100
79.9742,100,100
79.9739,100,100
79.9736,100,100
79.9733,100,100
79.973,100,100
79.9727,100,100
79.9724,100,100
79.972,100,100
79.9717,100,100
79.9714,100,100
79.9711,100,100
79.9708,100,100
79.9705,100,100
79.9702,100,100
79.9699,100,100
79.9696,100,100
79.9693,100,100
79.969,100,100
79.9687,100,100
79.9684,100,100
79.968,100,100
79.9677,100,100
79.9674,100,100
79.9671,100,100
79.9668,100,100
79.9665,100,100
79.9662,100,100
79.9659,100,100
79.9656,100,100
79.9653,100,100
79.965,100,100
79.9647,100,100
79.9644,100,100
79.9641,100,100
79.9637,100,100
79.9634,100,100
79.9631,100,100
79.9628,100,100
79.9625,100,100
79.9622,100,100
79.9619,100,100
79.9616,100,100
79.9613,100,100
79.961,100,100
79.9607,100,100
79.9603,100,100
79.96,100,100
79.9597,100,100
79.9594,100,100
79.9591,100,100
79.9588,100,100
79.9585,100,100
79.9582,100,100
79.9579,100,100
79.9575,100,100
79.9572,100,100
79.9569,100,100
79.9566,100,100
79.9563,100,100
79.956,100,100
79.9557,100,100
79.9554,100,100
79.9551,100,100
79.9548,100,100
79.9544,100,100
79.9541,100,100
79.9538,100,100
79.9535,100,100
79.9532,100,100
79.9529,100,100
79.9526,100,100
79.9523,100,100
79.952,100,100
79.9516,100,100
79.9513,100,100
79.951,100,100
79.9507,100,100
79.9504,100,100
79.9501,100,100
79.9498,100,100
79.9495,100,100
79.9492,100,100
79.9489,100,100
79.9485,100,100
79.9482,100,100
79.9479,100,100
79.9476,100,100
79.9473,100,100
79.947,100,100
79.9467,100,100
79.9464,100,100
79.9461,100,100
79.9457,100,100
79.9454,100,100
79.9451,100,100
79.9448,100,100
79.9445,100,100
79.9442,100,100
79.9439,100,100
79.9436,100,100
79.9433,100,100
79.943,100,100
79.9426,100,100
79.9423,100,100
79.942,100,100
79.9417,100,100
79.9414,100,100
79.9411,100,100
79.9408,100,100
79.9405,100,100
79.9402,100,100
79.9398,100,100
79.9395,100,100
79.9392,100,100
79.9389,100,100
79.9386,100,100
79.9383,100,100
79.938,100,100
79.9377,100,100
79.9374,100,100
79.9371,100,100
79.9367,100,100
79.9364,100,100
79.9361,100,100
79.9358,100,100
79.9355,100,100
79.9352,100,100
79.9349,100,100
79.9346,100,100
79.9343,100,100
79.9339,100,100
79.9336,100,100
79.9333,100,100
79.933,100,100
79.9327,100,100
79.9324,100,100
79.9321,100,100
79.9318,100,100
79.9315,100,100
79.9312,100,100
79.9309,100,100
79.9305,100,100
79.9302,100,100
79.9299,100,100
79.9296,100,100
79.9293,100,100
79.929,100,100
79.9287,100,100
79.9284,100,100
79.9281,100,100
79.9278,100,100
79.9275,100,100
79.9272,100,100
79.9269,100,100
79.9266,100,100
79.9263,100,100
79.9259,100,100
79.9256,100,100
79.9253,100,100
79.925,100,100
79.9247,100,100
79.9244,100,100
79.9241,100,100
79.9238,100,100
79.9235,100,100
79.9232,100,100
79.9229,100,100
79.9226,100,100
79.9223,100,100
79.922,100,100
79.9217,100,100
79.9214,100,100
79.921,100,100
79.9207,100,100
79.9204,100,100
79.9201,100,100
79.9198,100,100
79.9195,100,100
79.9192,100,100
79.9189,100,100
79.9186,100,100
79.9183,100,100
79.918,100,100
79.9177,100,100
79.9174,100,100
79.9171,100,100
79.9168,100,100
79.9164,100,100
79.9161,100,100
79.9158,100,100
79.9155,100,100
79.9152,100,100
79.9149,100,100
79.9146,100,100
79.9143,100,100
79.914,100,100
79.9137,100,100
79.9134,100,100
79.9131,100,100
79.9128,100,100
79.9125,100,100
79.9122,100,100
79.9119,100,100
79.9115,100,100
79.9112,100,100
79.9109,100,100
79.9106,100,100
79.9103,100,100
79.91,100,100
79.9097,100,100
79.9094,100,100
79.9091,100,100
79.9088,100,100
79.9085,100,100
79.9082,100,100
79.9079,100,100
79.9076,100,100
79.9073,100,100
79.9069,100,100
79.9066,100,100
79.9063,100,100
79.906,100,100
79.9057,100,100
79.9054,100,100
79.9051,100,100
79.9048,100,100
79.9045,100,100
79.9042,100,100
79.9039,100,100
79.9036,100,100
79.9033,100,100
79.903,100,100
79.9027,100,100
79.9024,100,100
79.902,100,100
79.9017,100,100
79.9014,100,100
79.9011,100,100
79.9008,100,100
79.9005,100,100
79.9002,100,100
79.8999,100,100
79.8996,100,100
79.8993,100,100
79.899,100,100
79.8987,100,100
79.8984,100,100
79.8981,100,100
79.8978,100,100
79.8975,100,100
79.8972,100,100
79.8969,100,100
79.8966,100,100
79.8963,100,100
79.896,100,100
79.8957,100,100
79.8954,100,100
79.8951,100,100
79.8948,100,100
79.8945,100,100
79.8942,100,100
79.8939,100,100
79.8936,100,100
79.8933,100,100
79.893,100,100
79.8927,100,100
79.8924,100,100
79.8921,100,100
79.8918,100,100
79.8915,100,100
79.8912,100,100
79.8909,100,100
79.8906,100,100
79.8903,100,100
79.89,100,100
79.8897,100,100
79.8894,100,100
79.8891,100,100
79.8888,100,100
79.8885,100,100
79.8882,100,100
79.8879,100,100
79.8876,100,100
79.8873,100,100
79.887,100,100
79.8867,100,100
79.8864,100,100
79.8861,100,100
79.8858,100,100
79.8855,100,100
79.8852,100,100
79.8849,100,100
79.8846,100,100
79.8843,100,100
79.884,100,100
79.8837,100,100
79.8834,100,100
79.8831,100,100
79.8828,100,100
79.8825,100,100
79.8822,100,100
79.8819,100,100
79.8817,100,100
79.8814,100,100
79.8811,100,100
79.8808,100,100
79.8805,100,100
79.8802,100,100
79.8799,100,100
79.8796,100,100
79.8793,100,100
79.879,100,100
79.8787,100,100
79.8784,100,100
79.8781,100,100
79.8778,100,100
79.8775,100,100
79.8772,100,100
79.8769,100,100
79.8766,100,100
79.8763,100,100
79.876,100,100
79.8757,100,100
79.8754,100,100
79.8751,100,100
79.8748,100,100
79.8745,100,100
79.8742,100,100
79.8739,100,100
79.8736,100,100
79.8733,100,100
79.873,100,100
79.8727,100,100
79.8724,100,100
79.8721,100,100
79.8718,100,100
79.8715,100,100
79.8712,100,100
79.8709,100,100
79.8706,100,100
79.8703,100,100
79.87,100,100
79.8697,100,100
79.8694,100,100
79.8691,100,100
79.8688,100,100
79.8685,100,100
79.8682,100,100
79.8679,100,100
79.8676,100,100
79.8673,100,100
79.867,100,100
79.8667,100,100
79.8664,100,100
79.8661,100,100
79.8658,100,100
79.8655,100,100
79.8652,100,100
79.8649,100,100
79.8646,100,100
79.8644,100,100
79.8641,100,100
79.8638,100,100
79.8635,100,100
79.8632,100,100
79.8629,100,100
79.8626,100,100
79.8623,100,100
79.862,100,100
79.8617,100,100
79.8614,100,100
79.8611,100,100
79.8608,100,100
79.8605,100,100
79.8602,100,100
79.8599,100,100
79.8596,100,100
79.8593,100,100
79.859,100,100
79.8587,100,100
79.8584,100,100
79.8581,100,100
79.8578,100,100
79.8575,100,100
79.8572,100,100
79.857,100,100
79.8567,100,100
79.8564,100,100
79.8561,100,100
79.8558,100,100
79.8555,100,100
79.8552,100,100
79.8549,100,100
79.8546,100,100
79.8543,100,100
79.854,100,100
79.8537,100,100
79.8534,100,100
79.8531,100,100
79.8528,100,100
79.8525,100,100
79.8522,100,100
79.8519,100,100
79.8516,100,100
79.8513,100,100
79.851,100,100
79.8507,100,100
79.8504,100,100
79.8501,100,100
79.8498,100,100
79.8495,100,100
79.8493,100,100
79.849,100,100
79.8487,100,100
79.8484,100,100
79.8481,100,100
79.8478,100,100
79.8475,100,100
79.8472,100,100
79.8469,100,100
79.8466,100,100
79.8463,100,100
79.846,100,100
79.8457,100,100
79.8454,100,100
79.8451,100,100
79.8448,100,100
79.8445,100,100
79.8442,100,100
79.8439,100,100
79.8436,100,100
79.8433,100,100
79.843,100,100
79.8427,100,100
79.8424,100,100
79.8421,100,100
79.8418,100,100
79.8416,100,100
79.8413,100,100
79.841,100,100
79.8407,100,100
79.8404,100,100
79.8401,100,100
79.8398,100,100
79.8395,100,100
79.8392,100,100
79.8389,100,100
79.8386,100,100
79.8383,100,100
79.838,100,100
79.8378,100,100
79.8375,100,100
79.8372,100,100
79.8369,100,100
79.8366,100,100
79.8363,100,100
79.836,100,100
79.8357,100,100
79.8354,100,100
79.8351,100,100
79.8348,100,100
79.8345,100,100
79.8343,100,100
79.834,100,100
79.8337,100,100
79.8334,100,100
79.8331,100,100
79.8328,100,100
79.8325,100,100
79.8322,100,100
79.8319,100,100
79.8316,100,100
79.8313,100,100
79.831,100,100
79.8307,100,100
79.8305,100,100
79.8302,100,100
79.8299,100,100
79.8296,100,100
79.8293,100,100
79.829,100,100
79.8287,100,100
79.8284,100,100
79.8281,100,100
79.8278,100,100
79.8275,100,100
79.8272,100,100
79.827,100,100
79.8267,100,100
79.8264,100,100
79.8261,100,100
79.8258,100,100
79.8255,100,100
79.8252,100,100
79.8249,100,100
79.8246,100,100
79.8243,100,100
79.824,100,100
79.8237,100,100
79.8234,100,100
79.8232,100,100
79.8229,100,100
79.8226,100,100
79.8223,100,100
79.822,100,100
79.8217,100,100
79.8214,100,100
79.8211,100,100
79.8208,100,100
79.8205,100,100
79.8202,100,100
79.8199,100,100
79.8197,100,100
79.8194,100,100
79.8191,100,100
79.8188,100,100
79.8185,100,100
79.8182,100,100
79.8179,100,100
79.8176,100,100
79.8173,100,100
79.817,100,100
79.8167,100,100
79.8164,100,100
79.8161,100,100
79.8159,100,100
79.8156,100,100
79.8153,100,100
79.815,100,100
79.8147,100,100
79.8144,100,100
79.8141,100,100
79.8138,100,100
79.8135,100,100
79.8132,100,100
79.8129,100,100
79.8126,100,100
79.8124,100,100
79.8121,100,100
79.8118,100,100
79.8115,100,100
79.8112,100,100
79.8109,100,100
79.8106,100,100
79.8103,100,100
79.81,100,100
79.8097,100,100
79.8094,100,100
79.8091,100,100
79.8089,100,100
79.8086,100,100
79.8083,100,100
79.808,100,100
79.8077,100,100
79.8074,100,100
79.8071,100,100
79.8068,100,100
79.8065,100,100
79.8062,100,100
79.8059,100,100
79.8056,100,100
79.8053,100,100
79.8051,100,100
79.8048,100,100
79.8045,100,100
79.8042,100,100
79.8039,100,100
79.8036,100,100
79.8033,100,100
79.803,100,100
79.8027,100,100
79.8024,100,100
79.8021,100,100
79.8018,100,100
79.8016,100,100
79.8013,100,100
79.801,100,100
79.8007,100,100
79.8004,100,100
79.8001,100,100
79.7998,100,100
79.7995,100,100
79.7992,100,100
79.7989,100,100
79.7986,100,100
79.7983,100,100
79.7981,100,100
79.7978,100,100
79.7975,100,100
79.7972,100,100
79.7969,100,100
79.7966,100,100
79.7963,100,100
79.796,100,100
79.7957,100,100
79.7954,100,100
79.7951,100,100
79.7948,100,100
79.7946,100,100
79.7943,100,100
79.794,100,100
79.7937,100,100
79.7934,100,100
79.7931,100,100
79.7928,100,100
79.7925,100,100
79.7922,100,100
79.7919,100,100
79.7916,100,100
79.7913,100,100
79.7911,100,100
79.7908,100,100
79.7905,100,100
79.7902,100,100
79.7899,100,100
79.7896,100,100
79.7893,100,100
79.789,100,100
79.7887,100,100
79.7884,100,100
79.7881,100,100
79.7878,100,100
79.7876,100,100
79.7873,100,100
79.787,100,100
79.7867,100,100
79.7864,100,100
79.7861,100,100
79.7858,100,100
79.7855,100,100
79.7852,100,100
79.7849,100,100
79.7846,100,100
79.7843,100,100
79.7841,100,100
79.7838,100,100
79.7835,100,100
79.7832,100,100
79.7829,100,100
79.7826,100,100
79.7823,100,100
79.782,100,100
79.7817,100,100
79.7814,100,100
79.7811,100,100
79.7809,100,100
79.7806,100,100
79.7803,100,100
79.78,100,100
79.7797,100,100
79.7794,100,100
79.7791,100,100
79.7788,100,100
79.7785,100,100
79.7782,100,100
79.7779,100,100
79.7777,100,100
79.7774,100,100
79.7771,100,100
79.7768,100,100
79.7765,100,100
79.7762,100,100
79.7759,100,100
79.7756,100,100
79.7753,100,100
79.775,100,100
79.7747,100,100
79.7745,100,100
79.7742,100,100
79.7739,100,100
79.7736,100,100
79.7733,100,100
79.773,100,100
79.7727,100,100
79.7724,100,100
79.7721,100,100
79.7718,100,100
79.7716,100,100
79.7713,100,100
79.771,100,100
79.7707,100,100
79.7704,100,100
79.7701,100,100
79.7698,100,100
79.7695,100,100
79.7692,100,100
79.7689,100,100
79.7686,100,100
79.7684,100,100
79.7681,100,100
79.7678,100,100
79.7675,100,100
79.7672,100,100
79.7669,100,100
79.7666,100,100
79.7663,100,100
79.766,100,100
79.7657,100,100
79.7654,100,100
79.7652,100,100
79.7649,100,100
79.7646,100,100
79.7643,100,100
79.764,100,100
79.7637,100,100
79.7634,100,100
79.7631,100,100
79.7628,100,100
79.7625,100,100
79.7623,100,100
79.762,100,100
79.7617,100,100
79.7614,100,100
79.7611,100,100
79.7608,100,100
79.7605,100,100
79.7602,100,100
79.7599,100,100
79.7596,100,100
79.7593,100,100
79.7591,100,100
79.7588,100,100
79.7585,100,100
79.7582,100,100
79.7579,100,100
79.7576,100,100
79.7573,100,100
79.757,100,100
79.7567,100,100
79.7564,100,100
79.7561,100,100
79.7559,100,100
79.7556,100,100
79.7553,100,100
79.755,100,100
79.7547,100,100
79.7544,100,100
79.7541,100,100
79.7538,100,100
79.7536,100,100
79.7533,100,100
79.753,100,100
79.7527,100,100
79.7524,100,100
79.7522,100,100
79.7519,100,100
79.7516,100,100
79.7513,100,100
79.751,100,100
79.7508,100,100
79.7505,100,100
79.7502,100,100
79.7499,100,100
79.7497,100,100
79.7494,100,100
79.7491,100,100
79.7488,100,100
79.7485,100,100
79.7483,100,100
79.748,100,100
79.7477,100,100
79.7474,100,100
79.7471,100,100
79.7469,100,100
79.7466,100,100
79.7463,100,100
79.746,100,100
79.7457,100,100
79.7455,100,100
79.7452,100,100
79.7449,100,100
79.7446,100,100
79.7444,100,100
79.7441,100,100
79.7438,100,100
79.7435,100,100
79.7432,100,100
79.743,100,100
79.7427,100,100
79.7424,100,100
79.7421,100,100
79.7418,100,100
79.7416,100,100
79.7413,100,100
79.741,100,100
79.7407,100,100
79.7405,100,100
79.7402,100,100
79.7399,100,100
79.7396,100,100
79.7393,100,100
79.7391,100,100
79.7388,100,100
79.7385,100,100
79.7382,100,100
79.7379,100,100
79.7377,100,100
79.7374,100,100
79.7371,100,100
79.7368,100,100
79.7366,100,100
79.7363,100,100
79.736,100,100
79.7357,100,100
79.7354,100,100
79.7352,100,100
79.7349,100,100
79.7346,100,100
79.7343,100,100
79.734,100,100
79.7338,100,100
79.7335,100,100
79.7332,100,100
79.7329,100,100
79.7327,100,100
79.7324,100,100
79.7321,100,100
79.7318,100,100
79.7315,100,100
79.7313,100,100
79.731,100,100
79.7307,100,100
79.7304,100,100
79.7301,100,100
79.7299,100,100
79.7296,100,100
79.7293,100,100
79.729,100,100
79.7287,100,100
79.7285,100,100
79.7282,100,100
79.7279,100,100
79.7276,100,100
79.7274,100,100
79.7271,100,100
79.7268,100,100
79.7265,100,100
79.7262,100,100
79.726,100,100
79.7257,100,100
79.7254,100,100
79.7252,100,100
79.7249,100,100
79.7246,100,100
79.7244,100,100
79.7241,100,100
79.7238,100,100
79.7236,100,100
79.7233,100,100
79.723,100,100
79.7228,100,100
79.7225,100,100
79.7222,100,100
79.722,100,100
79.7217,100,100
79.7214,100,100
79.7212,100,100
79.7209,100,100
79.7206,100,100
79.7204,100,100
79.7201,100,100
79.7198,100,100
79.7195,100,100
79.7193,100,100
79.719,100,100
79.7187,100,100
79.7185,100,100
79.7182,100,100
79.7179,100,100
79.7177,100,100
79.7174,100,100
79.7171,100,100
79.7169,100,100
79.7166,100,100
79.7163,100,100
79.7161,100,100
79.7158,100,100
79.7155,100,100
79.7153,100,100
79.715,100,100
79.7147,100,100
79.7145,100,100
79.7142,100,100
79.7139,100,100
79.7137,100,100
79.7134,100,100
79.7131,100,100
79.7129,100,100
79.7126,100,100
79.7123,100,100
79.7121,100,100
79.7118,100,100
79.7115,100,100
79.7113,100,100
79.711,100,100
79.7107,100,100
79.7104,100,100
79.7102,100,100
79.7099,100,100
79.7096,100,100
79.7094,100,100
79.7091,100,100
79.7088,100,100
79.7086,100,100
79.7083,100,100
79.708,100,100
79.7078,100,100
79.7075,100,100
79.7072,100,100
79.707,100,100
79.7067,100,100
79.7064,100,100
79.7062,100,100
79.7059,100,100
79.7056,100,100
79.7054,100,100
79.7051,100,100
79.7048,100,100
79.7046,100,100
79.7043,100,100
79.704,100,100
79.7038,100,100
79.7035,100,100
79.7032,100,100
79.703,100,100
79.7027,100,100
79.7024,100,100
79.7022,100,100
79.7019,100,100
79.7016,100,100
79.7013,100,100
79.7011,100,100
79.7008,100,100
79.7005,100,100
79.7003,100,100
79.7,100,100
79.6997,100,100
79.6995,100,100
79.6992,100,100
79.699,100,100
79.6987,100,100
79.6984,100,100
79.6982,100,100
79.6979,100,100
79.6977,100,100
79.6974,100,100
79.6971,100,100
79.6969,100,100
79.6966,100,100
79.6964,100,100
79.6961,100,100
79.6958,100,100
79.6956,100,100
79.6953,100,100
79.6951,100,100
79.6948,100,100
79.6946,100,100
79.6943,100,100
79.694,100,100
79.6938,100,100
79.6935,100,100
79.6933,100,100
79.693,100,100
79.6927,100,100
79.6925,100,100
79.6922,100,100
79.692,100,100
79.6917,100,100
79.6914,100,100
79.6912,100,100
79.6909,100,100
79.6907,100,100
79.6904,100,100
79.6901,100,100
79.6899,100,100
79.6896,100,100
79.6894,100,100
79.6891,100,100
79.6889,100,100
79.6886,100,100
79.6883,100,100
79.6881,100,100
79.6878,100,100
79.6876,100,100
79.6873,100,100
79.687,100,100
79.6868,100,100
79.6865,100,100
79.6863,100,100
79.686,100,100
79.6857,100,100
79.6855,100,100
79.6852,100,100
79.685,100,100
79.6847,100,100
79.6845,100,100
79.6842,100,100
79.6839,100,100
79.6837,100,100
79.6834,100,100
79.6832,100,100
79.6829,100,100
79.6826,100,100
79.6824,100,100
79.6821,100,100
79.6819,100,100
79.6816,100,100
79.6813,100,100
79.6811,100,100
79.6808,100,100
79.6806,100,100
79.6803,100,100
79.68,100,100
79.6798,100,100
79.6795,100,100
79.6793,100,100
79.679,100,100
79.6788,100,100
79.6785,100,100
79.6782,100,100
79.678,100,100
79.6777,100,100
79.6775,100,100
79.6772,100,100
79.6769,100,100
79.6767,100,100
79.6764,100,100
79.6762,100,100
79.6759,100,100
79.6756,100,100
79.6754,100,100
79.6751,100,100
79.6749,100,100
79.6746,100,100
79.6743,100,100
79.6741,100,100
79.6738,100,100
79.6736,100,100
79.6733,100,100
79.6731,100,100
79.6728,100,100
79.6726,100,100
79.6723,100,100
79.6721,100,100
79.6718,100,100
79.6716,100,100
79.6713,100,100
79.6711,100,100
79.6708,100,100
79.6705,100,100
79.6703,100,100
79.67,100,100
79.6698,100,100
79.6695,100,100
79.6693,100,100
79.669,100,100
79.6688,100,100
79.6685,100,100
79.6683,100,100
79.668,100,100
79.6678,100,100
79.6675,100,100
79.6673,100,100
79.667,100,100
79.6668,100,100
79.6665,100,100
79.6663,100,100
79.666,100,100
79.6658,100,100
79.6655,100,100
79.6653,100,100
79.665,100,100
79.6648,100,100
79.6645,100,100
79.6642,100,100
79.664,100,100
79.6637,100,100
79.6635,100,100
79.6632,100,100
79.663,100,100
79.6627,100,100
79.6625,100,100
79.6622,100,100
79.662,100,100
79.6617,100,100
79.6615,100,100
79.6612,100,100
79.661,100,100
79.6607,100,100
79.6605,100,100
79.6602,100,100
79.66,100,100
79.6597,100,100
79.6595,100,100
79.6592,100,100
79.659,100,100
79.6587,100,100
79.6585,100,100
79.6582,100,100
79.6579,100,100
79.6577,100,100
79.6574,100,100
79.6572,100,100
79.6569,100,100
79.6567,100,100
79.6564,100,100
79.6562,100,100
79.6559,100,100
79.6557,100,100
79.6554,100,100
79.6552,100,100
79.6549,100,100
79.6547,100,100
79.6544,100,100
79.6542,100,100
79.6539,100,100
79.6537,100,100
79.6534,100,100
79.6532,100,100
79.6529,100,100
79.6527,100,100
79.6524,100,100
79.6522,100,100
79.6519,100,100
79.6516,100,100
79.6514,100,100
79.6511,100,100
79.6509,100,100
79.6506,100,100
79.6504,100,100
79.6501,100,100
79.6499,100,100
79.6496,100,100
79.6494,100,100
79.6491,100,100
79.6489,100,100
79.6486,100,100
79.6484,100,100
79.6481,100,100
79.6479,100,100
79.6476,100,100
79.6474,100,100
79.6471,100,100
79.6469,100,100
79.6467,100,100
79.6464,100,100
79.6462,100,100
79.6459,100,100
79.6457,100,100
79.6454,100,100
79.6452,100,100
79.6449,100,100
79.6447,100,100
79.6445,100,100
79.6442,100,100
79.644,100,100
79.6437,100,100
79.6435,100,100
79.6432,100,100
79.643,100,100
79.6427,100,100
79.6425,100,100
79.6423,100,100
79.642,100,100
79.6418,100,100
79.6415,100,100
79.6413,100,100
79.641,100,100
79.6408,100,100
79.6405,100,100
79.6403,100,100
79.64,100,100
79.6398,100,100
79.6396,100,100
79.6393,100,100
79.6391,100,100
79.6388,100,100
79.6386,100,100
79.6383,100,100
79.6381,100,100
79.6378,100,100
79.6376,100,100
79.6374,100,100
79.6371,100,100
79.6369,100,100
79.6366,100,100
79.6364,100,100
79.6361,100,100
79.6359,100,100
79.6356,100,100
79.6354,100,100
79.6352,100,100
79.6349,100,100
79.6347,100,100
79.6344,100,100
79.6342,100,100
79.6339,100,100
79.6337,100,100
79.6334,100,100
79.6332,100,100
79.6329,100,100
79.6327,100,100
79.6325,100,100
79.6322,100,100
79.632,100,100
79.6317,100,100
79.6315,100,100
79.6312,100,100
79.631,100,100
79.6307,100,100
79.6305,100,100
79.6303,100,100
79.63,100,100
79.6298,100,100
79.6295,100,100
79.6293,100,100
79.629,100,100
79.6288,100,100
79.6285,100,100
79.6283,100,100
79.6281,100,100
79.6278,100,100
79.6276,100,100
79.6273,100,100
79.6271,100,100
79.6268,100,100
79.6266,100,100
79.6263,100,100
79.6261,100,100
79.6259,100,100
79.6256,100,100
79.6254,100,100
79.6251,100,100
79.6249,100,100
79.6246,100,100
79.6244,100,100
79.6241,100,100
79.6239,100,100
79.6236,100,100
79.6234,100,100
79.6232,100,100
79.6229,100,100
79.6227,100,100
79.6224,100,100
79.6222,100,100
79.6219,100,100
79.6217,100,100
79.6215,100,100
79.6212,100,100
79.621,100,100
79.6207,100,100
79.6205,100,100
79.6202,100,100
79.62,100,100
79.6197,100,100
79.6195,100,100
79.6193,100,100
79.619,100,100
79.6188,100,100
79.6185,100,100
79.6183,100,100
79.618,100,100
79.6178,100,100
79.6176,100,100
79.6173,100,100
79.6171,100,100
79.6168,100,100
79.6166,100,100
79.6163,100,100
79.6161,100,100
79.6158,100,100
79.6156,100,100
79.6154,100,100
79.6151,100,100
79.6149,100,100
79.6146,100,100
79.6144,100,100
79.6141,100,100
79.6139,100,100
79.6137,100,100
79.6134,100,100
79.6132,100,100
79.6129,100,100
79.6127,100,100
79.6124,100,100
79.6122,100,100
79.6119,100,100
79.6117,100,100
79.6115,100,100
79.6112,100,100
79.611,100,100
79.6107,100,100
79.6105,100,100
79.6102,100,100
79.61,100,100
79.6098,100,100
79.6095,100,100
79.6093,100,100
79.609,100,100
79.6088,100,100
79.6085,100,100
79.6083,100,100
79.608,100,100
79.6078,100,100
79.6076,100,100
79.6073,100,100
79.6071,100,100
79.6068,100,100
79.6066,100,100
79.6063,100,100
79.6061,100,100
79.6059,100,100
79.6056,100,100
79.6054,100,100
79.6051,100,100
79.6049,100,100
79.6046,100,100
79.6044,100,100
79.6041,100,100
79.6039,100,100
79.6037,100,100
79.6034,100,100
79.6032,100,100
79.6029,100,100
79.6027,100,100
79.6024,100,100
79.6022,100,100
79.602,100,100
79.6017,100,100
79.6015,100,100
79.6012,100,100
79.601,100,100
79.6007,100,100
79.6005,100,100
79.6002,100,100
79.6,100,100
79.5998,100,100
79.5995,100,100
79.5993,100,100
79.599,100,100
79.5988,100,100
79.5985,100,100
79.5983,100,100
79.598,100,100
79.5978,100,100
79.5976,100,100
79.5973,100,100
79.5971,100,100
79.5968,100,100
79.5966,100,100
79.5963,100,100
79.5961,100,100
79.5959,100,100
79.5956,100,100
79.5954,100,100
79.5951,100,100
79.5949,100,100
79.5946,100,100
79.5944,100,100
79.5941,100,100
79.5939,100,100
79.5937,100,100
79.5934,100,100
79.5932,100,100
79.5929,100,100
79.5927,100,100
79.5924,100,100
79.5922,100,100
79.5919,100,100
79.5917,100,100
79.5915,100,100
79.5912,100,100
79.591,100,100
79.5907,100,100
79.5905,100,100
79.5902,100,100
79.59,100,100
79.5897,100,100
79.5895,100,100
79.5893,100,100
79.589,100,100
79.5888,100,100
79.5885,100,100
79.5883,100,100
79.588,100,100
79.5878,100,100
79.5876,100,100
79.5873,100,100
79.5871,100,100
79.5868,100,100
79.5866,100,100
79.5863,100,100
79.5861,100,100
79.5858,100,100
79.5856,100,100
79.5854,100,100
79.5851,100,100
79.5849,100,100
79.5846,100,100
79.5844,100,100
79.5841,100,100
79.5839,100,100
79.5836,100,100
79.5834,100,100
79.5832,100,100
79.5829,100,100
79.5827,100,100
79.5824,100,100
79.5822,100,100
79.5819,100,100
79.5817,100,100
79.5814,100,100
79.5812,100,100
79.581,100,100
79.5807,100,100
79.5805,100,100
79.5802,100,100
79.58,100,100
79.5797,100,100
79.5795,100,100
79.5792,100,100
79.579,100,100
79.5788,100,100
79.5785,100,100
79.5783,100,100
79.578,100,100
79.5778,100,100
79.5775,100,100
79.5773,100,100
79.5771,100,100
79.5768,100,100
79.5766,100,100
79.5763,100,100
79.5761,100,100
79.5758,100,100
79.5756,100,100
79.5753,100,100
79.5751,100,100
79.5749,100,100
79.5746,100,100
79.5744,100,100
79.5741,100,100
79.5739,100,100
79.5736,100,100
79.5734,100,100
79.5731,100,100
79.5729,100,100
79.5727,100,100
79.5724,100,100
79.5722,100,100
79.5719,100,100
79.5717,100,100
79.5714,100,100
79.5712,100,100
79.571,100,100
79.5707,100,100
79.5705,100,100
79.5702,100,100
79.57,100,100
79.5697,100,100
79.5695,100,100
79.5693,100,100
79.569,100,100
79.5688,100,100
79.5685,100,100
79.5683,100,100
79.568,100,100
79.5678,100,100
79.5675,100,100
79.5673,100,100
79.5671,100,100
79.5668,100,100
79.5666,100,100
79.5663,100,100
79.5661,100,100
79.5658,100,100
79.5656,100,100
79.5654,100,100
79.5651,100,100
79.5649,100,100
79.5646,100,100
79.5644,100,100
79.5641,100,100
79.5639,100,100
79.5637,100,100
79.5634,100,100
79.5632,100,100
79.5629,100,100
79.5627,100,100
79.5624,100,100
79.5622,100,100
79.5619,100,100
79.5617,100,100
79.5615,100,100
79.5612,100,100
79.561,100,100
79.5607,100,100
79.5605,100,100
79.5602,100,100
79.56,100,100
79.5598,100,100
79.5595,100,100
79.5593,100,100
79.559,100,100
79.5588,100,100
79.5585,100,100
79.5583,100,100
79.5581,100,100
79.5578,100,100
79.5576,100,100
79.5573,100,100
79.5571,100,100
79.5568,100,100
79.5566,100,100
79.5563,100,100
79.5561,100,100
79.5559,100,100
79.5556,100,100
79.5554,100,100
79.5551,100,100
79.5549,100,100
79.5546,100,100
79.5544,100,100
79.5542,100,100
79.5539,100,100
79.5537,100,100
79.5534,100,100
79.5532,100,100
79.5529,100,100
79.5527,100,100
79.5525,100,100
79.5522,100,100
79.552,100,100
79.5517,100,100
79.5515,100,100
79.5512,100,100
79.551,100,100
79.5507,100,100
79.5505,100,100
79.5503,100,100
79.55,100,100
79.5498,100,100
79.5495,100,100
79.5493,100,100
79.5491,100,100
79.5488,100,100
79.5486,100,100
79.5483,100,100
79.5481,100,100
79.5479,100,100
79.5476,100,100
79.5474,100,100
79.5471,100,100
79.5469,100,100
79.5467,100,100
79.5464,100,100
79.5462,100,100
79.546,100,100
79.5457,100,100
79.5455,100,100
79.5452,100,100
79.545,100,100
79.5448,100,100
79.5445,100,100
79.5443,100,100
79.544,100,100
79.5438,100,100
79.5436,100,100
79.5433,100,100
79.5431,100,100
79.5428,100,100
79.5426,100,100
79.5424,100,100
79.5421,100,100
79.5419,100,100
79.5416,100,100
79.5414,100,100
79.5412,100,100
79.5409,100,100
79.5407,100,100
79.5404,100,100
79.5402,100,100
79.54,100,100
79.5397,100,100
79.5395,100,100
79.5392,100,100
79.539,100,100
79.5388,100,100
79.5385,100,100
79.5383,100,100
79.538,100,100
79.5378,100,100
79.5376,100,100
79.5373,100,100
79.5371,100,100
79.5368,100,100
79.5366,100,100
79.5364,100,100
79.5361,100,100
79.5359,100,100
79.5356,100,100
79.5354,100,100
79.5352,100,100
79.5349,100,100
79.5347,100,100
79.5344,100,100
79.5342,100,100
79.534,100,100
79.5337,100,100
79.5335,100,100
79.5332,100,100
79.533,100,100
79.5328,100,100
79.5325,100,100
79.5323,100,100
79.532,100,100
79.5318,100,100
79.5316,100,100
79.5313,100,100
79.5311,100,100
79.5308,100,100
79.5306,100,100
79.5304,100,100
79.5301,100,100
79.5299,100,100
79.5296,100,100
79.5294,100,100
79.5292,100,100
79.5289,100,100
79.5287,100,100
79.5284,100,100
79.5282,100,100
79.528,100,100
79.5277,100,100
79.5275,100,100
79.5272,100,100
79.527,100,100
79.5268,100,100
79.5265,100,100
79.5263,100,100
79.526,100,100
79.5257,100,100
79.5255,100,100
79.5252,100,100
79.525,100,100
79.5247,100,100
79.5245,100,100
79.5242,100,100
79.524,100,100
79.5237,100,100
79.5234,100,100
79.5232,100,100
79.5229,100,100
79.5227,100,100
79.5224,100,100
79.5222,100,100
79.5219,100,100
79.5217,100,100
79.5214,100,100
79.5211,100,100
79.5209,100,100
79.5206,100,100
79.5204,100,100
79.5201,100,100
79.5199,100,100
79.5196,100,100
79.5194,100,100
79.5191,100,100
79.5188,100,100
79.5186,100,100
79.5183,100,100
79.5181,100,100
79.5178,100,100
79.5176,100,100
79.5173,100,100
79.5171,100,100
79.5168,100,100
79.5165,100,100
79.5163,100,100
79.516,100,100
79.5158,100,100
79.5155,100,100
79.5153,100,100
79.515,100,100
79.5148,100,100
79.5145,100,100
79.5142,100,100
79.514,100,100
79.5137,100,100
79.5135,100,100
79.5132,100,100
79.513,100,100
79.5127,100,100
79.5125,100,100
79.5122,100,100
79.5119,100,100
79.5117,100,100
79.5114,100,100
79.5112,100,100
79.5109,100,100
79.5107,100,100
79.5104,100,100
79.5102,100,100
79.5099,100,100
79.5096,100,100
79.5094,100,100
79.5091,100,100
79.5089,100,100
79.5086,100,100
79.5084,100,100
79.5081,100,100
79.5079,100,100
79.5076,100,100
79.5073,100,100
79.5071,100,100
79.5068,100,100
79.5066,100,100
79.5063,100,100
79.5061,100,100
79.5058,100,100
79.5056,100,100
79.5053,100,100
79.505,100,100
79.5048,100,100
79.5045,100,100
79.5043,100,100
79.504,100,100
79.5038,100,100
79.5035,100,100
79.5033,100,100
79.503,100,100
79.5027,100,100
79.5025,100,100
79.5022,100,100
79.502,100,100
79.5017,100,100
79.5015,100,100
79.5012,100,100
79.501,100,100
79.5007,100,100
79.5005,100,100
79.5002,100,100
79.5,100,100
79.4997,100,100
79.4995,100,100
79.4992,100,100
79.499,100,100
79.4987,100,100
79.4985,100,100
79.4982,100,100
79.498,100,100
79.4977,100,100
79.4975,100,100
79.4972,100,100
79.497,100,100
79.4967,100,100
79.4965,100,100
79.4962,100,100
79.496,100,100
79.4957,100,100
79.4955,100,100
79.4952,100,100
79.495,100,100
79.4947,100,100
79.4945,100,100
79.4942,100,100
79.494,100,100
79.4937,100,100
79.4935,100,100
79.4932,100,100
79.493,100,100
79.4927,100,100
79.4925,100,100
79.4922,100,100
79.492,100,100
79.4917,100,100
79.4914,100,100
79.4912,100,100
79.4909,100,100
79.4907,100,100
79.4904,100,100
79.4902,100,100
79.4899,100,100
79.4897,100,100
79.4894,100,100
79.4892,100,100
79.4889,100,100
79.4887,100,100
79.4884,100,100
79.4882,100,100
79.4879,100,100
79.4877,100,100
79.4874,100,100
79.4872,100,100
79.4869,100,100
79.4867,100,100
79.4864,100,100
79.4862,100,100
79.4859,100,100
79.4857,100,100
79.4854,100,100
79.4852,100,100
79.4849,100,100
79.4847,100,100
79.4844,100,100
79.4842,100,100
79.4839,100,100
79.4837,100,100
79.4834,100,100
79.4832,100,100
79.4829,100,100
79.4827,100,100
79.4824,100,100
79.4822,100,100
79.4819,100,100
79.4817,100,100
79.4814,100,100
79.4812,100,100
79.4809,100,100
79.4807,100,100
79.4804,100,100
79.4802,100,100
79.4799,100,100
79.4797,100,100
79.4794,100,100
79.4792,100,100
79.4789,100,100
79.4787,100,100
79.4784,100,100
79.4782,100,100
79.4779,100,100
79.4777,100,100
79.4774,100,100
79.4772,100,100
79.4769,100,100
79.4767,100,100
79.4764,100,100
79.4762,100,100
79.4759,100,100
79.4757,100,100
79.4754,100,100
79.4752,100,100
79.4749,100,100
79.4747,100,100
79.4745,100,100
79.4742,100,100
79.474,100,100
79.4737,100,100
79.4735,100,100
79.4732,100,100
79.473,100,100
79.4727,100,100
79.4725,100,100
79.4722,100,100
79.472,100,100
79.4717,100,100
79.4715,100,100
79.4712,100,100
79.471,100,100
79.4707,100,100
79.4705,100,100
79.4702,100,100
79.47,100,100
79.4697,100,100
79.4695,100,100
79.4692,100,100
79.469,100,100
79.4688,100,100
79.4685,100,100
79.4683,100,100
79.468,100,100
79.4678,100,100
79.4675,100,100
79.4673,100,100
79.467,100,100
79.4668,100,100
79.4665,100,100
79.4663,100,100
79.466,100,100
79.4658,100,100
79.4655,100,100
79.4653,100,100
79.465,100,100
79.4648,100,100
79.4645,100,100
79.4643,100,100
79.464,100,100
79.4638,100,100
79.4636,100,100
79.4633,100,100
79.4631,100,100
79.4628,100,100
79.4626,100,100
79.4623,100,100
79.4621,100,100
79.4618,100,100
79.4616,100,100
79.4613,100,100
79.4611,100,100
79.4608,100,100
79.4606,100,100
79.4603,100,100
79.4601,100,100
79.4598,100,100
79.4596,100,100
79.4593,100,100
79.4591,100,100
79.4588,100,100
79.4586,100,100
79.4584,100,100
79.4581,100,100
79.4579,100,100
79.4576,100,100
79.4574,100,100
79.4571,100,100
79.4569,100,100
79.4566,100,100
79.4564,100,100
79.4561,100,100
79.4559,100,100
79.4556,100,100
79.4554,100,100
79.4551,100,100
79.4549,100,100
79.4546,100,100
79.4544,100,100
79.4541,100,100
79.4539,100,100
79.4536,100,100
79.4534,100,100
79.4531,100,100
79.4529,100,100
79.4527,100,100
79.4524,100,100
79.4522,100,100
79.4519,100,100
79.4517,100,100
79.4514,100,100
79.4512,100,100
79.4509,100,100
79.4507,100,100
79.4505,100,100
79.4502,100,100
79.45,100,100
79.4497,100,100
79.4495,100,100
79.4493,100,100
79.449,100,100
79.4488,100,100
79.4485,100,100
79.4483,100,100
79.448,100,100
79.4478,100,100
79.4476,100,100
79.4473,100,100
79.4471,100,100
79.4468,100,100
79.4466,100,100
79.4464,100,100
79.4461,100,100
79.4459,100,100
79.4456,100,100
79.4454,100,100
79.4452,100,100
79.4449,100,100
79.4447,100,100
79.4444,100,100
79.4442,100,100
79.444,100,100
79.4437,100,100
79.4435,100,100
79.4432,100,100
79.443,100,100
79.4428,100,100
79.4425,100,100
79.4423,100,100
79.442,100,100
79.4418,100,100
79.4416,100,100
79.4413,100,100
79.4411,100,100
79.4408,100,100
79.4406,100,100
79.4404,100,100
79.4401,100,100
79.4399,100,100
79.4396,100,100
79.4394,100,100
79.4392,100,100
79.4389,100,100
79.4387,100,100
79.4384,100,100
79.4382,100,100
79.438,100,100
79.4377,100,100
79.4375,100,100
79.4372,100,100
79.437,100,100
79.4368,100,100
79.4365,100,100
79.4363,100,100
79.436,100,100
79.4358,100,100
79.4356,100,100
79.4353,100,100
79.4351,100,100
79.4348,100,100
79.4346,100,100
79.4344,100,100
79.4341,100,100
79.4339,100,100
79.4336,100,100
79.4334,100,100
79.4331,100,100
79.4329,100,100
79.4327,100,100
79.4324,100,100
79.4322,100,100
79.4319,100,100
79.4317,100,100
79.4315,100,100
79.4312,100,100
79.431,100,100
79.4307,100,100
79.4305,100,100
79.4303,100,100
79.43,100,100
79.4298,100,100
79.4295,100,100
79.4293,100,100
79.4291,100,100
79.4288,100,100
79.4286,100,100
79.4283,100,100
79.4281,100,100
79.4279,100,100
79.4276,100,100
79.4274,100,100
79.4271,100,100
79.4269,100,100
79.4267,100,100
79.4264,100,100
79.4262,100,100
79.426,100,100
79.4257,100,100
79.4255,100,100
79.4253,100,100
79.425,100,100
79.4248,100,100
79.4246,100,100
79.4243,100,100
79.4241,100,100
79.4238,100,100
79.4236,100,100
79.4234,100,100
79.4231,100,100
79.4229,100,100
79.4227,100,100
79.4224,100,100
79.4222,100,100
79.422,100,100
79.4217,100,100
79.4215,100,100
79.4213,100,100
79.421,100,100
79.4208,100,100
79.4206,100,100
79.4203,100,100
79.4201,100,100
79.4198,100,100
79.4196,100,100
79.4194,100,100
79.4191,100,100
79.4189,100,100
79.4187,100,100
79.4184,100,100
79.4182,100,100
79.418,100,100
79.4177,100,100
79.4175,100,100
79.4173,100,100
79.417,100,100
79.4168,100,100
79.4165,100,100
79.4163,100,100
79.4161,100,100
79.4158,100,100
79.4156,100,100
79.4154,100,100
79.4151,100,100
79.4149,100,100
79.4147,100,100
79.4144,100,100
79.4142,100,100
79.414,100,100
79.4137,100,100
79.4135,100,100
79.4133,100,100
79.413,100,100
79.4128,100,100
79.4125,100,100
79.4123,100,100
79.4121,100,100
79.4118,100,100
79.4116,100,100
79.4114,100,100
79.4111,100,100
79.4109,100,100
79.4107,100,100
79.4104,100,100
79.4102,100,100
79.41,100,100
79.4097,100,100
79.4095,100,100
79.4092,100,100
79.409,100,100
79.4088,100,100
79.4085,100,100
79.4083,100,100
79.4081,100,100
79.4078,100,100
79.4076,100,100
79.4074,100,100
79.4071,100,100
79.4069,100,100
79.4067,100,100
79.4064,100,100
79.4062,100,100
79.406,100,100
79.4057,100,100
79.4055,100,100
79.4052,100,100
79.405,100,100
79.4048,100,100
79.4045,100,100
79.4043,100,100
79.4041,100,100
79.4038,100,100
79.4036,100,100
79.4034,100,100
79.4031,100,100
79.4029,100,100
79.4027,100,100
79.4024,100,100
79.4022,100,100
79.402,100,100
79.4017,100,100
79.4015,100,100
79.4013,100,100
79.401,100,100
79.4008,100,100
79.4006,100,100
79.4003,100,100
79.4001,100,100
79.3999,100,100
79.3996,100,100
79.3994,100,100
79.3992,100,100
79.3989,100,100
79.3987,100,100
79.3985,100,100
79.3982,100,100
79.398,100,100
79.3978,100,100
79.3975,100,100
79.3973,100,100
79.3971,100,100
79.3968,100,100
79.3966,100,100
79.3964,100,100
79.3961,100,100
79.3959,100,100
79.3957,100,100
79.3954,100,100
79.3952,100,100
79.395,100,100
79.3947,100,100
79.3945,100,100
79.3943,100,100
79.394,100,100
79.3938,100,100
79.3936,100,100
79.3933,100,100
79.3931,100,100
79.3929,100,100
79.3926,100,100
79.3924,100,100
79.3922,100,100
79.3919,100,100
79.3917,100,100
79.3915,100,100
79.3912,100,100
79.391,100,100
79.3908,100,100
79.3905,100,100
79.3903,100,100
79.3901,100,100
79.3898,100,100
79.3896,100,100
79.3894,100,100
79.3891,100,100
79.3889,100,100
79.3887,100,100
79.3884,100,100
79.3882,100,100
79.388,100,100
79.3877,100,100
79.3875,100,100
79.3873,100,100
79.387,100,100
79.3868,100,100
79.3866,100,100
79.3863,100,100
79.3861,100,100
79.3859,100,100
79.3856,100,100
79.3854,100,100
79.3852,100,100
79.3849,100,100
79.3847,100,100
79.3845,100,100
79.3842,100,100
79.384,100,100
79.3838,100,100
79.3835,100,100
79.3833,100,100
79.3831,100,100
79.3828,100,100
79.3826,100,100
79.3824,100,100
79.3821,100,100
79.3819,100,100
79.3817,100,100
79.3814,100,100
79.3812,100,100
79.381,100,100
79.3807,100,100
79.3805,100,100
79.3803,100,100
79.38,100,100
79.3798,100,100
79.3796,100,100
79.3793,100,100
79.3791,100,100
79.3789,100,100
79.3787,100,100
79.3784,100,100
79.3782,100,100
79.378,100,100
79.3777,100,100
79.3775,100,100
79.3773,100,100
79.3771,100,100
79.3768,100,100
79.3766,100,100
79.3764,100,100
79.3761,100,100
79.3759,100,100
79.3757,100,100
79.3755,100,100
79.3752,100,100
79.375,100,100
79.3748,100,100
79.3745,100,100
79.3743,100,100
79.3741,100,100
79.3739,100,100
79.3736,100,100
79.3734,100,100
79.3732,100,100
79.3729,100,100
79.3727,100,100
79.3725,100,100
79.3723,100,100
79.372,100,100
79.3718,100,100
79.3716,100,100
79.3713,100,100
79.3711,100,100
79.3709,100,100
79.3707,100,100
79.3704,100,100
79.3702,100,100
79.37,100,100
79.3697,100,100
79.3695,100,100
79.3693,100,100
79.3691,100,100
79.3688,100,100
79.3686,100,100
79.3684,100,100
79.3681,100,100
79.3679,100,100
79.3677,100,100
79.3675,100,100
79.3672,100,100
79.367,100,100
79.3668,100,100
79.3665,100,100
79.3663,100,100
79.3661,100,100
79.3659,100,100
79.3656,100,100
79.3654,100,100
79.3652,100,100
79.3649,100,100
79.3647,100,100
79.3645,100,100
79.3643,100,100
79.364,100,100
79.3638,100,100
79.3636,100,100
79.3633,100,100
79.3631,100,100
79.3629,100,100
79.3627,100,100
79.3624,100,100
79.3622,100,100
79.362,100,100
79.3617,100,100
79.3615,100,100
79.3613,100,100
79.3611,100,100
79.3608,100,100
79.3606,100,100
79.3604,100,100
79.3601,100,100
79.3599,100,100
79.3597,100,100
79.3595,100,100
79.3592,100,100
79.359,100,100
79.3588,100,100
79.3585,100,100
79.3583,100,100
79.3581,100,100
79.3579,100,100
79.3576,100,100
79.3574,100,100
79.3572,100,100
79.357,100,100
79.3567,100,100
79.3565,100,100
79.3563,100,100
79.3561,100,100
79.3558,100,100
79.3556,100,100
79.3554,100,100
79.3552,100,100
79.3549,100,100
79.3547,100,100
79.3545,100,100
79.3543,100,100
79.354,100,100
79.3538,100,100
79.3536,100,100
79.3534,100,100
79.3531,100,100
79.3529,100,100
79.3527,100,100
79.3525,100,100
79.3523,100,100
79.352,100,100
79.3518,100,100
79.3516,100,100
79.3514,100,100
79.3511,100,100
79.3509,100,100
79.3507,100,100
79.3505,100,100
79.3502,100,100
79.35,100,100
79.3498,100,100
79.3496,100,100
79.3493,100,100
79.3491,100,100
79.3489,100,100
79.3487,100,100
79.3484,100,100
79.3482,100,100
79.348,100,100
79.3478,100,100
79.3475,100,100
79.3473,100,100
79.3471,100,100
79.3469,100,100
79.3466,100,100
79.3464,100,100
79.3462,100,100
79.346,100,100
79.3458,100,100
79.3455,100,100
79.3453,100,100
79.3451,100,100
79.3449,100,100
79.3446,100,100
79.3444,100,100
79.3442,100,100
79.344,100,100
79.3437,100,100
79.3435,100,100
79.3433,100,100
79.3431,100,100
79.3428,100,100
79.3426,100,100
79.3424,100,100
79.3422,100,100
79.3419,100,100
79.3417,100,100
79.3415,100,100
79.3413,100,100
79.341,100,100
79.3408,100,100
79.3406,100,100
79.3404,100,100
79.3401,100,100
79.3399,100,100
79.3397,100,100
79.3395,100,100
79.3392,100,100
79.339,100,100
79.3388,100,100
79.3386,100,100
79.3384,100,100
79.3381,100,100
79.3379,100,100
79.3377,100,100
79.3375,100,100
79.3372,100,100
79.337,100,100
79.3368,100,100
79.3366,100,100
79.3363,100,100
79.3361,100,100
79.3359,100,100
79.3357,100,100
79.3354,100,100
79.3352,100,100
79.335,100,100
79.3348,100,100
79.3345,100,100
79.3343,100,100
79.3341,100,100
79.3338,100,100
79.3336,100,100
79.3334,100,100
79.3332,100,100
79.3329,100,100
79.3327,100,100
79.3325,100,100
79.3323,100,100
79.332,100,100
79.3318,100,100
79.3316,100,100
79.3313,100,100
79.3311,100,100
79.3309,100,100
79.3307,100,100
79.3304,100,100
79.3302,100,100
79.33,100,100
79.3297,100,100
79.3295,100,100
79.3293,100,100
79.3291,100,100
79.3288,100,100
79.3286,100,100
79.3284,100,100
79.3282,100,100
79.3279,100,100
79.3277,100,100
79.3275,100,100
79.3272,100,100
79.327,100,100
79.3268,100,100
79.3266,100,100
79.3263,100,100
79.3261,100,100
79.3259,100,100
79.3256,100,100
79.3254,100,100
79.3252,100,100
79.325,100,100
79.3247,100,100
79.3245,100,100
79.3243,100,100
79.3241,100,100
79.3238,100,100
79.3236,100,100
79.3234,100,100
79.3231,100,100
79.3229,100,100
79.3227,100,100
79.3225,100,100
79.3222,100,100
79.322,100,100
79.3218,100,100
79.3215,100,100
79.3213,100,100
79.3211,100,100
79.3209,100,100
79.3206,100,100
79.3204,100,100
79.3202,100,100
79.3199,100,100
79.3197,100,100
79.3195,100,100
79.3193,100,100
79.319,100,100
79.3188,100,100
79.3186,100,100
79.3184,100,100
79.3181,100,100
79.3179,100,100
79.3177,100,100
79.3174,100,100
79.3172,100,100
79.317,100,100
79.3168,100,100
79.3165,100,100
79.3163,100,100
79.3161,100,100
79.3158,100,100
79.3156,100,100
79.3154,100,100
79.3152,100,100
79.3149,100,100
79.3147,100,100
79.3145,100,100
79.3143,100,100
79.314,100,100
79.3138,100,100
79.3136,100,100
79.3133,100,100
79.3131,100,100
79.3129,100,100
79.3127,100,100
79.3124,100,100
79.3122,100,100
79.312,100,100
79.3118,100,100
79.3115,100,100
79.3113,100,100
79.3111,100,100
79.3109,100,100
79.3106,100,100
79.3104,100,100
79.3102,100,100
79.31,100,100
79.3097,100,100
79.3095,100,100
79.3093,100,100
79.3091,100,100
79.3088,100,100
79.3086,100,100
79.3084,100,100
79.3082,100,100
79.3079,100,100
79.3077,100,100
79.3075,100,100
79.3073,100,100
79.307,100,100
79.3068,100,100
79.3066,100,100
79.3064,100,100
79.3061,100,100
79.3059,100,100
79.3057,100,100
79.3055,100,100
79.3052,100,100
79.305,100,100
79.3048,100,100
79.3046,100,100
79.3043,100,100
79.3041,100,100
79.3039,100,100
79.3037,100,100
79.3034,100,100
79.3032,100,100
79.303,100,100
79.3028,100,100
79.3025,100,100
79.3023,100,100
79.3021,100,100
79.3019,100,100
79.3016,100,100
79.3014,100,100
79.3012,100,100
79.301,100,100
79.3007,100,100
79.3005,100,100
79.3003,100,100
79.3001,100,100
79.2998,100,100
79.2996,100,100
79.2994,100,100
79.2992,100,100
79.2989,100,100
79.2987,100,100
79.2985,100,100
79.2983,100,100
79.298,100,100
79.2978,100,100
79.2976,100,100
79.2974,100,100
79.2971,100,100
79.2969,100,100
79.2967,100,100
79.2965,100,100
79.2962,100,100
79.296,100,100
79.2958,100,100
79.2956,100,100
79.2953,100,100
79.2951,100,100
79.2949,100,100
79.2947,100,100
79.2944,100,100
79.2942,100,100
79.294,100,100
79.2938,100,100
79.2935,100,100
79.2933,100,100
79.2931,100,100
79.2929,100,100
79.2926,100,100
79.2924,100,100
79.2922,100,100
79.292,100,100
79.2917,100,100
79.2915,100,100
79.2913,100,100
79.2911,100,100
79.2908,100,100
79.2906,100,100
79.2904,100,100
79.2902,100,100
79.2899,100,100
79.2897,100,100
79.2895,100,100
79.2893,100,100
79.2891,100,100
79.2888,100,100
79.2886,100,100
79.2884,100,100
79.2882,100,100
79.288,100,100
79.2877,100,100
79.2875,100,100
79.2873,100,100
79.2871,100,100
79.2869,100,100
79.2866,100,100
79.2864,100,100
79.2862,100,100
79.286,100,100
79.2858,100,100
79.2855,100,100
79.2853,100,100
79.2851,100,100
79.2849,100,100
79.2847,100,100
79.2844,100,100
79.2842,100,100
79.284,100,100
79.2838,100,100
79.2836,100,100
79.2834,100,100
79.2831,100,100
79.2829,100,100
79.2827,100,100
79.2825,100,100
79.2823,100,100
79.282,100,100
79.2818,100,100
79.2816,100,100
79.2814,100,100
79.2812,100,100
79.2809,100,100
79.2807,100,100
79.2805,100,100
79.2803,100,100
79.2801,100,100
79.2798,100,100
79.2796,100,100
79.2794,100,100
79.2792,100,100
79.279,100,100
79.2787,100,100
79.2785,100,100
79.2783,100,100
79.2781,100,100
79.2779,100,100
79.2776,100,100
79.2774,100,100
79.2772,100,100
79.277,100,100
79.2768,100,100
79.2765,100,100
79.2763,100,100
79.2761,100,100
79.2759,100,100
79.2757,100,100
79.2754,100,100
79.2752,100,100
79.275,100,100
79.2748,100,100
79.2746,100,100
79.2744,100,100
79.2741,100,100
79.2739,100,100
79.2737,100,100
79.2735,100,100
79.2733,100,100
79.273,100,100
79.2728,100,100
79.2726,100,100
79.2724,100,100
79.2722,100,100
79.2719,100,100
79.2717,100,100
79.2715,100,100
79.2713,100,100
79.2711,100,100
79.2708,100,100
79.2706,100,100
79.2704,100,100
79.2702,100,100
79.27,100,100
79.2697,100,100
79.2695,100,100
79.2693,100,100
79.2691,100,100
79.2689,100,100
79.2686,100,100
79.2684,100,100
79.2682,100,100
79.268,100,100
79.2678,100,100
79.2676,100,100
79.2673,100,100
79.2671,100,100
79.2669,100,100
79.2667,100,100
79.2665,100,100
79.2663,100,100
79.266,100,100
79.2658,100,100
79.2656,100,100
79.2654,100,100
79.2652,100,100
79.265,100,100
79.2647,100,100
79.2645,100,100
79.2643,100,100
79.2641,100,100
79.2639,100,100
79.2637,100,100
79.2634,100,100
79.2632,100,100
79.263,100,100
79.2628,100,100
79.2626,100,100
79.2624,100,100
79.2621,100,100
79.2619,100,100
79.2617,100,100
79.2615,100,100
79.2613,100,100
79.2611,100,100
79.2608,100,100
79.2606,100,100
79.2604,100,100
79.2602,100,100
79.26,100,100
79.2598,100,100
79.2595,100,100
79.2593,100,100
79.2591,100,100
79.2589,100,100
79.2587,100,100
79.2585,100,100
79.2582,100,100
79.258,100,100
79.2578,100,100
79.2576,100,100
79.2574,100,100
79.2571,100,100
79.2569,100,100
79.2567,100,100
79.2565,100,100
79.2563,100,100
79.2561,100,100
79.2558,100,100
79.2556,100,100
79.2554,100,100
79.2552,100,100
79.255,100,100
79.2548,100,100
79.2545,100,100
79.2543,100,100
79.2541,100,100
79.2539,100,100
79.2537,100,100
79.2535,100,100
79.2532,100,100
79.253,100,100
79.2528,100,100
79.2526,100,100
79.2524,100,100
79.2522,100,100
79.2519,100,100
79.2517,100,100
79.2515,100,100
79.2513,100,100
79.2511,100,100
79.2509,100,100
79.2506,100,100
79.2504,100,100
79.2502,100,100
79.25,100,100
79.2498,100,100
79.2496,100,100
79.2493,100,100
79.2491,100,100
79.2489,100,100
79.2487,100,100
79.2485,100,100
79.2483,100,100
79.248,100,100
79.2478,100,100
79.2476,100,100
79.2474,100,100
79.2472,100,100
79.247,100,100
79.2467,100,100
79.2465,100,100
79.2463,100,100
79.2461,100,100
79.2459,100,100
79.2457,100,100
79.2455,100,100
79.2452,100,100
79.245,100,100
79.2448,100,100
79.2446,100,100
79.2444,100,100
79.2442,100,100
79.244,100,100
79.2438,100,100
79.2435,100,100
79.2433,100,100
79.2431,100,100
79.2429,100,100
79.2427,100,100
79.2425,100,100
79.2423,100,100
79.2421,100,100
79.2418,100,100
79.2416,100,100
79.2414,100,100
79.2412,100,100
79.241,100,100
79.2408,100,100
79.2406,100,100
79.2404,100,100
79.2401,100,100
79.2399,100,100
79.2397,100,100
79.2395,100,100
79.2393,100,100
79.2391,100,100
79.2389,100,100
79.2387,100,100
79.2384,100,100
79.2382,100,100
79.238,100,100
79.2378,100,100
79.2376,100,100
79.2374,100,100
79.2372,100,100
79.237,100,100
79.2367,100,100
79.2365,100,100
79.2363,100,100
79.2361,100,100
79.2359,100,100
79.2357,100,100
79.2355,100,100
79.2353,100,100
79.235,100,100
79.2348,100,100
79.2346,100,100
79.2344,100,100
79.2342,100,100
79.234,100,100
79.2338,100,100
79.2336,100,100
79.2333,100,100
79.2331,100,100
79.2329,100,100
79.2327,100,100
79.2325,100,100
79.2323,100,100
79.2321,100,100
79.2319,100,100
79.2316,100,100
79.2314,100,100
79.2312,100,100
79.231,100,100
79.2308,100,100
79.2306,100,100
79.2304,100,100
79.2302,100,100
79.2299,100,100
79.2297,100,100
79.2295,100,100
79.2293,100,100
79.2291,100,100
79.2289,100,100
79.2287,100,100
79.2285,100,100
79.2282,100,100
79.228,100,100
79.2278,100,100
79.2276,100,100
79.2274,100,100
79.2272,100,100
79.227,100,100
79.2268,100,100
79.2265,100,100
79.2263,100,100
79.2261,100,100
79.2259,100,100
79.2257,100,100
79.2255,100,100
79.2253,100,100
79.2251,100,100
79.2248,100,100
79.2246,100,100
79.2244,100,100
79.2242,100,100
79.224,100,100
79.2238,100,100
79.2236,100,100
79.2234,100,100
79.2232,100,100
79.223,100,100
79.2227,100,100
79.2225,100,100
79.2223,100,100
79.2221,100,100
79.2219,100,100
79.2217,100,100
79.2215,100,100
79.2213,100,100
79.2211,100,100
79.2209,100,100
79.2206,100,100
79.2204,100,100
79.2202,100,100
79.22,100,100
79.2198,100,100
79.2196,100,100
79.2194,100,100
79.2192,100,100
79.219,100,100
79.2187,100,100
79.2185,100,100
79.2183,100,100
79.2181,100,100
79.2179,100,100
79.2177,100,100
79.2175,100,100
79.2173,100,100
79.2171,100,100
79.2169,100,100
79.2166,100,100
79.2164,100,100
79.2162,100,100
79.216,100,100
79.2158,100,100
79.2156,100,100
79.2154,100,100
79.2152,100,100
79.215,100,100
79.2148,100,100
79.2145,100,100
79.2143,100,100
79.2141,100,100
79.2139,100,100
79.2137,100,100
79.2135,100,100
79.2133,100,100
79.2131,100,100
79.2129,100,100
79.2127,100,100
79.2124,100,100
79.2122,100,100
79.212,100,100
79.2118,100,100
79.2116,100,100
79.2114,100,100
79.2112,100,100
79.211,100,100
79.2108,100,100
79.2106,100,100
79.2103,100,100
79.2101,100,100
79.2099,100,100
79.2097,100,100
79.2095,100,100
79.2093,100,100
79.2091,100,100
79.2089,100,100
79.2087,100,100
79.2085,100,100
79.2082,100,100
79.208,100,100
79.2078,100,100
79.2076,100,100
79.2074,100,100
79.2072,100,100
79.207,100,100
79.2068,100,100
79.2066,100,100
79.2064,100,100
79.2061,100,100
79.2059,100,100
79.2057,100,100
79.2055,100,100
79.2053,100,100
79.2051,100,100
79.2049,100,100
79.2047,100,100
79.2045,100,100
79.2042,100,100
79.204,100,100
79.2038,100,100
79.2036,100,100
79.2034,100,100
79.2032,100,100
79.203,100,100
79.2028,100,100
79.2026,100,100
79.2024,100,100
79.2022,100,100
79.202,100,100
79.2018,100,100
79.2015,100,100
79.2013,100,100
79.2011,100,100
79.2009,100,100
79.2007,100,100
79.2005,100,100
79.2003,100,100
79.2001,100,100
79.1999,100,100
79.1997,100,100
79.1995,100,100
79.1993,100,100
79.1991,100,100
79.1988,100,100
79.1986,100,100
79.1984,100,100
79.1982,100,100
79.198,100,100
79.1978,100,100
79.1976,100,100
79.1974,100,100
79.1972,100,100
79.197,100,100
79.1968,100,100
79.1966,100,100
79.1964,100,100
79.1962,100,100
79.1959,100,100
79.1957,100,100
79.1955,100,100
79.1953,100,100
79.1951,100,100
79.1949,100,100
79.1947,100,100
79.1945,100,100
79.1943,100,100
79.1941,100,100
79.1939,100,100
79.1937,100,100
79.1935,100,100
79.1932,100,100
79.193,100,100
79.1928,100,100
79.1926,100,100
79.1924,100,100
79.1922,100,100
79.192,100,100
79.1918,100,100
79.1916,100,100
79.1914,100,100
79.1912,100,100
79.191,100,100
79.1908,100,100
79.1905,100,100
79.1903,100,100
79.1901,100,100
79.1899,100,100
79.1897,100,100
79.1895,100,100
79.1893,100,100
79.1891,100,100
79.1889,100,100
79.1887,100,100
79.1885,100,100
79.1883,100,100
79.1881,100,100
79.1878,100,100
79.1876,100,100
79.1874,100,100
79.1872,100,100
79.187,100,100
79.1868,100,100
79.1866,100,100
79.1864,100,100
79.1862,100,100
79.186,100,100
79.1858,100,100
79.1856,100,100
79.1854,100,100
79.1852,100,100
79.1849,100,100
79.1847,100,100
79.1845,100,100
79.1843,100,100
79.1841,100,100
79.1839,100,100
79.1837,100,100
79.1835,100,100
79.1833,100,100
79.1831,100,100
79.1829,100,100
79.1827,100,100
79.1824,100,100
79.1822,100,100
79.182,100,100
79.1818,100,100
79.1816,100,100
79.1814,100,100
79.1812,100,100
79.181,100,100
79.1808,100,100
79.1806,100,100
79.1804,100,100
79.1802,100,100
79.18,100,100
79.1797,100,100
79.1795,100,100
79.1793,100,100
79.1791,100,100
79.1789,100,100
79.1787,100,100
79.1785,100,100
79.1783,100,100
79.1781,100,100
79.1779,100,100
79.1777,100,100
79.1775,100,100
79.1772,100,100
79.177,100,100
79.1768,100,100
79.1766,100,100
79.1764,100,100
79.1762,100,100
79.176,100,100
79.1758,100,100
79.1756,100,100
79.1754,100,100
79.1752,100,100
79.175,100,100
79.1748,100,100
79.1745,100,100
79.1743,100,100
79.1741,100,100
79.1739,100,100
79.1737,100,100
79.1735,100,100
79.1733,100,100
79.1731,100,100
79.1729,100,100
79.1727,100,100
79.1725,100,100
79.1723,100,100
79.172,100,100
79.1718,100,100
79.1716,100,100
79.1714,100,100
79.1712,100,100
79.171,100,100
79.1708,100,100
79.1706,100,100
79.1704,100,100
79.1702,100,100
79.17,100,100
79.1698,100,100
79.1695,100,100
79.1693,100,100
79.1691,100,100
79.1689,100,100
79.1687,100,100
79.1685,100,100
79.1683,100,100
79.1681,100,100
79.1679,100,100
79.1677,100,100
79.1675,100,100
79.1673,100,100
79.1671,100,100
79.1668,100,100
79.1666,100,100
79.1664,100,100
79.1662,100,100
79.166,100,100
79.1658,100,100
79.1656,100,100
79.1654,100,100
79.1652,100,100
79.165,100,100
79.1648,100,100
79.1646,100,100
79.1643,100,100
79.1641,100,100
79.1639,100,100
79.1637,100,100
79.1635,100,100
79.1633,100,100
79.1631,100,100
79.1629,100,100
79.1627,100,100
79.1625,100,100
79.1623,100,100
79.162,100,100
79.1618,100,100
79.1616,100,100
79.1614,100,100
79.1611,100,100
79.1609,100,100
79.1607,100,100
79.1605,100,100
79.1602,100,100
79.16,100,100
79.1598,100,100
79.1596,100,100
79.1593,100,100
79.1591,100,100
79.1589,100,100
79.1587,100,100
79.1584,100,100
79.1582,100,100
79.158,100,100
79.1578,100,100
79.1575,100,100
79.1573,100,100
79.1571,100,100
79.1569,100,100
79.1566,100,100
79.1564,100,100
79.1562,100,100
79.156,100,100
79.1557,100,100
79.1555,100,100
79.1553,100,100
79.1551,100,100
79.1548,100,100
79.1546,100,100
79.1544,100,100
79.1542,100,100
79.1539,100,100
79.1537,100,100
79.1535,100,100
79.1533,100,100
79.153,100,100
79.1528,100,100
79.1526,100,100
79.1524,100,100
79.1521,100,100
79.1519,100,100
79.1517,100,100
79.1515,100,100
79.1512,100,100
79.151,100,100
79.1508,100,100
79.1506,100,100
79.1503,100,100
79.1501,100,100
79.1499,100,100
79.1497,100,100
79.1495,100,100
79.1492,100,100
79.149,100,100
79.1488,100,100
79.1486,100,100
79.1483,100,100
79.1481,100,100
79.1479,100,100
79.1477,100,100
79.1474,100,100
79.1472,100,100
79.147,100,100
79.1468,100,100
79.1465,100,100
79.1463,100,100
79.1461,100,100
79.1459,100,100
79.1456,100,100
79.1454,100,100
79.1452,100,100
79.145,100,100
79.1447,100,100
79.1445,100,100
79.1443,100,100
79.1441,100,100
79.1438,100,100
79.1436,100,100
79.1434,100,100
79.1432,100,100
79.1429,100,100
79.1427,100,100
79.1425,100,100
79.1423,100,100
79.142,100,100
79.1418,100,100
79.1416,100,100
79.1414,100,100
79.1411,100,100
79.1409,100,100
79.1407,100,100
79.1405,100,100
79.1402,100,100
79.14,100,100
79.1398,100,100
79.1396,100,100
79.1393,100,100
79.1391,100,100
79.1389,100,100
79.1386,100,100
79.1384,100,100
79.1382,100,100
79.1379,100,100
79.1377,100,100
79.1375,100,100
79.1372,100,100
79.137,100,100
79.1368,100,100
79.1365,100,100
79.1363,100,100
79.1361,100,100
79.1359,100,100
79.1356,100,100
79.1354,100,100
79.1352,100,100
79.1349,100,100
79.1347,100,100
79.1345,100,100
79.1342,100,100
79.134,100,100
79.1338,100,100
79.1335,100,100
79.1333,100,100
79.1331,100,100
79.1328,100,100
79.1326,100,100
79.1324,100,100
79.1321,100,100
79.1319,100,100
79.1317,100,100
79.1314,100,100
79.1312,100,100
79.131,100,100
79.1308,100,100
79.1305,100,100
79.1303,100,100
79.1301,100,100
79.1298,100,100
79.1296,100,100
79.1294,100,100
79.1291,100,100
79.1289,100,100
79.1287,100,100
79.1284,100,100
79.1282,100,100
79.128,100,100
79.1277,100,100
79.1275,100,100
79.1273,100,100
79.127,100,100
79.1268,100,100
79.1266,100,100
79.1264,100,100
79.1261,100,100
79.1259,100,100
79.1257,100,100
79.1254,100,100
79.1252,100,100
79.125,100,100
79.1247,100,100
79.1245,100,100
79.1243,100,100
79.124,100,100
79.1238,100,100
79.1236,100,100
79.1233,100,100
79.1231,100,100
79.1229,100,100
79.1226,100,100
79.1224,100,100
79.1222,100,100
79.122,100,100
79.1217,100,100
79.1215,100,100
79.1213,100,100
79.121,100,100
79.1208,100,100
79.1206,100,100
79.1203,100,100
79.1201,100,100
79.1199,100,100
79.1196,100,100
79.1194,100,100
79.1192,100,100
79.1189,100,100
79.1187,100,100
79.1185,100,100
79.1182,100,100
79.118,100,100
79.1178,100,100
79.1176,100,100
79.1173,100,100
79.1171,100,100
79.1169,100,100
79.1166,100,100
79.1164,100,100
79.1162,100,100
79.1159,100,100
79.1157,100,100
79.1155,100,100
79.1152,100,100
79.115,100,100
79.1148,100,100
79.1145,100,100
79.1143,100,100
79.1141,100,100
79.1138,100,100
79.1136,100,100
79.1134,100,100
79.1131,100,100
79.1129,100,100
79.1127,100,100
79.1124,100,100
79.1122,100,100
79.112,100,100
79.1117,100,100
79.1115,100,100
79.1113,100,100
79.111,100,100
79.1108,100,100
79.1106,100,100
79.1103,100,100
79.1101,100,100
79.1099,100,100
79.1096,100,100
79.1094,100,100
79.1092,100,100
79.1089,100,100
79.1087,100,100
79.1085,100,100
79.1082,100,100
79.108,100,100
79.1078,100,100
79.1075,100,100
79.1073,100,100
79.1071,100,100
79.1068,100,100
79.1066,100,100
79.1064,100,100
79.1061,100,100
79.1059,100,100
79.1057,100,100
79.1054,100,100
79.1052,100,100
79.105,100,100
79.1047,100,100
79.1045,100,100
79.1043,100,100
79.104,100,100
79.1038,100,100
79.1036,100,100
79.1033,100,100
79.1031,100,100
79.1029,100,100
79.1026,100,100
79.1024,100,100
79.1022,100,100
79.1019,100,100
79.1017,100,100
79.1015,100,100
79.1012,100,100
79.101,100,100
79.1008,100,100
79.1005,100,100
79.1003,100,100
79.1001,100,100
79.0998,100,100
79.0996,100,100
79.0994,100,100
79.0991,100,100
79.0989,100,100
79.0987,100,100
79.0984,100,100
79.0982,100,100
79.098,100,100
79.0977,100,100
79.0975,100,100
79.0973,100,100
79.097,100,100
79.0968,100,100
79.0966,100,100
79.0963,100,100
79.0961,100,100
79.0959,100,100
79.0956,100,100
79.0954,100,100
79.0952,100,100
79.0949,100,100
79.0947,100,100
79.0945,100,100
79.0942,100,100
79.094,100,100
79.0938,100,100
79.0935,100,100
79.0933,100,100
79.0931,100,100
79.0928,100,100
79.0926,100,100
79.0923,100,100
79.0921,100,100
79.0919,100,100
79.0916,100,100
79.0914,100,100
79.0912,100,100
79.0909,100,100
79.0907,100,100
79.0905,100,100
79.0902,100,100
79.09,100,100
79.0897,100,100
79.0895,100,100
79.0893,100,100
79.089,100,100
79.0888,100,100
79.0886,100,100
79.0883,100,100
79.0881,100,100
79.0878,100,100
79.0876,100,100
79.0874,100,100
79.0871,100,100
79.0869,100,100
79.0867,100,100
79.0864,100,100
79.0862,100,100
79.0859,100,100
79.0857,100,100
79.0855,100,100
79.0852,100,100
79.085,100,100
79.0848,100,100
79.0845,100,100
79.0843,100,100
79.084,100,100
79.0838,100,100
79.0836,100,100
79.0833,100,100
79.0831,100,100
79.0829,100,100
79.0826,100,100
79.0824,100,100
79.0821,100,100
79.0819,100,100
79.0817,100,100
79.0814,100,100
79.0812,100,100
79.081,100,100
79.0807,100,100
79.0805,100,100
79.0802,100,100
79.08,100,100
79.0798,100,100
79.0795,100,100
79.0793,100,100
79.0791,100,100
79.0788,100,100
79.0786,100,100
79.0784,100,100
79.0781,100,100
79.0779,100,100
79.0776,100,100
79.0774,100,100
79.0772,100,100
79.0769,100,100
79.0767,100,100
79.0765,100,100
79.0762,100,100
79.076,100,100
79.0757,100,100
79.0755,100,100
79.0753,100,100
79.075,100,100
79.0748,100,100
79.0746,100,100
79.0743,100,100
79.0741,100,100
79.0738,100,100
79.0736,100,100
79.0734,100,100
79.0731,100,100
79.0729,100,100
79.0727,100,100
79.0724,100,100
79.0722,100,100
79.0719,100,100
79.0717,100,100
79.0715,100,100
79.0712,100,100
79.071,100,100
79.0708,100,100
79.0705,100,100
79.0703,100,100
79.07,100,100
79.0698,100,100
79.0696,100,100
79.0693,100,100
79.0691,100,100
79.0689,100,100
79.0687,100,100
79.0684,100,100
79.0682,100,100
79.068,100,100
79.0677,100,100
79.0675,100,100
79.0673,100,100
79.067,100,100
79.0668,100,100
79.0666,100,100
79.0663,100,100
79.0661,100,100
79.0659,100,100
79.0657,100,100
79.0654,100,100
79.0652,100,100
79.065,100,100
79.0647,100,100
79.0645,100,100
79.0643,100,100
79.064,100,100
79.0638,100,100
79.0636,100,100
79.0633,100,100
79.0631,100,100
79.0629,100,100
79.0627,100,100
79.0624,100,100
79.0622,100,100
79.062,100,100
79.0617,100,100
79.0615,100,100
79.0613,100,100
79.061,100,100
79.0608,100,100
79.0606,100,100
79.0603,100,100
79.0601,100,100
79.0599,100,100
79.0597,100,100
79.0594,100,100
79.0592,100,100
79.059,100,100
79.0587,100,100
79.0585,100,100
79.0583,100,100
79.058,100,100
79.0578,100,100
79.0576,100,100
79.0573,100,100
79.0571,100,100
79.0569,100,100
79.0566,100,100
79.0564,100,100
79.0562,100,100
79.056,100,100
79.0557,100,100
79.0555,100,100
79.0553,100,100
79.055,100,100
79.0548,100,100
79.0546,100,100
79.0543,100,100
79.0541,100,100
79.0539,100,100
79.0536,100,100
79.0534,100,100
79.0532,100,100
79.053,100,100
79.0527,100,100
79.0525,100,100
79.0523,100,100
79.052,100,100
79.0518,100,100
79.0516,100,100
79.0513,100,100
79.0511,100,100
79.0509,100,100
79.0506,100,100
79.0504,100,100
79.0502,100,100
79.05,100,100
79.0497,100,100
79.0495,100,100
79.0493,100,100
79.049,100,100
79.0488,100,100
79.0486,100,100
79.0483,100,100
79.0481,100,100
79.0479,100,100
79.0476,100,100
79.0474,100,100
79.0472,100,100
79.047,100,100
79.0467,100,100
79.0465,100,100
79.0463,100,100
79.046,100,100
79.0458,100,100
79.0456,100,100
79.0454,100,100
79.0451,100,100
79.0449,100,100
79.0447,100,100
79.0445,100,100
79.0442,100,100
79.044,100,100
79.0438,100,100
79.0436,100,100
79.0433,100,100
79.0431,100,100
79.0429,100,100
79.0426,100,100
79.0424,100,100
79.0422,100,100
79.042,100,100
79.0417,100,100
79.0415,100,100
79.0413,100,100
79.0411,100,100
79.0408,100,100
79.0406,100,100
79.0404,100,100
79.0402,100,100
79.0399,100,100
79.0397,100,100
79.0395,100,100
79.0392,100,100
79.039,100,100
79.0388,100,100
79.0386,100,100
79.0383,100,100
79.0381,100,100
79.0379,100,100
79.0377,100,100
79.0374,100,100
79.0372,100,100
79.037,100,100
79.0368,100,100
79.0365,100,100
79.0363,100,100
79.0361,100,100
79.0358,100,100
79.0356,100,100
79.0354,100,100
79.0352,100,100
79.0349,100,100
79.0347,100,100
79.0345,100,100
79.0343,100,100
79.034,100,100
79.0338,100,100
79.0336,100,100
79.0334,100,100
79.0331,100,100
79.0329,100,100
79.0327,100,100
79.0324,100,100
79.0322,100,100
79.032,100,100
79.0318,100,100
79.0315,100,100
79.0313,100,100
79.0311,100,100
79.0309,100,100
79.0306,100,100
79.0304,100,100
79.0302,100,100
79.03,100,100
79.0297,100,100
79.0295,100,100
79.0293,100,100
79.029,100,100
79.0288,100,100
79.0286,100,100
79.0284,100,100
79.0281,100,100
79.0279,100,100
79.0277,100,100
79.0275,100,100
79.0272,100,100
79.027,100,100
79.0268,100,100
79.0266,100,100
79.0263,100,100
79.0261,100,100
79.0259,100,100
79.0257,100,100
79.0254,100,100
79.0252,100,100
79.025,100,100
79.0247,100,100
79.0245,100,100
79.0243,100,100
79.0241,100,100
79.0238,100,100
79.0236,100,100
79.0234,100,100
79.0232,100,100
79.023,100,100
79.0227,100,100
79.0225,100,100
79.0223,100,100
79.0221,100,100
79.0218,100,100
79.0216,100,100
79.0214,100,100
79.0212,100,100
79.021,100,100
79.0207,100,100
79.0205,100,100
79.0203,100,100
79.0201,100,100
79.0199,100,100
79.0196,100,100
79.0194,100,100
79.0192,100,100
79.019,100,100
79.0187,100,100
79.0185,100,100
79.0183,100,100
79.0181,100,100
79.0179,100,100
79.0176,100,100
79.0174,100,100
79.0172,100,100
79.017,100,100
79.0167,100,100
79.0165,100,100
79.0163,100,100
79.0161,100,100
79.0159,100,100
79.0156,100,100
79.0154,100,100
79.0152,100,100
79.015,100,100
79.0148,100,100
79.0145,100,100
79.0143,100,100
79.0141,100,100
79.0139,100,100
79.0136,100,100
79.0134,100,100
79.0132,100,100
79.013,100,100
79.0128,100,100
79.0125,100,100
79.0123,100,100
79.0121,100,100
79.0119,100,100
79.0116,100,100
79.0114,100,100
79.0112,100,100
79.011,100,100
79.0108,100,100
79.0105,100,100
79.0103,100,100
79.0101,100,100
79.0099,100,100
79.0096,100,100
79.0094,100,100
79.0092,100,100
79.009,100,100
79.0088,100,100
79.0085,100,100
79.0083,100,100
79.0081,100,100
79.0079,100,100
79.0077,100,100
79.0074,100,100
79.0072,100,100
79.007,100,100
79.0068,100,100
79.0065,100,100
79.0063,100,100
79.0061,100,100
79.0059,100,100
79.0057,100,100
79.0054,100,100
79.0052,100,100
79.005,100,100
79.0048,100,100
79.0045,100,100
79.0043,100,100
79.0041,100,100
79.0039,100,100
79.0037,100,100
79.0034,100,100
79.0032,100,100
79.003,100,100
79.0028,100,100
79.0026,100,100
79.0023,100,100
79.0021,100,100
79.0019,100,100
79.0017,100,100
79.0015,100,100
79.0012,100,100
79.001,100,100
79.0008,100,100
79.0006,100,100
79.0004,100,100
79.0002,100,100
78.9999,100,100
78.9997,100,100
78.9995,100,100
78.9993,100,100
78.9991,100,100
78.9989,100,100
78.9986,100,100
78.9984,100,100
78.9982,100,100
78.998,100,100
78.9978,100,100
78.9976,100,100
78.9973,100,100
78.9971,100,100
78.9969,100,100
78.9967,100,100
78.9965,100,100
78.9963,100,100
78.996,100,100
78.9958,100,100
78.9956,100,100
78.9954,100,100
78.9952,100,100
78.995,100,100
78.9947,100,100
78.9945,100,100
78.9943,100,100
78.9941,100,100
78.9939,100,100
78.9937,100,100
78.9934,100,100
78.9932,100,100
78.993,100,100
78.9928,100,100
78.9926,100,100
78.9924,100,100
78.9921,100,100
78.9919,100,100
78.9917,100,100
78.9915,100,100
78.9913,100,100
78.9911,100,100
78.9908,100,100
78.9906,100,100
78.9904,100,100
78.9902,100,100
78.99,100,100
78.9898,100,100
78.9895,100,100
78.9893,100,100
78.9891,100,100
78.9889,100,100
78.9887,100,100
78.9885,100,100
78.9882,100,100
78.988,100,100
78.9878,100,100
78.9876,100,100
78.9874,100,100
78.9872,100,100
78.9869,100,100
78.9867,100,100
78.9865,100,100
78.9863,100,100
78.9861,100,100
78.9859,100,100
78.9856,100,100
78.9854,100,100
78.9852,100,100
78.985,100,100
78.9848,100,100
78.9846,100,100
78.9843,100,100
78.9841,100,100
78.9839,100,100
78.9837,100,100
78.9835,100,100
78.9833,100,100
78.983,100,100
78.9828,100,100
78.9826,100,100
78.9824,100,100
78.9822,100,100
78.982,100,100
78.9818,100,100
78.9815,100,100
78.9813,100,100
78.9811,100,100
78.9809,100,100
78.9807,100,100
78.9805,100,100
78.9802,100,100
78.98,100,100
78.9798,100,100
78.9796,100,100
78.9794,100,100
78.9792,100,100
78.979,100,100
78.9788,100,100
78.9785,100,100
78.9783,100,100
78.9781,100,100
78.9779,100,100
78.9777,100,100
78.9775,100,100
78.9773,100,100
78.9771,100,100
78.9768,100,100
78.9766,100,100
78.9764,100,100
78.9762,100,100
78.976,100,100
78.9758,100,100
78.9756,100,100
78.9754,100,100
78.9751,100,100
78.9749,100,100
78.9747,100,100
78.9745,100,100
78.9743,100,100
78.9741,100,100
78.9739,100,100
78.9737,100,100
78.9735,100,100
78.9732,100,100
78.973,100,100
78.9728,100,100
78.9726,100,100
78.9724,100,100
78.9722,100,100
78.972,100,100
78.9718,100,100
78.9715,100,100
78.9713,100,100
78.9711,100,100
78.9709,100,100
78.9707,100,100
78.9705,100,100
78.9703,100,100
78.9701,100,100
78.9698,100,100
78.9696,100,100
78.9694,100,100
78.9692,100,100
78.969,100,100
78.9688,100,100
78.9686,100,100
78.9684,100,100
78.9682,100,100
78.9679,100,100
78.9677,100,100
78.9675,100,100
78.9673,100,100
78.9671,100,100
78.9669,100,100
78.9667,100,100
78.9665,100,100
78.9662,100,100
78.966,100,100
78.9658,100,100
78.9656,100,100
78.9654,100,100
78.9652,100,100
78.965,100,100
78.9648,100,100
78.9646,100,100
78.9643,100,100
78.9641,100,100
78.9639,100,100
78.9637,100,100
78.9635,100,100
78.9633,100,100
78.9631,100,100
78.9629,100,100
78.9626,100,100
78.9624,100,100
78.9622,100,100
78.962,100,100
78.9618,100,100
78.9616,100,100
78.9614,100,100
78.9612,100,100
78.9609,100,100
78.9607,100,100
78.9605,100,100
78.9603,100,100
78.9601,100,100
78.9599,100,100
78.9597,100,100
78.9595,100,100
78.9593,100,100
78.959,100,100
78.9588,100,100
78.9586,100,100
78.9584,100,100
78.9582,100,100
78.958,100,100
78.9578,100,100
78.9576,100,100
78.9574,100,100
78.9572,100,100
78.957,100,100
78.9568,100,100
78.9565,100,100
78.9563,100,100
78.9561,100,100
78.9559,100,100
78.9557,100,100
78.9555,100,100
78.9553,100,100
78.9551,100,100
78.9549,100,100
78.9547,100,100
78.9545,100,100
78.9543,100,100
78.954,100,100
78.9538,100,100
78.9536,100,100
78.9534,100,100
78.9532,100,100
78.953,100,100
78.9528,100,100
78.9526,100,100
78.9524,100,100
78.9522,100,100
78.952,100,100
78.9518,100,100
78.9515,100,100
78.9513,100,100
78.9511,100,100
78.9509,100,100
78.9507,100,100
78.9505,100,100
78.9503,100,100
78.9501,100,100
78.9499,100,100
78.9497,100,100
78.9495,100,100
78.9493,100,100
78.949,100,100
78.9488,100,100
78.9486,100,100
78.9484,100,100
78.9482,100,100
78.948,100,100
78.9478,100,100
78.9476,100,100
78.9474,100,100
78.9472,100,100
78.947,100,100
78.9468,100,100
78.9465,100,100
78.9463,100,100
78.9461,100,100
78.9459,100,100
78.9457,100,100
78.9455,100,100
78.9453,100,100
78.9451,100,100
78.9449,100,100
78.9447,100,100
78.9445,100,100
78.9443,100,100
78.944,100,100
78.9438,100,100
78.9436,100,100
78.9434,100,100
78.9432,100,100
78.943,100,100
78.9428,100,100
78.9426,100,100
78.9424,100,100
78.9422,100,100
78.942,100,100
78.9418,100,100
78.9416,100,100
78.9413,100,100
78.9411,100,100
78.9409,100,100
78.9407,100,100
78.9405,100,100
78.9403,100,100
78.9401,100,100
78.9399,100,100
78.9397,100,100
78.9395,100,100
78.9393,100,100
78.9391,100,100
78.9388,100,100
78.9386,100,100
78.9384,100,100
78.9382,100,100
78.938,100,100
78.9378,100,100
78.9376,100,100
78.9374,100,100
78.9372,100,100
78.937,100,100
78.9368,100,100
78.9366,100,100
78.9363,100,100
78.9361,100,100
78.9359,100,100
78.9357,100,100
78.9355,100,100
78.9353,100,100
78.9351,100,100
78.9349,100,100
78.9347,100,100
78.9345,100,100
78.9343,100,100
78.9341,100,100
78.9339,100,100
78.9336,100,100
78.9334,100,100
78.9332,100,100
78.933,100,100
78.9328,100,100
78.9326,100,100
78.9324,100,100
78.9322,100,100
78.932,100,100
78.9318,100,100
78.9316,100,100
78.9314,100,100
78.9312,100,100
78.9309,100,100
78.9307,100,100
78.9305,100,100
78.9303,100,100
78.9301,100,100
78.9299,100,100
78.9297,100,100
78.9295,100,100
78.9293,100,100
78.9291,100,100
78.9289,100,100
78.9287,100,100
78.9285,100,100
78.9282,100,100
78.928,100,100
78.9278,100,100
78.9276,100,100
78.9274,100,100
78.9272,100,100
78.927,100,100
78.9268,100,100
78.9266,100,100
78.9264,100,100
78.9262,100,100
78.926,100,100
78.9257,100,100
78.9255,100,100
78.9253,100,100
78.9251,100,100
78.9249,100,100
78.9247,100,100
78.9245,100,100
78.9243,100,100
78.9241,100,100
78.9239,100,100
78.9237,100,100
78.9235,100,100
78.9233,100,100
78.923,100,100
78.9228,100,100
78.9226,100,100
78.9224,100,100
78.9222,100,100
78.922,100,100
78.9218,100,100
78.9216,100,100
78.9214,100,100
78.9212,100,100
78.921,100,100
78.9208,100,100
78.9206,100,100
78.9203,100,100
78.9201,100,100
78.9199,100,100
78.9197,100,100
78.9195,100,100
78.9193,100,100
78.9191,100,100
78.9189,100,100
78.9187,100,100
78.9185,100,100
78.9183,100,100
78.9181,100,100
78.9179,100,100
78.9176,100,100
78.9174,100,100
78.9172,100,100
78.917,100,100
78.9168,100,100
78.9166,100,100
78.9164,100,100
78.9162,100,100
78.916,100,100
78.9158,100,100
78.9156,100,100
78.9154,100,100
78.9152,100,100
78.9149,100,100
78.9147,100,100
78.9145,100,100
78.9143,100,100
78.9141,100,100
78.9139,100,100
78.9137,100,100
78.9135,100,100
78.9133,100,100
78.9131,100,100
78.9129,100,100
78.9127,100,100
78.9125,100,100
78.9123,100,100
78.912,100,100
78.9118,100,100
78.9116,100,100
78.9114,100,100
78.9112,100,100
78.911,100,100
78.9108,100,100
78.9106,100,100
78.9104,100,100
78.9102,100,100
78.91,100,100
78.9098,100,100
78.9096,100,100
78.9093,100,100
78.9091,100,100
78.9089,100,100
78.9087,100,100
78.9085,100,100
78.9083,100,100
78.9081,100,100
78.9079,100,100
78.9077,100,100
78.9075,100,100
78.9073,100,100
78.9071,100,100
78.9069,100,100
78.9066,100,100
78.9064,100,100
78.9062,100,100
78.906,100,100
78.9058,100,100
78.9056,100,100
78.9054,100,100
78.9052,100,100
78.905,100,100
78.9048,100,100
78.9046,100,100
78.9044,100,100
78.9042,100,100
78.904,100,100
78.9037,100,100
78.9035,100,100
78.9033,100,100
78.9031,100,100
78.9029,100,100
78.9027,100,100
78.9025,100,100
78.9023,100,100
78.9021,100,100
78.9019,100,100
78.9017,100,100
78.9015,100,100
78.9013,100,100
78.901,100,100
78.9008,100,100
78.9006,100,100
78.9004,100,100
78.9002,100,100
78.9,100,100
78.8998,100,100
78.8996,100,100
78.8994,100,100
78.8992,100,100
78.899,100,100
78.8988,100,100
78.8986,100,100
78.8984,100,100
78.8981,100,100
78.8979,100,100
78.8977,100,100
78.8975,100,100
78.8973,100,100
78.8971,100,100
78.8969,100,100
78.8967,100,100
78.8965,100,100
78.8963,100,100
78.8961,100,100
78.8959,100,100
78.8956,100,100
78.8954,100,100
78.8952,100,100
78.895,100,100
78.8948,100,100
78.8946,100,100
78.8944,100,100
78.8942,100,100
78.894,100,100
78.8938,100,100
78.8936,100,100
78.8933,100,100
78.8931,100,100
78.8929,100,100
78.8927,100,100
78.8925,100,100
78.8923,100,100
78.8921,100,100
78.8919,100,100
78.8917,100,100
78.8915,100,100
78.8913,100,100
78.8911,100,100
78.8908,100,100
78.8906,100,100
78.8904,100,100
78.8902,100,100
78.89,100,100
78.8898,100,100
78.8896,100,100
78.8894,100,100
78.8892,100,100
78.889,100,100
78.8888,100,100
78.8885,100,100
78.8883,100,100
78.8881,100,100
78.8879,100,100
78.8877,100,100
78.8875,100,100
78.8873,100,100
78.8871,100,100
78.8869,100,100
78.8867,100,100
78.8865,100,100
78.8862,100,100
78.886,100,100
78.8858,100,100
78.8856,100,100
78.8854,100,100
78.8852,100,100
78.885,100,100
78.8848,100,100
78.8846,100,100
78.8844,100,100
78.8842,100,100
78.8839,100,100
78.8837,100,100
78.8835,100,100
78.8833,100,100
78.8831,100,100
78.8829,100,100
78.8827,100,100
78.8825,100,100
78.8823,100,100
78.8821,100,100
78.8819,100,100
78.8816,100,100
78.8814,100,100
78.8812,100,100
78.881,100,100
78.8808,100,100
78.8806,100,100
78.8804,100,100
78.8802,100,100
78.88,100,100
78.8798,100,100
78.8796,100,100
78.8794,100,100
78.8791,100,100
78.8789,100,100
78.8787,100,100
78.8785,100,100
78.8783,100,100
78.8781,100,100
78.8779,100,100
78.8777,100,100
78.8775,100,100
78.8773,100,100
78.8771,100,100
78.8768,100,100
78.8766,100,100
78.8764,100,100
78.8762,100,100
78.876,100,100
78.8758,100,100
78.8756,100,100
78.8754,100,100
78.8751,100,100
78.8749,100,100
78.8747,100,100
78.8745,100,100
78.8743,100,100
78.874,100,100
78.8738,100,100
78.8736,100,100
78.8734,100,100
78.8731,100,100
78.8729,100,100
78.8727,100,100
78.8725,100,100
78.8723,100,100
78.872,100,100
78.8718,100,100
78.8716,100,100
78.8714,100,100
78.8712,100,100
78.8709,100,100
78.8707,100,100
78.8705,100,100
78.8703,100,100
78.8701,100,100
78.8698,100,100
78.8696,100,100
78.8694,100,100
78.8692,100,100
78.869,100,100
78.8687,100,100
78.8685,100,100
78.8683,100,100
78.8681,100,100
78.8678,100,100
78.8676,100,100
78.8674,100,100
78.8672,100,100
78.867,100,100
78.8667,100,100
78.8665,100,100
78.8663,100,100
78.8661,100,100
78.8659,100,100
78.8656,100,100
78.8654,100,100
78.8652,100,100
78.865,100,100
78.8648,100,100
78.8645,100,100
78.8643,100,100
78.8641,100,100
78.8639,100,100
78.8636,100,100
78.8634,100,100
78.8632,100,100
78.863,100,100
78.8628,100,100
78.8625,100,100
78.8623,100,100
78.8621,100,100
78.8619,100,100
78.8617,100,100
78.8614,100,100
78.8612,100,100
78.861,100,100
78.8608,100,100
78.8606,100,100
78.8603,100,100
78.8601,100,100
78.8599,100,100
78.8597,100,100
78.8594,100,100
78.8592,100,100
78.859,100,100
78.8588,100,100
78.8586,100,100
78.8583,100,100
78.8581,100,100
78.8579,100,100
78.8577,100,100
78.8575,100,100
78.8572,100,100
78.857,100,100
78.8568,100,100
78.8566,100,100
78.8564,100,100
78.8561,100,100
78.8559,100,100
78.8557,100,100
78.8555,100,100
78.8553,100,100
78.855,100,100
78.8548,100,100
78.8546,100,100
78.8544,100,100
78.8541,100,100
78.8539,100,100
78.8537,100,100
78.8535,100,100
78.8533,100,100
78.853,100,100
78.8528,100,100
78.8526,100,100
78.8524,100,100
78.8521,100,100
78.8519,100,100
78.8517,100,100
78.8515,100,100
78.8512,100,100
78.851,100,100
78.8508,100,100
78.8506,100,100
78.8503,100,100
78.8501,100,100
78.8499,100,100
78.8497,100,100
78.8494,100,100
78.8492,100,100
78.849,100,100
78.8487,100,100
78.8485,100,100
78.8483,100,100
78.8481,100,100
78.8478,100,100
78.8476,100,100
78.8474,100,100
78.8472,100,100
78.8469,100,100
78.8467,100,100
78.8465,100,100
78.8463,100,100
78.846,100,100
78.8458,100,100
78.8456,100,100
78.8454,100,100
78.8451,100,100
78.8449,100,100
78.8447,100,100
78.8445,100,100
78.8442,100,100
78.844,100,100
78.8438,100,100
78.8436,100,100
78.8433,100,100
78.8431,100,100
78.8429,100,100
78.8427,100,100
78.8424,100,100
78.8422,100,100
78.842,100,100
78.8418,100,100
78.8415,100,100
78.8413,100,100
78.8411,100,100
78.8409,100,100
78.8406,100,100
78.8404,100,100
78.8402,100,100
78.84,100,100
78.8397,100,100
78.8395,100,100
78.8393,100,100
78.8391,100,100
78.8388,100,100
78.8386,100,100
78.8384,100,100
78.8382,100,100
78.8379,100,100
78.8377,100,100
78.8375,100,100
78.8373,100,100
78.837,100,100
78.8368,100,100
78.8366,100,100
78.8364,100,100
78.8361,100,100
78.8359,100,100
78.8357,100,100
78.8355,100,100
78.8352,100,100
78.835,100,100
78.8348,100,100
78.8346,100,100
78.8343,100,100
78.8341,100,100
78.8339,100,100
78.8337,100,100
78.8334,100,100
78.8332,100,100
78.833,100,100
78.8328,100,100
78.8325,100,100
78.8323,100,100
78.8321,100,100
78.8319,100,100
78.8316,100,100
78.8314,100,100
78.8312,100,100
78.831,100,100
78.8307,100,100
78.8305,100,100
78.8303,100,100
78.8301,100,100
78.8299,100,100
78.8296,100,100
78.8294,100,100
78.8292,100,100
78.829,100,100
78.8288,100,100
78.8285,100,100
78.8283,100,100
78.8281,100,100
78.8279,100,100
78.8277,100,100
78.8274,100,100
78.8272,100,100
78.827,100,100
78.8268,100,100
78.8266,100,100
78.8263,100,100
78.8261,100,100
78.8259,100,100
78.8257,100,100
78.8255,100,100
78.8253,100,100
78.825,100,100
78.8248,100,100
78.8246,100,100
78.8244,100,100
78.8242,100,100
78.8239,100,100
78.8237,100,100
78.8235,100,100
78.8233,100,100
78.8231,100,100
78.8228,100,100
78.8226,100,100
78.8224,100,100
78.8222,100,100
78.822,100,100
78.8217,100,100
78.8215,100,100
78.8213,100,100
78.8211,100,100
78.8209,100,100
78.8206,100,100
78.8204,100,100
78.8202,100,100
78.82,100,100
78.8198,100,100
78.8195,100,100
78.8193,100,100
78.8191,100,100
78.8189,100,100
78.8187,100,100
78.8184,100,100
78.8182,100,100
78.818,100,100
78.8178,100,100
78.8176,100,100
78.8173,100,100
78.8171,100,100
78.8169,100,100
78.8167,100,100
78.8165,100,100
78.8162,100,100
78.816,100,100
78.8158,100,100
78.8156,100,100
78.8154,100,100
78.8151,100,100
78.8149,100,100
78.8147,100,100
78.8145,100,100
78.8143,100,100
78.814,100,100
78.8138,100,100
78.8136,100,100
78.8134,100,100
78.8132,100,100
78.813,100,100
78.8127,100,100
78.8125,100,100
78.8123,100,100
78.8121,100,100
78.8119,100,100
78.8116,100,100
78.8114,100,100
78.8112,100,100
78.811,100,100
78.8108,100,100
78.8105,100,100
78.8103,100,100
78.8101,100,100
78.8099,100,100
78.8097,100,100
78.8094,100,100
78.8092,100,100
78.809,100,100
78.8088,100,100
78.8085,100,100
78.8083,100,100
78.8081,100,100
78.8079,100,100
78.8077,100,100
78.8074,100,100
78.8072,100,100
78.807,100,100
78.8068,100,100
78.8065,100,100
78.8063,100,100
78.8061,100,100
78.8059,100,100
78.8056,100,100
78.8054,100,100
78.8052,100,100
78.805,100,100
78.8048,100,100
78.8045,100,100
78.8043,100,100
78.8041,100,100
78.8039,100,100
78.8036,100,100
78.8034,100,100
78.8032,100,100
78.803,100,100
78.8028,100,100
78.8025,100,100
78.8023,100,100
78.8021,100,100
78.8019,100,100
78.8016,100,100
78.8014,100,100
78.8012,100,100
78.801,100,100
78.8007,100,100
78.8005,100,100
78.8003,100,100
78.8001,100,100
78.7999,100,100
78.7996,100,100
78.7994,100,100
78.7992,100,100
78.799,100,100
78.7987,100,100
78.7985,100,100
78.7983,100,100
78.7981,100,100
78.7978,100,100
78.7976,100,100
78.7974,100,100
78.7972,100,100
78.797,100,100
78.7967,100,100
78.7965,100,100
78.7963,100,100
78.7961,100,100
78.7958,100,100
78.7956,100,100
78.7954,100,100
78.7952,100,100
78.7949,100,100
78.7947,100,100
78.7945,100,100
78.7943,100,100
78.7941,100,100
78.7938,100,100
78.7936,100,100
78.7934,100,100
78.7932,100,100
78.7929,100,100
78.7927,100,100
78.7925,100,100
78.7923,100,100
78.792,100,100
78.7918,100,100
78.7916,100,100
78.7914,100,100
78.7912,100,100
78.7909,100,100
78.7907,100,100
78.7905,100,100
78.7903,100,100
78.79,100,100
78.7898,100,100
78.7896,100,100
78.7894,100,100
78.7891,100,100
78.7889,100,100
78.7887,100,100
78.7885,100,100
78.7883,100,100
78.788,100,100
78.7878,100,100
78.7876,100,100
78.7874,100,100
78.7871,100,100
78.7869,100,100
78.7867,100,100
78.7864,100,100
78.7861,100,100
78.7859,100,100
78.7856,100,100
78.7854,100,100
78.7851,100,100
78.7848,100,100
78.7846,100,100
78.7843,100,100
78.7841,100,100
78.7838,100,100
78.7835,100,100
78.7833,100,100
78.783,100,100
78.7828,100,100
78.7825,100,100
78.7822,100,100
78.782,100,100
78.7817,100,100
78.7815,100,100
78.7812,100,100
78.7809,100,100
78.7807,100,100
78.7804,100,100
78.7802,100,100
78.7799,100,100
78.7796,100,100
78.7794,100,100
78.7791,100,100
78.7789,100,100
78.7786,100,100
78.7783,100,100
78.7781,100,100
78.7778,100,100
78.7776,100,100
78.7773,100,100
78.777,100,100
78.7768,100,100
78.7765,100,100
78.7763,100,100
78.776,100,100
78.7757,100,100
78.7755,100,100
78.7752,100,100
78.775,100,100
78.7747,100,100
78.7744,100,100
78.7742,100,100
78.7739,100,100
78.7737,100,100
78.7734,100,100
78.7731,100,100
78.7729,100,100
78.7726,100,100
78.7724,100,100
78.7721,100,100
78.7718,100,100
78.7716,100,100
78.7713,100,100
78.7711,100,100
78.7708,100,100
78.7705,100,100
78.7703,100,100
78.77,100,100
78.7698,100,100
78.7695,100,100
78.7692,100,100
78.769,100,100
78.7687,100,100
78.7685,100,100
78.7682,100,100
78.7679,100,100
78.7677,100,100
78.7674,100,100
78.7672,100,100
78.7669,100,100
78.7666,100,100
78.7664,100,100
78.7661,100,100
78.7659,100,100
78.7656,100,100
78.7653,100,100
78.7651,100,100
78.7648,100,100
78.7646,100,100
78.7643,100,100
78.764,100,100
78.7638,100,100
78.7635,100,100
78.7633,100,100
78.763,100,100
78.7627,100,100
78.7625,100,100
78.7622,100,100
78.762,100,100
78.7617,100,100
78.7614,100,100
78.7612,100,100
78.7609,100,100
78.7606,100,100
78.7603,100,100
78.7601,100,100
78.7598,100,100
78.7595,100,100
78.7592,100,100
78.7589,100,100
78.7586,100,100
78.7584,100,100
78.7581,100,100
78.7578,100,100
78.7575,100,100
78.7572,100,100
78.7569,100,100
78.7567,100,100
78.7564,100,100
78.7561,100,100
78.7558,100,100
78.7555,100,100
78.7552,100,100
78.7549,100,100
78.7547,100,100
78.7544,100,100
78.7541,100,100
78.7538,100,100
78.7535,100,100
78.7532,100,100
78.753,100,100
78.7527,100,100
78.7524,100,100
78.7521,100,100
78.7518,100,100
78.7515,100,100
78.7513,100,100
78.751,100,100
78.7507,100,100
78.7504,100,100
78.7501,100,100
78.7498,100,100
78.7495,100,100
78.7493,100,100
78.749,100,100
78.7487,100,100
78.7484,100,100
78.7481,100,100
78.7478,100,100
78.7476,100,100
78.7473,100,100
78.747,100,100
78.7467,100,100
78.7464,100,100
78.7461,100,100
78.7459,100,100
78.7456,100,100
78.7453,100,100
78.745,100,100
78.7447,100,100
78.7444,100,100
78.7441,100,100
78.7439,100,100
78.7436,100,100
78.7433,100,100
78.743,100,100
78.7427,100,100
78.7424,100,100
78.7422,100,100
78.7419,100,100
78.7416,100,100
78.7413,100,100
78.741,100,100
78.7407,100,100
78.7405,100,100
78.7402,100,100
78.7399,100,100
78.7396,100,100
78.7393,100,100
78.739,100,100
78.7387,100,100
78.7385,100,100
78.7382,100,100
78.7379,100,100
78.7376,100,100
78.7373,100,100
78.737,100,100
78.7368,100,100
78.7365,100,100
78.7362,100,100
78.7359,100,100
78.7356,100,100
78.7353,100,100
78.735,100,100
78.7348,100,100
78.7345,100,100
78.7342,100,100
78.7339,100,100
78.7336,100,100
78.7333,100,100
78.7331,100,100
78.7328,100,100
78.7325,100,100
78.7322,100,100
78.7319,100,100
78.7317,100,100
78.7314,100,100
78.7311,100,100
78.7308,100,100
78.7305,100,100
78.7303,100,100
78.73,100,100
78.7297,100,100
78.7294,100,100
78.7291,100,100
78.7289,100,100
78.7286,100,100
78.7283,100,100
78.728,100,100
78.7278,100,100
78.7275,100,100
78.7272,100,100
78.7269,100,100
78.7266,100,100
78.7264,100,100
78.7261,100,100
78.7258,100,100
78.7255,100,100
78.7252,100,100
78.725,100,100
78.7247,100,100
78.7244,100,100
78.7241,100,100
78.7238,100,100
78.7236,100,100
78.7233,100,100
78.723,100,100
78.7227,100,100
78.7225,100,100
78.7222,100,100
78.7219,100,100
78.7216,100,100
78.7213,100,100
78.7211,100,100
78.7208,100,100
78.7205,100,100
78.7202,100,100
78.7199,100,100
78.7197,100,100
78.7194,100,100
78.7191,100,100
78.7188,100,100
78.7186,100,100
78.7183,100,100
78.718,100,100
78.7177,100,100
78.7174,100,100
78.7172,100,100
78.7169,100,100
78.7166,100,100
78.7163,100,100
78.716,100,100
78.7158,100,100
78.7155,100,100
78.7152,100,100
78.7149,100,100
78.7147,100,100
78.7144,100,100
78.7141,100,100
78.7138,100,100
78.7135,100,100
78.7133,100,100
78.713,100,100
78.7127,100,100
78.7124,100,100
78.7121,100,100
78.7119,100,100
78.7116,100,100
78.7113,100,100
78.711,100,100
78.7107,100,100
78.7105,100,100
78.7102,100,100
78.7099,100,100
78.7096,100,100
78.7094,100,100
78.7091,100,100
78.7088,100,100
78.7085,100,100
78.7082,100,100
78.708,100,100
78.7077,100,100
78.7074,100,100
78.7071,100,100
78.7068,100,100
78.7066,100,100
78.7063,100,100
78.706,100,100
78.7057,100,100
78.7055,100,100
78.7052,100,100
78.7049,100,100
78.7046,100,100
78.7043,100,100
78.7041,100,100
78.7038,100,100
78.7035,100,100
78.7032,100,100
78.703,100,100
78.7027,100,100
78.7024,100,100
78.7021,100,100
78.7019,100,100
78.7016,100,100
78.7013,100,100
78.701,100,100
78.7008,100,100
78.7005,100,100
78.7002,100,100
78.6999,100,100
78.6997,100,100
78.6994,100,100
78.6991,100,100
78.6988,100,100
78.6986,100,100
78.6983,100,100
78.698,100,100
78.6977,100,100
78.6975,100,100
78.6972,100,100
78.6969,100,100
78.6966,100,100
78.6964,100,100
78.6961,100,100
78.6958,100,100
78.6955,100,100
78.6953,100,100
78.695,100,100
78.6947,100,100
78.6944,100,100
78.6942,100,100
78.6939,100,100
78.6936,100,100
78.6933,100,100
78.6931,100,100
78.6928,100,100
78.6925,100,100
78.6922,100,100
78.692,100,100
78.6917,100,100
78.6914,100,100
78.6911,100,100
78.6909,100,100
78.6906,100,100
78.6903,100,100
78.69,100,100
78.6898,100,100
78.6895,100,100
78.6892,100,100
78.6889,100,100
78.6887,100,100
78.6884,100,100
78.6881,100,100
78.6878,100,100
78.6876,100,100
78.6873,100,100
78.687,100,100
78.6867,100,100
78.6865,100,100
78.6862,100,100
78.6859,100,100
78.6856,100,100
78.6854,100,100
78.6851,100,100
78.6848,100,100
78.6846,100,100
78.6843,100,100
78.684,100,100
78.6837,100,100
78.6835,100,100
78.6832,100,100
78.6829,100,100
78.6826,100,100
78.6824,100,100
78.6821,100,100
78.6818,100,100
78.6815,100,100
78.6813,100,100
78.681,100,100
78.6807,100,100
78.6804,100,100
78.6802,100,100
78.6799,100,100
78.6796,100,100
78.6793,100,100
78.6791,100,100
78.6788,100,100
78.6785,100,100
78.6782,100,100
78.678,100,100
78.6777,100,100
78.6774,100,100
78.6771,100,100
78.6769,100,100
78.6766,100,100
78.6763,100,100
78.676,100,100
78.6758,100,100
78.6755,100,100
78.6752,100,100
78.675,100,100
78.6747,100,100
78.6744,100,100
78.6741,100,100
78.6739,100,100
78.6736,100,100
78.6733,100,100
78.6731,100,100
78.6728,100,100
78.6725,100,100
78.6722,100,100
78.672,100,100
78.6717,100,100
78.6714,100,100
78.6712,100,100
78.6709,100,100
78.6706,100,100
78.6704,100,100
78.6701,100,100
78.6698,100,100
78.6695,100,100
78.6693,100,100
78.669,100,100
78.6687,100,100
78.6685,100,100
78.6682,100,100
78.6679,100,100
78.6676,100,100
78.6674,100,100
78.6671,100,100
78.6668,100,100
78.6666,100,100
78.6663,100,100
78.666,100,100
78.6657,100,100
78.6655,100,100
78.6652,100,100
78.6649,100,100
78.6647,100,100
78.6644,100,100
78.6641,100,100
78.6638,100,100
78.6636,100,100
78.6633,100,100
78.663,100,100
78.6628,100,100
78.6625,100,100
78.6622,100,100
78.6619,100,100
78.6617,100,100
78.6614,100,100
78.6611,100,100
78.6609,100,100
78.6606,100,100
78.6603,100,100
78.6601,100,100
78.6598,100,100
78.6595,100,100
78.6592,100,100
78.659,100,100
78.6587,100,100
78.6584,100,100
78.6582,100,100
78.6579,100,100
78.6576,100,100
78.6573,100,100
78.6571,100,100
78.6568,100,100
78.6565,100,100
78.6563,100,100
78.656,100,100
78.6557,100,100
78.6554,100,100
78.6552,100,100
78.6549,100,100
78.6546,100,100
78.6544,100,100
78.6541,100,100
78.6538,100,100
78.6535,100,100
78.6533,100,100
78.653,100,100
78.6527,100,100
78.6525,100,100
78.6522,100,100
78.6519,100,100
78.6517,100,100
78.6514,100,100
78.6511,100,100
78.6508,100,100
78.6506,100,100
78.6503,100,100
78.65,100,100
78.6497,100,100
78.6494,100,100
78.6491,100,100
78.6488,100,100
78.6485,100,100
78.6482,100,100
78.6479,100,100
78.6476,100,100
78.6473,100,100
78.647,100,100
78.6467,100,100
78.6464,100,100
78.6461,100,100
78.6458,100,100
78.6455,100,100
78.6452,100,100
78.6449,100,100
78.6446,100,100
78.6443,100,100
78.644,100,100
78.6437,100,100
78.6434,100,100
78.6431,100,100
78.6428,100,100
78.6426,100,100
78.6423,100,100
78.642,100,100
78.6417,100,100
78.6414,100,100
78.6411,100,100
78.6408,100,100
78.6405,100,100
78.6402,100,100
78.6399,100,100
78.6396,100,100
78.6393,100,100
78.639,100,100
78.6387,100,100
78.6384,100,100
78.6381,100,100
78.6378,100,100
78.6375,100,100
78.6372,100,100
78.6369,100,100
78.6366,100,100
78.6363,100,100
78.636,100,100
78.6357,100,100
78.6354,100,100
78.6351,100,100
78.6348,100,100
78.6345,100,100
78.6342,100,100
78.6339,100,100
78.6336,100,100
78.6333,100,100
78.633,100,100
78.6327,100,100
78.6324,100,100
78.6321,100,100
78.6318,100,100
78.6315,100,100
78.6312,100,100
78.6309,100,100
78.6306,100,100
78.6303,100,100
78.63,100,100
78.6297,100,100
78.6294,100,100
78.6291,100,100
78.6288,100,100
78.6285,100,100
78.6282,100,100
78.6279,100,100
78.6276,100,100
78.6273,100,100
78.627,100,100
78.6267,100,100
78.6264,100,100
78.6261,100,100
78.6258,100,100
78.6255,100,100
78.6252,100,100
78.6249,100,100
78.6246,100,100
78.6243,100,100
78.624,100,100
78.6237,100,100
78.6234,100,100
78.6231,100,100
78.6228,100,100
78.6225,100,100
78.6222,100,100
78.6219,100,100
78.6216,100,100
78.6213,100,100
78.621,100,100
78.6207,100,100
78.6204,100,100
78.6201,100,100
78.6198,100,100
78.6194,100,100
78.6191,100,100
78.6187,100,100
78.6184,100,100
78.618,100,100
78.6177,100,100
78.6173,100,100
78.6169,100,100
78.6166,100,100
78.6162,100,100
78.6159,100,100
78.6155,100,100
78.6152,100,100
78.6148,100,100
78.6145,100,100
78.6141,100,100
78.6138,100,100
78.6134,100,100
78.6131,100,100
78.6127,100,100
78.6124,100,100
78.612,100,100
78.6116,100,100
78.6113,100,100
78.6109,100,100
78.6106,100,100
78.6102,100,100
78.6099,100,100
78.6095,100,100
78.6092,100,100
78.6088,100,100
78.6085,100,100
78.6081,100,100
78.6078,100,100
78.6074,100,100
78.6071,100,100
78.6067,100,100
78.6063,100,100
78.606,100,100
78.6056,100,100
78.6053,100,100
78.6049,100,100
78.6046,100,100
78.6042,100,100
78.6039,100,100
78.6035,100,100
78.6032,100,100
78.6028,100,100
78.6025,100,100
78.6021,100,100
78.6018,100,100
78.6014,100,100
78.601,100,100
78.6007,100,100
78.6003,100,100
78.6,100,100
78.5996,100,100
78.5993,100,100
78.5989,100,100
78.5986,100,100
78.5982,100,100
78.5979,100,100
78.5975,100,100
78.5972,100,100
78.5968,100,100
78.5965,100,100
78.5961,100,100
78.5957,100,100
78.5954,100,100
78.595,100,100
78.5947,100,100
78.5943,100,100
78.594,100,100
78.5936,100,100
78.5933,100,100
78.5929,100,100
78.5926,100,100
78.5922,100,100
78.5919,100,100
78.5915,100,100
78.5912,100,100
78.5908,100,100
78.5904,100,100
78.5901,100,100
78.5897,100,100
78.5894,100,100
78.589,100,100
78.5887,100,100
78.5883,100,100
78.588,100,100
78.5876,100,100
78.5873,100,100
78.5869,100,100
78.5866,100,100
78.5862,100,100
78.5859,100,100
78.5855,100,100
78.5851,100,100
78.5848,100,100
78.5844,100,100
78.584,100,100
78.5836,100,100
78.5832,100,100
78.5828,100,100
78.5824,100,100
78.5821,100,100
78.5817,100,100
78.5813,100,100
78.5809,100,100
78.5805,100,100
78.5801,100,100
78.5797,100,100
78.5793,100,100
78.5789,100,100
78.5785,100,100
78.5781,100,100
78.5777,100,100
78.5774,100,100
78.577,100,100
78.5766,100,100
78.5762,100,100
78.5758,100,100
78.5754,100,100
78.575,100,100
78.5746,100,100
78.5742,100,100
78.5738,100,100
78.5734,100,100
78.573,100,100
78.5726,100,100
78.5723,100,100
78.5719,100,100
78.5715,100,100
78.5711,100,100
78.5707,100,100
78.5703,100,100
78.5699,100,100
78.5695,100,100
78.5691,100,100
78.5687,100,100
78.5683,100,100
78.5679,100,100
78.5675,100,100
78.5672,100,100
78.5668,100,100
78.5664,100,100
78.566,100,100
78.5656,100,100
78.5652,100,100
78.5648,100,100
78.5644,100,100
78.564,100,100
78.5636,100,100
78.5632,100,100
78.5628,100,100
78.5624,100,100
78.5621,100,100
78.5617,100,100
78.5613,100,100
78.5609,100,100
78.5605,100,100
78.5601,100,100
78.5597,100,100
78.5593,100,100
78.5589,100,100
78.5585,100,100
78.5581,100,100
78.5577,100,100
78.5574,100,100
78.557,100,100
78.5566,100,100
78.5562,100,100
78.5558,100,100
78.5554,100,100
78.555,100,100
78.5546,100,100
78.5542,100,100
78.5538,100,100
78.5534,100,100
78.553,100,100
78.5526,100,100
78.5523,100,100
78.5519,100,100
78.5515,100,100
78.5511,100,100
78.5507,100,100
78.5503,100,100
78.5499,100,100
78.5495,100,100
78.5491,100,100
78.5487,100,100
78.5483,100,100
78.5479,100,100
78.5475,100,100
78.5472,100,100
78.5468,100,100
78.5464,100,100
78.546,100,100
78.5456,100,100
78.5452,100,100
78.5448,100,100
78.5443,100,100
78.5439,100,100
78.5435,100,100
78.5431,100,100
78.5427,100,100
78.5423,100,100
78.5419,100,100
78.5414,100,100
78.541,100,100
78.5406,100,100
78.5402,100,100
78.5398,100,100
78.5394,100,100
78.539,100,100
78.5385,100,100
78.5381,100,100
78.5377,100,100
78.5373,100,100
78.5369,100,100
78.5365,100,100
78.5361,100,100
78.5356,100,100
78.5352,100,100
78.5348,100,100
78.5344,100,100
78.534,100,100
78.5336,100,100
78.5332,100,100
78.5327,100,100
78.5323,100,100
78.5319,100,100
78.5315,100,100
78.5311,100,100
78.5307,100,100
78.5303,100,100
78.5298,100,100
78.5294,100,100
78.529,100,100
78.5286,100,100
78.5282,100,100
78.5278,100,100
78.5274,100,100
78.5269,100,100
78.5265,100,100
78.5261,100,100
78.5257,100,100
78.5253,100,100
78.5249,100,100
78.5245,100,100
78.524,100,100
78.5236,100,100
78.5232,100,100
78.5228,100,100
78.5224,100,100
78.522,100,100
78.5216,100,100
78.5211,100,100
78.5207,100,100
78.5203,100,100
78.5199,100,100
78.5195,100,100
78.5191,100,100
78.5187,100,100
78.5182,100,100
78.5178,100,100
78.5174,100,100
78.517,100,100
78.5166,100,100
78.5162,100,100
78.5158,100,100
78.5153,100,100
78.5149,100,100
78.5145,100,100
78.5141,100,100
78.5137,100,100
78.5133,100,100
78.5129,100,100
78.5124,100,100
78.512,100,100
78.5116,100,100
78.5112,100,100
78.5108,100,100
78.5104,100,100
78.51,100,100
78.5095,100,100
78.5091,100,100
78.5087,100,100
78.5083,100,100
78.5079,100,100
78.5075,100,100
78.5071,100,100
78.5066,100,100
78.5062,100,100
78.5058,100,100
78.5054,100,100
78.505,100,100
78.5046,100,100
78.5042,100,100
78.5037,100,100
78.5033,100,100
78.5029,100,100
78.5024,100,100
78.502,100,100
78.5016,100,100
78.5011,100,100
78.5007,100,100
78.5003,100,100
78.4998,100,100
78.4994,100,100
78.499,100,100
78.4985,100,100
78.4981,100,100
78.4977,100,100
78.4972,100,100
78.4968,100,100
78.4964,100,100
78.4959,100,100
78.4955,100,100
78.4951,100,100
78.4946,100,100
78.4942,100,100
78.4938,100,100
78.4933,100,100
78.4929,100,100
78.4925,100,100
78.492,100,100
78.4916,100,100
78.4912,100,100
78.4907,100,100
78.4903,100,100
78.4899,100,100
78.4894,100,100
78.489,100,100
78.4886,100,100
78.4881,100,100
78.4877,100,100
78.4873,100,100
78.4868,100,100
78.4864,100,100
78.486,100,100
78.4855,100,100
78.4851,100,100
78.4847,100,100
78.4842,100,100
78.4838,100,100
78.4834,100,100
78.4829,100,100
78.4825,100,100
78.4821,100,100
78.4816,100,100
78.4812,100,100
78.4808,100,100
78.4803,100,100
78.4799,100,100
78.4795,100,100
78.479,100,100
78.4786,100,100
78.4782,100,100
78.4777,100,100
78.4773,100,100
78.4769,100,100
78.4764,100,100
78.476,100,100
78.4756,100,100
78.4751,100,100
78.4747,100,100
78.4743,100,100
78.4738,100,100
78.4734,100,100
78.473,100,100
78.4725,100,100
78.4721,100,100
78.4717,100,100
78.4712,100,100
78.4708,100,100
78.4704,100,100
78.4699,100,100
78.4695,100,100
78.4691,100,100
78.4686,100,100
78.4682,100,100
78.4678,100,100
78.4673,100,100
78.4669,100,100
78.4665,100,100
78.466,100,100
78.4656,100,100
78.4652,100,100
78.4647,100,100
78.4643,100,100
78.4639,100,100
78.4634,100,100
78.463,100,100
78.4626,100,100
78.4621,100,100
78.4617,100,100
78.4613,100,100
78.4608,100,100
78.4604,100,100
78.4599,100,100
78.4595,100,100
78.4591,100,100
78.4586,100,100
78.4582,100,100
78.4577,100,100
78.4573,100,100
78.4568,100,100
78.4564,100,100
78.4559,100,100
78.4555,100,100
78.4551,100,100
78.4546,100,100
78.4542,100,100
78.4537,100,100
78.4533,100,100
78.4528,100,100
78.4524,100,100
78.4519,100,100
78.4515,100,100
78.4511,100,100
78.4506,100,100
78.4502,100,100
78.4497,100,100
78.4493,100,100
78.4488,100,100
78.4484,100,100
78.4479,100,100
78.4475,100,100
78.4471,100,100
78.4466,100,100
78.4462,100,100
78.4457,100,100
78.4453,100,100
78.4448,100,100
78.4444,100,100
78.4439,100,100
78.4435,100,100
78.4431,100,100
78.4426,100,100
78.4422,100,100
78.4417,100,100
78.4413,100,100
78.4408,100,100
78.4404,100,100
78.4399,100,100
78.4395,100,100
78.439,100,100
78.4386,100,100
78.4382,100,100
78.4377,100,100
78.4373,100,100
78.4368,100,100
78.4364,100,100
78.4359,100,100
78.4355,100,100
78.435,100,100
78.4346,100,100
78.4342,100,100
78.4337,100,100
78.4333,100,100
78.4328,100,100
78.4324,100,100
78.4319,100,100
78.4315,100,100
78.431,100,100
78.4306,100,100
78.4302,100,100
78.4297,100,100
78.4293,100,100
78.4288,100,100
78.4284,100,100
78.4279,100,100
78.4275,100,100
78.427,100,100
78.4266,100,100
78.4262,100,100
78.4257,100,100
78.4253,100,100
78.4248,100,100
78.4244,100,100
78.4239,100,100
78.4235,100,100
78.423,100,100
78.4226,100,100
78.4222,100,100
78.4217,100,100
78.4213,100,100
78.4208,100,100
78.4204,100,100
78.4199,100,100
78.4195,100,100
78.419,100,100
78.4186,100,100
78.4182,100,100
78.4177,100,100
78.4173,100,100
78.4168,100,100
78.4164,100,100
78.4159,100,100
78.4155,100,100
78.415,100,100
78.4146,100,100
78.4141,100,100
78.4137,100,100
78.4132,100,100
78.4128,100,100
78.4123,100,100
78.4119,100,100
78.4114,100,100
78.411,100,100
78.4105,100,100
78.4101,100,100
78.4096,100,100
78.4092,100,100
78.4087,100,100
78.4083,100,100
78.4078,100,100
78.4074,100,100
78.4069,100,100
78.4065,100,100
78.406,100,100
78.4056,100,100
78.4051,100,100
78.4047,100,100
78.4042,100,100
78.4038,100,100
78.4033,100,100
78.4029,100,100
78.4024,100,100
78.402,100,100
78.4015,100,100
78.4011,100,100
78.4006,100,100
78.4002,100,100
78.3997,100,100
78.3993,100,100
78.3988,100,100
78.3984,100,100
78.3979,100,100
78.3975,100,100
78.397,100,100
78.3966,100,100
78.3961,100,100
78.3956,100,100
78.3952,100,100
78.3947,100,100
78.3943,100,100
78.3938,100,100
78.3934,100,100
78.3929,100,100
78.3925,100,100
78.392,100,100
78.3916,100,100
78.3911,100,100
78.3907,100,100
78.3902,100,100
78.3898,100,100
78.3893,100,100
78.3889,100,100
78.3884,100,100
78.388,100,100
78.3875,100,100
78.3871,100,100
78.3866,100,100
78.3862,100,100
78.3857,100,100
78.3853,100,100
78.3848,100,100
78.3844,100,100
78.3839,100,100
78.3835,100,100
78.383,100,100
78.3826,100,100
78.3821,100,100
78.3817,100,100
78.3812,100,100
78.3808,100,100
78.3803,100,100
78.3799,100,100
78.3794,100,100
78.379,100,100
78.3785,100,100
78.3781,100,100
78.3776,100,100
78.3772,100,100
78.3767,100,100
78.3763,100,100
78.3758,100,100
78.3754,100,100
78.3749,100,100
78.3745,100,100
78.374,100,100
78.3736,100,100
78.3731,100,100
78.3727,100,100
78.3722,100,100
78.3718,100,100
78.3713,100,100
78.3709,100,100
78.3704,100,100
78.3699,100,100
78.3695,100,100
78.369,100,100
78.3685,100,100
78.3681,100,100
78.3676,100,100
78.3671,100,100
78.3667,100,100
78.3662,100,100
78.3657,100,100
78.3653,100,100
78.3648,100,100
78.3643,100,100
78.3639,100,100
78.3634,100,100
78.3629,100,100
78.3625,100,100
78.362,100,100
78.3615,100,100
78.3611,100,100
78.3606,100,100
78.3601,100,100
78.3597,100,100
78.3592,100,100
78.3587,100,100
78.3583,100,100
78.3578,100,100
78.3573,100,100
78.3569,100,100
78.3564,100,100
78.3559,100,100
78.3555,100,100
78.355,100,100
78.3545,100,100
78.3541,100,100
78.3536,100,100
78.3531,100,100
78.3527,100,100
78.3522,100,100
78.3517,100,100
78.3513,100,100
78.3508,100,100
78.3504,100,100
78.3499,100,100
78.3494,100,100
78.349,100,100
78.3485,100,100
78.348,100,100
78.3476,100,100
78.3471,100,100
78.3466,100,100
78.3462,100,100
78.3457,100,100
78.3452,100,100
78.3448,100,100
78.3443,100,100
78.3438,100,100
78.3434,100,100
78.3429,100,100
78.3424,100,100
78.342,100,100
78.3415,100,100
78.341,100,100
78.3406,100,100
78.3401,100,100
78.3396,100,100
78.3392,100,100
78.3387,100,100
78.3382,100,100
78.3378,100,100
78.3373,100,100
78.3368,100,100
78.3364,100,100
78.3359,100,100
78.3354,100,100
78.335,100,100
78.3345,100,100
78.334,100,100
78.3336,100,100
78.3331,100,100
78.3326,100,100
78.3322,100,100
78.3317,100,100
78.3312,100,100
78.3308,100,100
78.3303,100,100
78.3298,100,100
78.3294,100,100
78.3289,100,100
78.3284,100,100
78.328,100,100
78.3275,100,100
78.327,100,100
78.3266,100,100
78.3261,100,100
78.3257,100,100
78.3252,100,100
78.3247,100,100
78.3242,100,100
78.3237,100,100
78.3232,100,100
78.3228,100,100
78.3223,100,100
78.3218,100,100
78.3213,100,100
78.3208,100,100
78.3203,100,100
78.3198,100,100
78.3193,100,100
78.3188,100,100
78.3183,100,100
78.3178,100,100
78.3173,100,100
78.3168,100,100
78.3163,100,100
78.3159,100,100
78.3154,100,100
78.3149,100,100
78.3144,100,100
78.3139,100,100
78.3134,100,100
78.3129,100,100
78.3124,100,100
78.3119,100,100
78.3114,100,100
78.3109,100,100
78.3104,100,100
78.3099,100,100
78.3095,100,100
78.309,100,100
78.3085,100,100
78.308,100,100
78.3075,100,100
78.307,100,100
78.3065,100,100
78.306,100,100
78.3055,100,100
78.305,100,100
78.3045,100,100
78.304,100,100
78.3035,100,100
78.303,100,100
78.3026,100,100
78.3021,100,100
78.3016,100,100
78.3011,100,100
78.3006,100,100
78.3001,100,100
78.2996,100,100
78.2991,100,100
78.2986,100,100
78.2981,100,100
78.2976,100,100
78.2971,100,100
78.2966,100,100
78.2962,100,100
78.2957,100,100
78.2952,100,100
78.2947,100,100
78.2942,100,100
78.2937,100,100
78.2932,100,100
78.2927,100,100
78.2922,100,100
78.2917,100,100
78.2912,100,100
78.2907,100,100
78.2902,100,100
78.2898,100,100
78.2893,100,100
78.2888,100,100
78.2883,100,100
78.2878,100,100
78.2873,100,100
78.2868,100,100
78.2863,100,100
78.2858,100,100
78.2853,100,100
78.2848,100,100
78.2843,100,100
78.2838,100,100
78.2833,100,100
78.2829,100,100
78.2824,100,100
78.2819,100,100
78.2814,100,100
78.2809,100,100
78.2804,100,100
78.2799,100,100
78.2794,100,100
78.2789,100,100
78.2784,100,100
78.2779,100,100
78.2774,100,100
78.2769,100,100
78.2765,100,100
78.276,100,100
78.2755,100,100
78.275,100,100
78.2745,100,100
78.274,100,100
78.2735,100,100
78.273,100,100
78.2725,100,100
78.272,100,100
78.2715,100,100
78.2711,100,100
78.2706,100,100
78.2701,100,100
78.2696,100,100
78.2691,100,100
78.2686,100,100
78.2681,100,100
78.2676,100,100
78.2671,100,100
78.2666,100,100
78.2661,100,100
78.2657,100,100
78.2652,100,100
78.2647,100,100
78.2642,100,100
78.2637,100,100
78.2632,100,100
78.2627,100,100
78.2622,100,100
78.2617,100,100
78.2612,100,100
78.2608,100,100
78.2603,100,100
78.2598,100,100
78.2593,100,100
78.2588,100,100
78.2583,100,100
78.2578,100,100
78.2573,100,100
78.2568,100,100
78.2563,100,100
78.2558,100,100
78.2554,100,100
78.2549,100,100
78.2544,100,100
78.2539,100,100
78.2534,100,100
78.2529,100,100
78.2524,100,100
78.2519,100,100
78.2514,100,100
78.2509,100,100
78.2505,100,100
78.25,100,100
78.2495,100,100
78.249,100,100
78.2485,100,100
78.248,100,100
78.2475,100,100
78.247,100,100
78.2465,100,100
78.246,100,100
78.2455,100,100
78.2451,100,100
78.2446,100,100
78.2441,100,100
78.2436,100,100
78.2431,100,100
78.2426,100,100
78.2421,100,100
78.2416,100,100
78.2411,100,100
78.2406,100,100
78.2402,100,100
78.2397,100,100
78.2392,100,100
78.2387,100,100
78.2382,100,100
78.2377,100,100
78.2372,100,100
78.2367,100,100
78.2362,100,100
78.2357,100,100
78.2352,100,100
78.2348,100,100
78.2343,100,100
78.2338,100,100
78.2333,100,100
78.2328,100,100
78.2323,100,100
78.2318,100,100
78.2313,100,100
78.2308,100,100
78.2303,100,100
78.2299,100,100
78.2294,100,100
78.2289,100,100
78.2284,100,100
78.2279,100,100
78.2274,100,100
78.2269,100,100
78.2264,100,100
78.2259,100,100
78.2254,100,100
78.2249,100,100
78.2245,100,100
78.224,100,100
78.2235,100,100
78.223,100,100
78.2225,100,100
78.222,100,100
78.2215,100,100
78.221,100,100
78.2205,100,100
78.22,100,100
78.2196,100,100
78.2191,100,100
78.2186,100,100
78.2181,100,100
78.2176,100,100
78.2171,100,100
78.2166,100,100
78.2161,100,100
78.2156,100,100
78.2151,100,100
78.2146,100,100
78.2142,100,100
78.2137,100,100
78.2132,100,100
78.2127,100,100
78.2122,100,100
78.2117,100,100
78.2112,100,100
78.2107,100,100
78.2102,100,100
78.2097,100,100
78.2093,100,100
78.2088,100,100
78.2083,100,100
78.2078,100,100
78.2073,100,100
78.2068,100,100
78.2063,100,100
78.2058,100,100
78.2053,100,100
78.2048,100,100
78.2043,100,100
78.2039,100,100
78.2034,100,100
78.2029,100,100
78.2024,100,100
78.2019,100,100
78.2014,100,100
78.2009,100,100
78.2004,100,100
78.1999,100,100
78.1994,100,100
78.1989,100,100
78.1985,100,100
78.198,100,100
78.1975,100,100
78.197,100,100
78.1965,100,100
78.196,100,100
78.1955,100,100
78.195,100,100
78.1945,100,100
78.194,100,100
78.1936,100,100
78.1931,100,100
78.1926,100,100
78.1921,100,100
78.1916,100,100
78.1911,100,100
78.1906,100,100
78.1901,100,100
78.1896,100,100
78.1891,100,100
78.1886,100,100
78.1882,100,100
78.1877,100,100
78.1872,100,100
78.1867,100,100
78.1862,100,100
78.1857,100,100
78.1852,100,100
78.1847,100,100
78.1842,100,100
78.1837,100,100
78.1833,100,100
78.1828,100,100
78.1823,100,100
78.1818,100,100
78.1813,100,100
78.1808,100,100
78.1803,100,100
78.1798,100,100
78.1793,100,100
78.1788,100,100
78.1783,100,100
78.1779,100,100
78.1774,100,100
78.1768,100,100
78.1763,100,100
78.1757,100,100
78.1752,100,100
78.1747,100,100
78.1741,100,100
78.1736,100,100
78.173,100,100
78.1725,100,100
78.1719,100,100
78.1714,100,100
78.1709,100,100
78.1703,100,100
78.1698,100,100
78.1692,100,100
78.1687,100,100
78.1681,100,100
78.1676,100,100
78.167,100,100
78.1665,100,100
78.166,100,100
78.1654,100,100
78.1649,100,100
78.1643,100,100
78.1638,100,100
78.1632,100,100
78.1627,100,100
78.1622,100,100
78.1616,100,100
78.1611,100,100
78.1605,100,100
78.16,100,100
78.1594,100,100
78.1589,100,100
78.1583,100,100
78.1578,100,100
78.1573,100,100
78.1567,100,100
78.1562,100,100
78.1556,100,100
78.1551,100,100
78.1545,100,100
78.154,100,100
78.1535,100,100
78.1529,100,100
78.1524,100,100
78.1518,100,100
78.1513,100,100
78.1507,100,100
78.1502,100,100
78.1497,100,100
78.1491,100,100
78.1486,100,100
78.148,100,100
78.1475,100,100
78.1469,100,100
78.1464,100,100
78.1458,100,100
78.1453,100,100
78.1448,100,100
78.1442,100,100
78.1437,100,100
78.1431,100,100
78.1426,100,100
78.142,100,100
78.1415,100,100
78.141,100,100
78.1404,100,100
78.1399,100,100
78.1393,100,100
78.1388,100,100
78.1382,100,100
78.1377,100,100
78.1371,100,100
78.1366,100,100
78.1361,100,100
78.1355,100,100
78.135,100,100
78.1344,100,100
78.1339,100,100
78.1333,100,100
78.1328,100,100
78.1323,100,100
78.1317,100,100
78.1312,100,100
78.1306,100,100
78.1301,100,100
78.1295,100,100
78.129,100,100
78.1284,100,100
78.1279,100,100
78.1274,100,100
78.1268,100,100
78.1263,100,100
78.1257,100,100
78.1252,100,100
78.1246,100,100
78.1241,100,100
78.1236,100,100
78.123,100,100
78.1224,100,100
78.1217,100,100
78.1211,100,100
78.1204,100,100
78.1198,100,100
78.1192,100,100
78.1185,100,100
78.1179,100,100
78.1172,100,100
78.1166,100,100
78.1159,100,100
78.1153,100,100
78.1146,100,100
78.114,100,100
78.1134,100,100
78.1127,100,100
78.1121,100,100
78.1114,100,100
78.1108,100,100
78.1101,100,100
78.1095,100,100
78.1088,100,100
78.1082,100,100
78.1075,100,100
78.1069,100,100
78.1063,100,100
78.1056,100,100
78.105,100,100
78.1043,100,100
78.1037,100,100
78.103,100,100
78.1024,100,100
78.1017,100,100
78.1011,100,100
78.1005,100,100
78.0998,100,100
78.0992,100,100
78.0985,100,100
78.0979,100,100
78.0972,100,100
78.0966,100,100
78.0959,100,100
78.0953,100,100
78.0946,100,100
78.094,100,100
78.0934,100,100
78.0927,100,100
78.0921,100,100
78.0914,100,100
78.0908,100,100
78.0901,100,100
78.0895,100,100
78.0888,100,100
78.0882,100,100
78.0876,100,100
78.0869,100,100
78.0863,100,100
78.0856,100,100
78.085,100,100
78.0843,100,100
78.0837,100,100
78.083,100,100
78.0824,100,100
78.0817,100,100
78.0811,100,100
78.0805,100,100
78.0798,100,100
78.0792,100,100
78.0785,100,100
78.0779,100,100
78.0772,100,100
78.0766,100,100
78.0759,100,100
78.0753,100,100
78.0747,100,100
78.074,100,100
78.0734,100,100
78.0727,100,100
78.0721,100,100
78.0714,100,100
78.0708,100,100
78.0701,100,100
78.0695,100,100
78.0688,100,100
78.0682,100,100
78.0676,100,100
78.0669,100,100
78.0663,100,100
78.0656,100,100
78.065,100,100
78.0643,100,100
78.0637,100,100
78.063,100,100
78.0624,100,100
78.0618,100,100
78.0611,100,100
78.0605,100,100
78.0598,100,100
78.0592,100,100
78.0585,100,100
78.0578,100,100
78.0571,100,100
78.0563,100,100
78.0556,100,100
78.0548,100,100
78.0541,100,100
78.0533,100,100
78.0526,100,100
78.0519,100,100
78.0511,100,100
78.0504,100,100
78.0496,100,100
78.0489,100,100
78.0481,100,100
78.0474,100,100
78.0467,100,100
78.0459,100,100
78.0452,100,100
78.0444,100,100
78.0437,100,100
78.0429,100,100
78.0422,100,100
78.0415,100,100
78.0407,100,100
78.04,100,100
78.0392,100,100
78.0385,100,100
78.0377,100,100
78.037,100,100
78.0363,100,100
78.0355,100,100
78.0348,100,100
78.034,100,100
78.0333,100,100
78.0326,100,100
78.0318,100,100
78.0311,100,100
78.0303,100,100
78.0296,100,100
78.0288,100,100
78.0281,100,100
78.0274,100,100
78.0266,100,100
78.0259,100,100
78.0251,100,100
78.0244,100,100
78.0236,100,100
78.0229,100,100
78.0222,100,100
78.0214,100,100
78.0207,100,100
78.0199,100,100
78.0192,100,100
78.0184,100,100
78.0177,100,100
78.017,100,100
78.0162,100,100
78.0155,100,100
78.0147,100,100
78.014,100,100
78.0132,100,100
78.0125,100,100
78.0118,100,100
78.011,100,100
78.0103,100,100
78.0095,100,100
78.0088,100,100
78.008,100,100
78.0073,100,100
78.0066,100,100
78.0058,100,100
78.0051,100,100
78.0043,100,100
78.0036,100,100
78.0028,100,100
78.0021,100,100
78.0014,100,100
78.0006,100,100
77.9999,100,100
77.9991,100,100
77.9984,100,100
77.9976,100,100
77.9969,100,100
77.9962,100,100
77.9954,100,100
77.9947,100,100
77.9939,100,100
77.9932,100,100
77.9924,100,100
77.9917,100,100
77.991,100,100
77.9902,100,100
77.9895,100,100
77.9887,100,100
77.988,100,100
77.9872,100,100
77.9865,100,100
77.9858,100,100
77.985,100,100
77.9843,100,100
77.9835,100,100
77.9826,100,100
77.9818,100,100
77.9809,100,100
77.9801,100,100
77.9793,100,100
77.9784,100,100
77.9776,100,100
77.9767,100,100
77.9759,100,100
77.9751,100,100
77.9742,100,100
77.9734,100,100
77.9725,100,100
77.9717,100,100
77.9709,100,100
77.97,100,100
77.9692,100,100
77.9683,100,100
77.9675,100,100
77.9667,100,100
77.9658,100,100
77.965,100,100
77.9641,100,100
77.9633,100,100
77.9625,100,100
77.9616,100,100
77.9608,100,100
77.9599,100,100
77.9591,100,100
77.9583,100,100
77.9574,100,100
77.9566,100,100
77.9558,100,100
77.9549,100,100
77.9541,100,100
77.9532,100,100
77.9524,100,100
77.9516,100,100
77.9507,100,100
77.9499,100,100
77.949,100,100
77.9482,100,100
77.9474,100,100
77.9465,100,100
77.9457,100,100
77.9448,100,100
77.944,100,100
77.9432,100,100
77.9423,100,100
77.9415,100,100
77.9406,100,100
77.9398,100,100
77.939,100,100
77.9381,100,100
77.9373,100,100
77.9364,100,100
77.9356,100,100
77.9348,100,100
77.9339,100,100
77.9331,100,100
77.9322,100,100
77.9314,100,100
77.9306,100,100
77.9297,100,100
77.9289,100,100
77.9281,100,100
77.9272,100,100
77.9264,100,100
77.9255,100,100
77.9247,100,100
77.9239,100,100
77.923,100,100
77.9222,100,100
77.9213,100,100
77.9205,100,100
77.9197,100,100
77.9188,100,100
77.918,100,100
77.9171,100,100
77.9163,100,100
77.9155,100,100
77.9146,100,100
77.9138,100,100
77.9129,100,100
77.9121,100,100
77.9113,100,100
77.9104,100,100
77.9096,100,100
77.9087,100,100
77.9079,100,100
77.9071,100,100
77.9062,100,100
77.9054,100,100
77.9045,100,100
77.9037,100,100
77.9029,100,100
77.902,100,100
77.9012,100,100
77.9003,100,100
77.8995,100,100
77.8985,100,100
77.8976,100,100
77.8967,100,100
77.8958,100,100
77.8949,100,100
77.894,100,100
77.8931,100,100
77.8922,100,100
77.8913,100,100
77.8903,100,100
77.8894,100,100
77.8885,100,100
77.8876,100,100
77.8867,100,100
77.8858,100,100
77.8849,100,100
77.884,100,100
77.8831,100,100
77.8821,100,100
77.8812,100,100
77.8803,100,100
77.8794,100,100
77.8785,100,100
77.8776,100,100
77.8767,100,100
77.8758,100,100
77.8749,100,100
77.8739,100,100
77.873,100,100
77.8721,100,100
77.8712,100,100
77.8703,100,100
77.8694,100,100
77.8685,100,100
77.8676,100,100
77.8667,100,100
77.8657,100,100
77.8648,100,100
77.8639,100,100
77.863,100,100
77.8621,100,100
77.8612,100,100
77.8603,100,100
77.8594,100,100
77.8585,100,100
77.8576,100,100
77.8566,100,100
77.8557,100,100
77.8548,100,100
77.8539,100,100
77.853,100,100
77.8521,100,100
77.8512,100,100
77.8503,100,100
77.8494,100,100
77.8484,100,100
77.8475,100,100
77.8466,100,100
77.8457,100,100
77.8448,100,100
77.8439,100,100
77.843,100,100
77.8421,100,100
77.8412,100,100
77.8402,100,100
77.8393,100,100
77.8384,100,100
77.8375,100,100
77.8366,100,100
77.8357,100,100
77.8348,100,100
77.8339,100,100
77.833,100,100
77.832,100,100
77.8311,100,100
77.8302,100,100
77.8293,100,100
77.8284,100,100
77.8275,100,100
77.8266,100,100
77.8257,100,100
77.8248,100,100
77.8238,100,100
77.8229,100,100
77.822,100,100
77.8211,100,100
77.8202,100,100
77.8193,100,100
77.8184,100,100
77.8175,100,100
77.8166,100,100
77.8156,100,100
77.8147,100,100
77.8138,100,100
77.8129,100,100
77.812,100,100
77.8111,100,100
77.8102,100,100
77.8093,100,100
77.8083,100,100
77.8074,100,100
77.8064,100,100
77.8054,100,100
77.8045,100,100
77.8035,100,100
77.8025,100,100
77.8016,100,100
77.8006,100,100
77.7996,100,100
77.7987,100,100
77.7977,100,100
77.7967,100,100
77.7958,100,100
77.7948,100,100
77.7938,100,100
77.7929,100,100
77.7919,100,100
77.7909,100,100
77.79,100,100
77.789,100,100
77.788,100,100
77.7871,100,100
77.7861,100,100
77.7851,100,100
77.7842,100,100
77.7832,100,100
77.7822,100,100
77.7813,100,100
77.7803,100,100
77.7793,100,100
77.7784,100,100
77.7774,100,100
77.7764,100,100
77.7755,100,100
77.7745,100,100
77.7736,100,100
77.7726,100,100
77.7716,100,100
77.7707,100,100
77.7697,100,100
77.7687,100,100
77.7678,100,100
77.7668,100,100
77.7658,100,100
77.7649,100,100
77.7639,100,100
77.7629,100,100
77.762,100,100
77.761,100,100
77.76,100,100
77.7591,100,100
77.7581,100,100
77.7571,100,100
77.7562,100,100
77.7552,100,100
77.7542,100,100
77.7533,100,100
77.7523,100,100
77.7513,100,100
77.7504,100,100
77.7494,100,100
77.7484,100,100
77.7475,100,100
77.7465,100,100
77.7455,100,100
77.7446,100,100
77.7436,100,100
77.7426,100,100
77.7417,100,100
77.7407,100,100
77.7398,100,100
77.7388,100,100
77.7378,100,100
77.7369,100,100
77.7359,100,100
77.7349,100,100
77.734,100,100
77.733,100,100
77.732,100,100
77.7311,100,100
77.7301,100,100
77.7291,100,100
77.7282,100,100
77.7272,100,100
77.7262,100,100
77.7253,100,100
77.7243,100,100
77.7233,100,100
77.7224,100,100
77.7214,100,100
77.7204,100,100
77.7195,100,100
77.7185,100,100
77.7175,100,100
77.7166,100,100
77.7156,100,100
77.7146,100,100
77.7137,100,100
77.7127,100,100
77.7117,100,100
77.7107,100,100
77.7097,100,100
77.7087,100,100
77.7077,100,100
77.7067,100,100
77.7057,100,100
77.7046,100,100
77.7036,100,100
77.7026,100,100
77.7016,100,100
77.7006,100,100
77.6996,100,100
77.6986,100,100
77.6976,100,100
77.6966,100,100
77.6956,100,100
77.6946,100,100
77.6936,100,100
77.6925,100,100
77.6915,100,100
77.6905,100,100
77.6895,100,100
77.6885,100,100
77.6875,100,100
77.6865,100,100
77.6855,100,100
77.6845,100,100
77.6835,100,100
77.6825,100,100
77.6814,100,100
77.6804,100,100
77.6794,100,100
77.6784,100,100
77.6774,100,100
77.6764,100,100
77.6754,100,100
77.6744,100,100
77.6734,100,100
77.6724,100,100
77.6714,100,100
77.6703,100,100
77.6693,100,100
77.6683,100,100
77.6673,100,100
77.6663,100,100
77.6653,100,100
77.6643,100,100
77.6633,100,100
77.6623,100,100
77.6613,100,100
77.6603,100,100
77.6593,100,100
77.6582,100,100
77.6572,100,100
77.6562,100,100
77.6552,100,100
77.6542,100,100
77.6532,100,100
77.6522,100,100
77.6512,100,100
77.6502,100,100
77.6492,100,100
77.6482,100,100
77.6471,100,100
77.6461,100,100
77.6451,100,100
77.6441,100,100
77.6431,100,100
77.6421,100,100
77.6411,100,100
77.6401,100,100
77.6391,100,100
77.6381,100,100
77.6371,100,100
77.636,100,100
77.635,100,100
77.634,100,100
77.633,100,100
77.632,100,100
77.631,100,100
77.63,100,100
77.629,100,100
77.628,100,100
77.627,100,100
77.626,100,100
77.625,100,100
77.6239,100,100
77.6229,100,100
77.6219,100,100
77.6209,100,100
77.6199,100,100
77.6189,100,100
77.6179,100,100
77.6169,100,100
77.6159,100,100
77.6149,100,100
77.6139,100,100
77.6128,100,100
77.6118,100,100
77.6108,100,100
77.6098,100,100
77.6087,100,100
77.6077,100,100
77.6066,100,100
77.6056,100,100
77.6045,100,100
77.6035,100,100
77.6025,100,100
77.6014,100,100
77.6004,100,100
77.5993,100,100
77.5983,100,100
77.5973,100,100
77.5962,100,100
77.5952,100,100
77.5941,100,100
77.5931,100,100
77.592,100,100
77.591,100,100
77.59,100,100
77.5889,100,100
77.5879,100,100
77.5868,100,100
77.5858,100,100
77.5848,100,100
77.5837,100,100
77.5827,100,100
77.5816,100,100
77.5806,100,100
77.5795,100,100
77.5785,100,100
77.5775,100,100
77.5764,100,100
77.5754,100,100
77.5743,100,100
77.5733,100,100
77.5722,100,100
77.5712,100,100
77.5702,100,100
77.5691,100,100
77.5681,100,100
77.567,100,100
77.566,100,100
77.565,100,100
77.5639,100,100
77.5629,100,100
77.5618,100,100
77.5608,100,100
77.5597,100,100
77.5587,100,100
77.5577,100,100
77.5566,100,100
77.5556,100,100
77.5545,100,100
77.5535,100,100
77.5524,100,100
77.5514,100,100
77.5504,100,100
77.5493,100,100
77.5483,100,100
77.5472,100,100
77.5462,100,100
77.5452,100,100
77.5441,100,100
77.5431,100,100
77.542,100,100
77.541,100,100
77.5399,100,100
77.5389,100,100
77.5379,100,100
77.5368,100,100
77.5358,100,100
77.5347,100,100
77.5337,100,100
77.5327,100,100
77.5316,100,100
77.5306,100,100
77.5295,100,100
77.5285,100,100
77.5274,100,100
77.5264,100,100
77.5254,100,100
77.5243,100,100
77.5233,100,100
77.5222,100,100
77.5212,100,100
77.5201,100,100
77.5191,100,100
77.5181,100,100
77.517,100,100
77.516,100,100
77.5149,100,100
77.5139,100,100
77.5129,100,100
77.5118,100,100
77.5108,100,100
77.5097,100,100
77.5087,100,100
77.5076,100,100
77.5066,100,100
77.5055,100,100
77.5044,100,100
77.5034,100,100
77.5023,100,100
77.5012,100,100
77.5001,100,100
77.4991,100,100
77.498,100,100
77.4969,100,100
77.4958,100,100
77.4948,100,100
77.4937,100,100
77.4926,100,100
77.4916,100,100
77.4905,100,100
77.4894,100,100
77.4883,100,100
77.4873,100,100
77.4862,100,100
77.4851,100,100
77.484,100,100
77.483,100,100
77.4819,100,100
77.4808,100,100
77.4798,100,100
77.4787,100,100
77.4776,100,100
77.4765,100,100
77.4755,100,100
77.4744,100,100
77.4733,100,100
77.4722,100,100
77.4712,100,100
77.4701,100,100
77.469,100,100
77.468,100,100
77.4669,100,100
77.4658,100,100
77.4647,100,100
77.4637,100,100
77.4626,100,100
77.4615,100,100
77.4604,100,100
77.4594,100,100
77.4583,100,100
77.4572,100,100
77.4562,100,100
77.4551,100,100
77.454,100,100
77.4529,100,100
77.4519,100,100
77.4508,100,100
77.4497,100,100
77.4486,100,100
77.4476,100,100
77.4465,100,100
77.4454,100,100
77.4444,100,100
77.4433,100,100
77.4422,100,100
77.4411,100,100
77.4401,100,100
77.439,100,100
77.4379,100,100
77.4368,100,100
77.4358,100,100
77.4347,100,100
77.4336,100,100
77.4326,100,100
77.4315,100,100
77.4304,100,100
77.4293,100,100
77.4283,100,100
77.4272,100,100
77.4261,100,100
77.425,100,100
77.424,100,100
77.4229,100,100
77.4218,100,100
77.4208,100,100
77.4197,100,100
77.4186,100,100
77.4175,100,100
77.4165,100,100
77.4154,100,100
77.4143,100,100
77.4132,100,100
77.4122,100,100
77.4111,100,100
77.41,100,100
77.409,100,100
77.4079,100,100
77.4068,100,100
77.4057,100,100
77.4047,100,100
77.4036,100,100
77.4025,100,100
77.4014,100,100
77.4004,100,100
77.3993,100,100
77.3982,100,100
77.3971,100,100
77.396,100,100
77.3949,100,100
77.3938,100,100
77.3927,100,100
77.3916,100,100
77.3905,100,100
77.3894,100,100
77.3883,100,100
77.3872,100,100
77.3861,100,100
77.385,100,100
77.3839,100,100
77.3828,100,100
77.3817,100,100
77.3806,100,100
77.3795,100,100
77.3784,100,100
77.3773,100,100
77.3762,100,100
77.3751,100,100
77.374,100,100
77.3729,100,100
77.3718,100,100
77.3707,100,100
77.3696,100,100
77.3685,100,100
77.3674,100,100
77.3663,100,100
77.3652,100,100
77.3641,100,100
77.363,100,100
77.3619,100,100
77.3608,100,100
77.3597,100,100
77.3586,100,100
77.3575,100,100
77.3564,100,100
77.3553,100,100
77.3542,100,100
77.3531,100,100
77.352,100,100
77.3509,100,100
77.3498,100,100
77.3487,100,100
77.3476,100,100
77.3465,100,100
77.3454,100,100
77.3443,100,100
77.3432,100,100
77.3421,100,100
77.341,100,100
77.3399,100,100
77.3388,100,100
77.3377,100,100
77.3366,100,100
77.3355,100,100
77.3344,100,100
77.3333,100,100
77.3322,100,100
77.3311,100,100
77.33,100,100
77.3289,100,100
77.3278,100,100
77.3267,100,100
77.3256,100,100
77.3245,100,100
77.3234,100,100
77.3223,100,100
77.3212,100,100
77.3201,100,100
77.319,100,100
77.3179,100,100
77.3168,100,100
77.3157,100,100
77.3146,100,100
77.3136,100,100
77.3125,100,100
77.3114,100,100
77.3103,100,100
77.3092,100,100
77.3081,100,100
77.307,100,100
77.3059,100,100
77.3048,100,100
77.3037,100,100
77.3026,100,100
77.3015,100,100
77.3004,100,100
77.2993,100,100
77.2982,100,100
77.2971,100,100
77.296,100,100
77.2949,100,100
77.2938,100,100
77.2927,100,100
77.2916,100,100
77.2905,100,100
77.2893,100,100
77.2882,100,100
77.2871,100,100
77.2859,100,100
77.2848,100,100
77.2837,100,100
77.2825,100,100
77.2814,100,100
77.2802,100,100
77.2791,100,100
77.278,100,100
77.2768,100,100
77.2757,100,100
77.2746,100,100
77.2734,100,100
77.2723,100,100
77.2711,100,100
77.27,100,100
77.2689,100,100
77.2677,100,100
77.2666,100,100
77.2655,100,100
77.2643,100,100
77.2632,100,100
77.2621,100,100
77.2609,100,100
77.2598,100,100
77.2586,100,100
77.2575,100,100
77.2564,100,100
77.2552,100,100
77.2541,100,100
77.253,100,100
77.2518,100,100
77.2507,100,100
77.2495,100,100
77.2484,100,100
77.2473,100,100
77.2461,100,100
77.245,100,100
77.2439,100,100
77.2427,100,100
77.2416,100,100
77.2404,100,100
77.2393,100,100
77.2382,100,100
77.237,100,100
77.2359,100,100
77.2348,100,100
77.2336,100,100
77.2325,100,100
77.2314,100,100
77.2302,100,100
77.2291,100,100
77.2279,100,100
77.2268,100,100
77.2257,100,100
77.2245,100,100
77.2234,100,100
77.2223,100,100
77.2211,100,100
77.22,100,100
77.2188,100,100
77.2177,100,100
77.2166,100,100
77.2154,100,100
77.2143,100,100
77.2132,100,100
77.212,100,100
77.2109,100,100
77.2097,100,100
77.2086,100,100
77.2075,100,100
77.2063,100,100
77.2052,100,100
77.2041,100,100
77.2029,100,100
77.2018,100,100
77.2007,100,100
77.1995,100,100
77.1984,100,100
77.1972,100,100
77.1961,100,100
77.195,100,100
77.1938,100,100
77.1927,100,100
77.1916,100,100
77.1904,100,100
77.1893,100,100
77.1881,100,100
77.187,100,100
77.1859,100,100
77.1847,100,100
77.1836,100,100
77.1825,100,100
77.1813,100,100
77.1802,100,100
77.1791,100,100
77.1779,100,100
77.1768,100,100
77.1756,100,100
77.1745,100,100
77.1733,100,100
77.1722,100,100
77.171,100,100
77.1698,100,100
77.1687,100,100
77.1675,100,100
77.1664,100,100
77.1652,100,100
77.1641,100,100
77.1629,100,100
77.1617,100,100
77.1606,100,100
77.1594,100,100
77.1583,100,100
77.1571,100,100
77.156,100,100
77.1548,100,100
77.1536,100,100
77.1525,100,100
77.1513,100,100
77.1502,100,100
77.149,100,100
77.1479,100,100
77.1467,100,100
77.1455,100,100
77.1444,100,100
77.1432,100,100
77.1421,100,100
77.1409,100,100
77.1398,100,100
77.1386,100,100
77.1374,100,100
77.1363,100,100
77.1351,100,100
77.134,100,100
77.1328,100,100
77.1317,100,100
77.1305,100,100
77.1293,100,100
77.1282,100,100
77.127,100,100
77.1259,100,100
77.1247,100,100
77.1236,100,100
77.1224,100,100
77.1212,100,100
77.1201,100,100
77.1189,100,100
77.1178,100,100
77.1166,100,100
77.1155,100,100
77.1143,100,100
77.1131,100,100
77.112,100,100
77.1108,100,100
77.1097,100,100
77.1085,100,100
77.1074,100,100
77.1062,100,100
77.105,100,100
77.1039,100,100
77.1027,100,100
77.1016,100,100
77.1004,100,100
77.0993,100,100
77.0981,100,100
77.0969,100,100
77.0958,100,100
77.0946,100,100
77.0935,100,100
77.0923,100,100
77.0912,100,100
77.09,100,100
77.0888,100,100
77.0877,100,100
77.0865,100,100
77.0854,100,100
77.0842,100,100
77.0831,100,100
77.0819,100,100
77.0808,100,100
77.0796,100,100
77.0784,100,100
77.0773,100,100
77.0761,100,100
77.075,100,100
77.0738,100,100
77.0727,100,100
77.0715,100,100
77.0703,100,100
77.0692,100,100
77.068,100,100
77.0669,100,100
77.0657,100,100
77.0646,100,100
77.0634,100,100
77.0622,100,100
77.0611,100,100
77.0599,100,100
77.0588,100,100
77.0576,100,100
77.0564,100,100
77.0553,100,100
77.0541,100,100
77.0529,100,100
77.0518,100,100
77.0506,100,100
77.0495,100,100
77.0483,100,100
77.0471,100,100
77.046,100,100
77.0448,100,100
77.0436,100,100
77.0425,100,100
77.0413,100,100
77.0401,100,100
77.039,100,100
77.0378,100,100
77.0367,100,100
77.0355,100,100
77.0343,100,100
77.0332,100,100
77.032,100,100
77.0308,100,100
77.0297,100,100
77.0285,100,100
77.0274,100,100
77.0262,100,100
77.025,100,100
77.0239,100,100
77.0227,100,100
77.0215,100,100
77.0204,100,100
77.0192,100,100
77.018,100,100
77.0169,100,100
77.0157,100,100
77.0146,100,100
77.0134,100,100
77.0122,100,100
77.0111,100,100
77.0099,100,100
77.0087,100,100
77.0076,100,100
77.0064,100,100
77.0053,100,100
77.0041,100,100
77.0029,100,100
77.0018,100,100
77.0006,100,100
76.9994,100,100
76.9983,100,100
76.9971,100,100
76.9959,100,100
76.9948,100,100
76.9936,100,100
76.9925,100,100
76.9913,100,100
76.9901,100,100
76.989,100,100
76.9878,100,100
76.9866,100,100
76.9855,100,100
76.9843,100,100
76.9831,100,100
76.982,100,100
76.9808,100,100
76.9797,100,100
76.9785,100,100
76.9773,100,100
76.9762,100,100
76.975,100,100
76.9738,100,100
76.9727,100,100
76.9715,100,100
76.9704,100,100
76.9692,100,100
76.968,100,100
76.9669,100,100
76.9657,100,100
76.9645,100,100
76.9634,100,100
76.9622,100,100
76.961,100,100
76.9599,100,100
76.9587,100,100
76.9576,100,100
76.9564,100,100
76.9552,100,100
76.9541,100,100
76.9529,100,100
76.9517,100,100
76.9506,100,100
76.9494,100,100
76.9483,100,100
76.9471,100,100
76.9459,100,100
76.9448,100,100
76.9436,100,100
76.9424,100,100
76.9413,100,100
76.9401,100,100
76.9389,100,100
76.9378,100,100
76.9366,100,100
76.9354,100,100
76.9343,100,100
76.9331,100,100
76.9319,100,100
76.9308,100,100
76.9296,100,100
76.9284,100,100
76.9273,100,100
76.9261,100,100
76.9249,100,100
76.9238,100,100
76.9226,100,100
76.9214,100,100
76.9203,100,100
76.9191,100,100
76.9179,100,100
76.9168,100,100
76.9156,100,100
76.9144,100,100
76.9133,100,100
76.9121,100,100
76.9109,100,100
76.9098,100,100
76.9086,100,100
76.9074,100,100
76.9063,100,100
76.9051,100,100
76.9039,100,100
76.9028,100,100
76.9016,100,100
76.9004,100,100
76.8993,100,100
76.8981,100,100
76.8969,100,100
76.8958,100,100
76.8946,100,100
76.8934,100,100
76.8923,100,100
76.8911,100,100
76.8899,100,100
76.8888,100,100
76.8876,100,100
76.8864,100,100
76.8853,100,100
76.8841,100,100
76.8829,100,100
76.8818,100,100
76.8806,100,100
76.8794,100,100
76.8783,100,100
76.8771,100,100
76.8759,100,100
76.8748,100,100
76.8736,100,100
76.8724,100,100
76.8713,100,100
76.8701,100,100
76.8689,100,100
76.8678,100,100
76.8666,100,100
76.8654,100,100
76.8643,100,100
76.8631,100,100
76.8619,100,100
76.8608,100,100
76.8596,100,100
76.8584,100,100
76.8573,100,100
76.8561,100,100
76.8549,100,100
76.8538,100,100
76.8526,100,100
76.8514,100,100
76.8503,100,100
76.8491,100,100
76.8479,100,100
76.8468,100,100
76.8456,100,100
76.8444,100,100
76.8433,100,100
76.8421,100,100
76.8409,100,100
76.8398,100,100
76.8386,100,100
76.8374,100,100
76.8363,100,100
76.8351,100,100
76.8339,100,100
76.8328,100,100
76.8316,100,100
76.8304,100,100
76.8293,100,100
76.8281,100,100
76.8269,100,100
76.8257,100,100
76.8246,100,100
76.8234,100,100
76.8222,100,100
76.8211,100,100
76.8199,100,100
76.8187,100,100
76.8175,100,100
76.8164,100,100
76.8152,100,100
76.814,100,100
76.8129,100,100
76.8117,100,100
76.8105,100,100
76.8093,100,100
76.8082,100,100
76.807,100,100
76.8058,100,100
76.8046,100,100
76.8035,100,100
76.8023,100,100
76.8011,100,100
76.8,100,100
76.7988,100,100
76.7976,100,100
76.7964,100,100
76.7953,100,100
76.7941,100,100
76.7929,100,100
76.7918,100,100
76.7906,100,100
76.7894,100,100
76.7882,100,100
76.7871,100,100
76.7859,100,100
76.7847,100,100
76.7835,100,100
76.7824,100,100
76.7812,100,100
76.78,100,100
76.7789,100,100
76.7777,100,100
76.7765,100,100
76.7753,100,100
76.7742,100,100
76.773,100,100
76.7718,100,100
76.7707,100,100
76.7695,100,100
76.7683,100,100
76.7671,100,100
76.766,100,100
76.7648,100,100
76.7636,100,100
76.7625,100,100
76.7613,100,100
76.7601,100,100
76.7589,100,100
76.7578,100,100
76.7566,100,100
76.7554,100,100
76.7542,100,100
76.7531,100,100
76.7519,100,100
76.7507,100,100
76.7496,100,100
76.7484,100,100
76.7472,100,100
76.746,100,100
76.7449,100,100
76.7437,100,100
76.7425,100,100
76.7414,100,100
76.7402,100,100
76.739,100,100
76.7378,100,100
76.7367,100,100
76.7355,100,100
76.7343,100,100
76.7332,100,100
76.732,100,100
76.7308,100,100
76.7296,100,100
76.7285,100,100
76.7273,100,100
76.7261,100,100
76.7249,100,100
76.7238,100,100
76.7226,100,100
76.7214,100,100
76.7203,100,100
76.7191,100,100
76.7179,100,100
76.7167,100,100
76.7156,100,100
76.7144,100,100
76.7132,100,100
76.7121,100,100
76.7109,100,100
76.7097,100,100
76.7085,100,100
76.7074,100,100
76.7062,100,100
76.705,100,100
76.7038,100,100
76.7027,100,100
76.7015,100,100
76.7003,100,100
76.6991,100,100
76.698,100,100
76.6968,100,100
76.6956,100,100
76.6944,100,100
76.6933,100,100
76.6921,100,100
76.6909,100,100
76.6897,100,100
76.6886,100,100
76.6874,100,100
76.6862,100,100
76.685,100,100
76.6839,100,100
76.6827,100,100
76.6815,100,100
76.6803,100,100
76.6792,100,100
76.678,100,100
76.6768,100,100
76.6756,100,100
76.6745,100,100
76.6733,100,100
76.6721,100,100
76.6709,100,100
76.6698,100,100
76.6686,100,100
76.6674,100,100
76.6662,100,100
76.6651,100,100
76.6639,100,100
76.6627,100,100
76.6615,100,100
76.6604,100,100
76.6592,100,100
76.658,100,100
76.6568,100,100
76.6557,100,100
76.6545,100,100
76.6533,100,100
76.6521,100,100
76.651,100,100
76.6498,100,100
76.6486,100,100
76.6474,100,100
76.6463,100,100
76.6451,100,100
76.6439,100,100
76.6427,100,100
76.6416,100,100
76.6404,100,100
76.6392,100,100
76.638,100,100
76.6369,100,100
76.6357,100,100
76.6345,100,100
76.6333,100,100
76.6322,100,100
76.631,100,100
76.6298,100,100
76.6286,100,100
76.6275,100,100
76.6263,100,100
76.6251,100,100
76.6239,100,100
76.6228,100,100
76.6216,100,100
76.6204,100,100
76.6192,100,100
76.6181,100,100
76.6169,100,100
76.6157,100,100
76.6145,100,100
76.6134,100,100
76.6122,100,100
76.611,100,100
76.6098,100,100
76.6087,100,100
76.6075,100,100
76.6063,100,100
76.6051,100,100
76.604,100,100
76.6028,100,100
76.6016,100,100
76.6004,100,100
76.5993,100,100
76.5981,100,100
76.5969,100,100
76.5957,100,100
76.5946,100,100
76.5934,100,100
76.5922,100,100
76.5911,100,100
76.5899,100,100
76.5887,100,100
76.5875,100,100
76.5864,100,100
76.5852,100,100
76.584,100,100
76.5829,100,100
76.5817,100,100
76.5805,100,100
76.5793,100,100
76.5782,100,100
76.577,100,100
76.5758,100,100
76.5747,100,100
76.5735,100,100
76.5723,100,100
76.5711,100,100
76.57,100,100
76.5688,100,100
76.5676,100,100
76.5665,100,100
76.5653,100,100
76.5641,100,100
76.5629,100,100
76.5618,100,100
76.5606,100,100
76.5594,100,100
76.5583,100,100
76.5571,100,100
76.5559,100,100
76.5548,100,100
76.5536,100,100
76.5524,100,100
76.5512,100,100
76.5501,100,100
76.5489,100,100
76.5477,100,100
76.5466,100,100
76.5454,100,100
76.5442,100,100
76.543,100,100
76.5419,100,100
76.5407,100,100
76.5395,100,100
76.5384,100,100
76.5372,100,100
76.536,100,100
76.5348,100,100
76.5337,100,100
76.5325,100,100
76.5313,100,100
76.5302,100,100
76.529,100,100
76.5278,100,100
76.5266,100,100
76.5255,100,100
76.5243,100,100
76.5231,100,100
76.522,100,100
76.5208,100,100
76.5196,100,100
76.5185,100,100
76.5173,100,100
76.5161,100,100
76.5149,100,100
76.5138,100,100
76.5126,100,100
76.5114,100,100
76.5103,100,100
76.5091,100,100
76.5079,100,100
76.5067,100,100
76.5056,100,100
76.5044,100,100
76.5032,100,100
76.5021,100,100
76.5009,100,100
76.4997,100,100
76.4985,100,100
76.4974,100,100
76.4962,100,100
76.495,100,100
76.4939,100,100
76.4927,100,100
76.4915,100,100
76.4903,100,100
76.4892,100,100
76.488,100,100
76.4868,100,100
76.4857,100,100
76.4845,100,100
76.4833,100,100
76.4822,100,100
76.481,100,100
76.4798,100,100
76.4786,100,100
76.4775,100,100
76.4763,100,100
76.4751,100,100
76.474,100,100
76.4728,100,100
76.4716,100,100
76.4704,100,100
76.4693,100,100
76.4681,100,100
76.4669,100,100
76.4658,100,100
76.4646,100,100
76.4634,100,100
76.4623,100,100
76.4611,100,100
76.4599,100,100
76.4588,100,100
76.4576,100,100
76.4564,100,100
76.4552,100,100
76.4541,100,100
76.4529,100,100
76.4517,100,100
76.4506,100,100
76.4494,100,100
76.4482,100,100
76.4471,100,100
76.4459,100,100
76.4447,100,100
76.4435,100,100
76.4424,100,100
76.4412,100,100
76.44,100,100
76.4389,100,100
76.4377,100,100
76.4365,100,100
76.4354,100,100
76.4342,100,100
76.433,100,100
76.4318,100,100
76.4307,100,100
76.4295,100,100
76.4283,100,100
76.4272,100,100
76.426,100,100
76.4248,100,100
76.4237,100,100
76.4225,100,100
76.4213,100,100
76.4201,100,100
76.419,100,100
76.4178,100,100
76.4166,100,100
76.4155,100,100
76.4143,100,100
76.4131,100,100
76.412,100,100
76.4108,100,100
76.4096,100,100
76.4084,100,100
76.4073,100,100
76.4061,100,100
76.4049,100,100
76.4038,100,100
76.4026,100,100
76.4014,100,100
76.4003,100,100
76.3991,100,100
76.3979,100,100
76.3968,100,100
76.3956,100,100
76.3944,100,100
76.3932,100,100
76.3921,100,100
76.3909,100,100
76.3897,100,100
76.3886,100,100
76.3874,100,100
76.3862,100,100
76.3851,100,100
76.3839,100,100
76.3827,100,100
76.3815,100,100
76.3804,100,100
76.3792,100,100
76.378,100,100
76.3769,100,100
76.3757,100,100
76.3745,100,100
76.3734,100,100
76.3722,100,100
76.371,100,100
76.3698,100,100
76.3687,100,100
76.3675,100,100
76.3663,100,100
76.3652,100,100
76.364,100,100
76.3628,100,100
76.3617,100,100
76.3605,100,100
76.3593,100,100
76.3581,100,100
76.357,100,100
76.3558,100,100
76.3546,100,100
76.3535,100,100
76.3523,100,100
76.3511,100,100
76.35,100,100
76.3488,100,100
76.3476,100,100
76.3465,100,100
76.3453,100,100
76.3441,100,100
76.3429,100,100
76.3418,100,100
76.3406,100,100
76.3394,100,100
76.3383,100,100
76.3371,100,100
76.3359,100,100
76.3348,100,100
76.3336,100,100
76.3324,100,100
76.3312,100,100
76.3301,100,100
76.3289,100,100
76.3277,100,100
76.3266,100,100
76.3254,100,100
76.3242,100,100
76.3231,100,100
76.3219,100,100
76.3207,100,100
76.3195,100,100
76.3184,100,100
76.3172,100,100
76.316,100,100
76.3149,100,100
76.3137,100,100
76.3125,100,100
76.3114,100,100
76.3102,100,100
76.309,100,100
76.3078,100,100
76.3067,100,100
76.3055,100,100
76.3043,100,100
76.3032,100,100
76.302,100,100
76.3008,100,100
76.2997,100,100
76.2985,100,100
76.2973,100,100
76.2962,100,100
76.295,100,100
76.2938,100,100
76.2926,100,100
76.2915,100,100
76.2903,100,100
76.2891,100,100
76.288,100,100
76.2868,100,100
76.2856,100,100
76.2845,100,100
76.2833,100,100
76.2821,100,100
76.2809,100,100
76.2798,100,100
76.2786,100,100
76.2774,100,100
76.2763,100,100
76.2751,100,100
76.2739,100,100
76.2728,100,100
76.2716,100,100
76.2704,100,100
76.2692,100,100
76.2681,100,100
76.2669,100,100
76.2657,100,100
76.2646,100,100
76.2634,100,100
76.2622,100,100
76.2611,100,100
76.2599,100,100
76.2587,100,100
76.2575,100,100
76.2564,100,100
76.2552,100,100
76.254,100,100
76.2529,100,100
76.2517,100,100
76.2505,100,100
76.2494,100,100
76.2482,100,100
76.247,100,100
76.2458,100,100
76.2447,100,100
76.2435,100,100
76.2423,100,100
76.2412,100,100
76.24,100,100
76.2388,100,100
76.2377,100,100
76.2365,100,100
76.2353,100,100
76.2342,100,100
76.233,100,100
76.2318,100,100
76.2306,100,100
76.2295,100,100
76.2283,100,100
76.2271,100,100
76.226,100,100
76.2248,100,100
76.2236,100,100
76.2225,100,100
76.2213,100,100
76.2201,100,100
76.219,100,100
76.2178,100,100
76.2166,100,100
76.2154,100,100
76.2143,100,100
76.2131,100,100
76.2119,100,100
76.2108,100,100
76.2096,100,100
76.2084,100,100
76.2073,100,100
76.2061,100,100
76.2049,100,100
76.2037,100,100
76.2026,100,100
76.2014,100,100
76.2002,100,100
76.1991,100,100
76.1979,100,100
76.1967,100,100
76.1956,100,100
76.1944,100,100
76.1932,100,100
76.1921,100,100
76.1909,100,100
76.1897,100,100
76.1885,100,100
76.1874,100,100
76.1862,100,100
76.185,100,100
76.1839,100,100
76.1827,100,100
76.1815,100,100
76.1804,100,100
76.1792,100,100
76.178,100,100
76.1769,100,100
76.1757,100,100
76.1745,100,100
76.1733,100,100
76.1722,100,100
76.171,100,100
76.1698,100,100
76.1687,100,100
76.1675,100,100
76.1663,100,100
76.1652,100,100
76.164,100,100
76.1628,100,100
76.1616,100,100
76.1605,100,100
76.1593,100,100
76.1581,100,100
76.157,100,100
76.1558,100,100
76.1546,100,100
76.1535,100,100
76.1523,100,100
76.1511,100,100
76.15,100,100
76.1488,100,100
76.1476,100,100
76.1464,100,100
76.1453,100,100
76.1441,100,100
76.1429,100,100
76.1418,100,100
76.1406,100,100
76.1394,100,100
76.1383,100,100
76.1371,100,100
76.1359,100,100
76.1347,100,100
76.1336,100,100
76.1324,100,100
76.1312,100,100
76.1301,100,100
76.1289,100,100
76.1277,100,100
76.1266,100,100
76.1254,100,100
76.1242,100,100
76.1231,100,100
76.1219,100,100
76.1207,100,100
76.1196,100,100
76.1184,100,100
76.1172,100,100
76.1161,100,100
76.1149,100,100
76.1137,100,100
76.1126,100,100
76.1114,100,100
76.1102,100,100
76.1091,100,100
76.1079,100,100
76.1067,100,100
76.1056,100,100
76.1044,100,100
76.1033,100,100
76.1021,100,100
76.1009,100,100
76.0998,100,100
76.0986,100,100
76.0974,100,100
76.0963,100,100
76.0951,100,100
76.0939,100,100
76.0928,100,100
76.0916,100,100
76.0904,100,100
76.0893,100,100
76.0881,100,100
76.0869,100,100
76.0858,100,100
76.0846,100,100
76.0834,100,100
76.0823,100,100
76.0811,100,100
76.0799,100,100
76.0788,100,100
76.0776,100,100
76.0765,100,100
76.0753,100,100
76.0741,100,100
76.073,100,100
76.0718,100,100
76.0706,100,100
76.0695,100,100
76.0683,100,100
76.0671,100,100
76.066,100,100
76.0648,100,100
76.0636,100,100
76.0625,100,100
76.0613,100,100
76.0601,100,100
76.059,100,100
76.0578,100,100
76.0566,100,100
76.0555,100,100
76.0543,100,100
76.0531,100,100
76.052,100,100
76.0508,100,100
76.0496,100,100
76.0485,100,100
76.0473,100,100
76.0462,100,100
76.045,100,100
76.0438,100,100
76.0427,100,100
76.0415,100,100
76.0403,100,100
76.0392,100,100
76.038,100,100
76.0368,100,100
76.0357,100,100
76.0345,100,100
76.0333,100,100
76.0322,100,100
76.031,100,100
76.0298,100,100
76.0287,100,100
76.0275,100,100
76.0263,100,100
76.0252,100,100
76.024,100,100
76.0228,100,100
76.0217,100,100
76.0205,100,100
76.0194,100,100
76.0182,100,100
76.017,100,100
76.0159,100,100
76.0147,100,100
76.0135,100,100
76.0124,100,100
76.0112,100,100
76.01,100,100
76.0089,100,100
76.0077,100,100
76.0065,100,100
76.0054,100,100
76.0042,100,100
76.003,100,100
76.0019,100,100
76.0007,100,100
75.9995,100,100
75.9984,100,100
75.9972,100,100
75.996,100,100
75.9949,100,100
75.9937,100,100
75.9926,100,100
75.9914,100,100
75.9902,100,100
75.9891,100,100
75.9879,100,100
75.9867,100,100
75.9856,100,100
75.9844,100,100
75.9832,100,100
75.9821,100,100
75.9809,100,100
75.9797,100,100
75.9786,100,100
75.9774,100,100
75.9762,100,100
75.9751,100,100
75.9739,100,100
75.9727,100,100
75.9716,100,100
75.9704,100,100
75.9693,100,100
75.9681,100,100
75.9669,100,100
75.9658,100,100
75.9646,100,100
75.9634,100,100
75.9623,100,100
75.9611,100,100
75.9599,100,100
75.9588,100,100
75.9576,100,100
75.9564,100,100
75.9553,100,100
75.9541,100,100
75.9529,100,100
75.9518,100,100
75.9506,100,100
75.9494,100,100
75.9483,100,100
75.9471,100,100
75.946,100,100
75.9448,100,100
75.9436,100,100
75.9425,100,100
75.9413,100,100
75.9401,100,100
75.939,100,100
75.9378,100,100
75.9366,100,100
75.9355,100,100
75.9343,100,100
75.9331,100,100
75.932,100,100
75.9308,100,100
75.9296,100,100
75.9285,100,100
75.9273,100,100
75.9261,100,100
75.925,100,100
75.9238,100,100
75.9227,100,100
75.9215,100,100
75.9203,100,100
75.9192,100,100
75.918,100,100
75.9168,100,100
75.9157,100,100
75.9145,100,100
75.9133,100,100
75.9122,100,100
75.911,100,100
75.9098,100,100
75.9087,100,100
75.9075,100,100
75.9063,100,100
75.9052,100,100
75.904,100,100
75.9028,100,100
75.9017,100,100
75.9005,100,100
75.8993,100,100
75.8982,100,100
75.897,100,100
75.8959,100,100
75.8947,100,100
75.8935,100,100
75.8924,100,100
75.8912,100,100
75.89,100,100
75.8889,100,100
75.8877,100,100
75.8865,100,100
75.8853,100,100
75.8842,100,100
75.883,100,100
75.8818,100,100
75.8807,100,100
75.8795,100,100
75.8783,100,100
75.8772,100,100
75.876,100,100
75.8748,100,100
75.8736,100,100
75.8725,100,100
75.8713,100,100
75.8701,100,100
75.869,100,100
75.8678,100,100
75.8666,100,100
75.8655,100,100
75.8643,100,100
75.8631,100,100
75.8619,100,100
75.8608,100,100
75.8596,100,100
75.8584,100,100
75.8573,100,100
75.8561,100,100
75.8549,100,100
75.8538,100,100
75.8526,100,100
75.8514,100,100
75.8502,100,100
75.8491,100,100
75.8479,100,100
75.8467,100,100
75.8456,100,100
75.8444,100,100
75.8432,100,100
75.8421,100,100
75.8409,100,100
75.8397,100,100
75.8386,100,100
75.8374,100,100
75.8362,100,100
75.835,100,100
75.8339,100,100
75.8327,100,100
75.8315,100,100
75.8304,100,100
75.8292,100,100
75.828,100,100
75.8269,100,100
75.8257,100,100
75.8245,100,100
75.8233,100,100
75.8222,100,100
75.821,100,100
75.8198,100,100
75.8187,100,100
75.8175,100,100
75.8163,100,100
75.8152,100,100
75.814,100,100
75.8128,100,100
75.8116,100,100
75.8105,100,100
75.8093,100,100
75.8081,100,100
75.807,100,100
75.8058,100,100
75.8046,100,100
75.8035,100,100
75.8023,100,100
75.8011,100,100
75.7999,100,100
75.7988,100,100
75.7976,100,100
75.7964,100,100
75.7953,100,100
75.7941,100,100
75.7929,100,100
75.7918,100,100
75.7906,100,100
75.7894,100,100
75.7882,100,100
75.7871,100,100
75.7859,100,100
75.7847,100,100
75.7836,100,100
75.7824,100,100
75.7812,100,100
75.7801,100,100
75.7789,100,100
75.7777,100,100
75.7766,100,100
75.7754,100,100
75.7742,100,100
75.773,100,100
75.7719,100,100
75.7707,100,100
75.7695,100,100
75.7684,100,100
75.7672,100,100
75.766,100,100
75.7649,100,100
75.7637,100,100
75.7625,100,100
75.7613,100,100
75.7602,100,100
75.759,100,100
75.7578,100,100
75.7567,100,100
75.7555,100,100
75.7543,100,100
75.7532,100,100
75.752,100,100
75.7508,100,100
75.7496,100,100
75.7485,100,100
75.7473,100,100
75.7461,100,100
75.745,100,100
75.7438,100,100
75.7426,100,100
75.7415,100,100
75.7403,100,100
75.7391,100,100
75.7379,100,100
75.7368,100,100
75.7356,100,100
75.7344,100,100
75.7333,100,100
75.7321,100,100
75.7309,100,100
75.7298,100,100
75.7286,100,100
75.7274,100,100
75.7263,100,100
75.7251,100,100
75.7239,100,100
75.7227,100,100
75.7216,100,100
75.7204,100,100
75.7192,100,100
75.7181,100,100
75.7169,100,100
75.7157,100,100
75.7146,100,100
75.7134,100,100
75.7122,100,100
75.711,100,100
75.7099,100,100
75.7087,100,100
75.7075,100,100
75.7064,100,100
75.7052,100,100
75.704,100,100
75.7029,100,100
75.7017,100,100
75.7005,100,100
75.6993,100,100
75.6982,100,100
75.697,100,100
75.6958,100,100
75.6947,100,100
75.6935,100,100
75.6923,100,100
75.6912,100,100
75.69,100,100
75.6888,100,100
75.6876,100,100
75.6865,100,100
75.6853,100,100
75.6841,100,100
75.683,100,100
75.6818,100,100
75.6806,100,100
75.6795,100,100
75.6783,100,100
75.6771,100,100
75.676,100,100
75.6748,100,100
75.6736,100,100
75.6724,100,100
75.6713,100,100
75.6701,100,100
75.6689,100,100
75.6678,100,100
75.6666,100,100
75.6654,100,100
75.6643,100,100
75.6631,100,100
75.6619,100,100
75.6607,100,100
75.6596,100,100
75.6584,100,100
75.6572,100,100
75.6561,100,100
75.6549,100,100
75.6537,100,100
75.6526,100,100
75.6514,100,100
75.6502,100,100
75.649,100,100
75.6479,100,100
75.6467,100,100
75.6455,100,100
75.6444,100,100
75.6432,100,100
75.642,100,100
75.6409,100,100
75.6397,100,100
75.6385,100,100
75.6373,100,100
75.6362,100,100
75.635,100,100
75.6338,100,100
75.6327,100,100
75.6315,100,100
75.6303,100,100
75.6292,100,100
75.628,100,100
75.6268,100,100
75.6256,100,100
75.6245,100,100
75.6233,100,100
75.6221,100,100
75.621,100,100
75.6198,100,100
75.6186,100,100
75.6175,100,100
75.6163,100,100
75.6151,100,100
75.614,100,100
75.6128,100,100
75.6116,100,100
75.6104,100,100
75.6093,100,100
75.6081,100,100
75.6069,100,100
75.6058,100,100
75.6046,100,100
75.6034,100,100
75.6023,100,100
75.6011,100,100
75.5999,100,100
75.5987,100,100
75.5976,100,100
75.5964,100,100
75.5952,100,100
75.5941,100,100
75.5929,100,100
75.5917,100,100
75.5906,100,100
75.5894,100,100
75.5882,100,100
75.587,100,100
75.5859,100,100
75.5847,100,100
75.5835,100,100
75.5824,100,100
75.5812,100,100
75.58,100,100
75.5789,100,100
75.5777,100,100
75.5765,100,100
75.5753,100,100
75.5742,100,100
75.573,100,100
75.5718,100,100
75.5707,100,100
75.5695,100,100
75.5683,100,100
75.5672,100,100
75.566,100,100
75.5648,100,100
75.5637,100,100
75.5625,100,100
75.5613,100,100
75.5601,100,100
75.559,100,100
75.5578,100,100
75.5566,100,100
75.5555,100,100
75.5543,100,100
75.5531,100,100
75.552,100,100
75.5508,100,100
75.5496,100,100
75.5484,100,100
75.5473,100,100
75.5461,100,100
75.5449,100,100
75.5438,100,100
75.5426,100,100
75.5414,100,100
75.5403,100,100
75.5391,100,100
75.5379,100,100
75.5367,100,100
75.5356,100,100
75.5344,100,100
75.5332,100,100
75.5321,100,100
75.5309,100,100
75.5297,100,100
75.5286,100,100
75.5274,100,100
75.5262,100,100
75.525,100,100
75.5239,100,100
75.5227,100,100
75.5215,100,100
75.5204,100,100
75.5192,100,100
75.518,100,100
75.5169,100,100
75.5157,100,100
75.5145,100,100
75.5134,100,100
75.5122,100,100
75.511,100,100
75.5098,100,100
75.5087,100,100
75.5075,100,100
75.5063,100,100
75.5052,100,100
75.504,100,100
75.5028,100,100
75.5017,100,100
75.5005,100,100
75.4993,100,100
75.4981,100,100
75.497,100,100
75.4958,100,100
75.4946,100,100
75.4935,100,100
75.4923,100,100
75.4911,100,100
75.49,100,100
75.4888,100,100
75.4876,100,100
75.4864,100,100
75.4853,100,100
75.4841,100,100
75.4829,100,100
75.4818,100,100
75.4806,100,100
75.4794,100,100
75.4783,100,100
75.4771,100,100
75.4759,100,100
75.4747,100,100
75.4736,100,100
75.4724,100,100
75.4712,100,100
75.4701,100,100
75.4689,100,100
75.4677,100,100
75.4666,100,100
75.4654,100,100
75.4642,100,100
75.463,100,100
75.4619,100,100
75.4607,100,100
75.4595,100,100
75.4584,100,100
75.4572,100,100
75.456,100,100
75.4549,100,100
75.4537,100,100
75.4525,100,100
75.4514,100,100
75.4502,100,100
75.449,100,100
75.4478,100,100
75.4467,100,100
75.4455,100,100
75.4443,100,100
75.4432,100,100
75.442,100,100
75.4408,100,100
75.4397,100,100
75.4385,100,100
75.4373,100,100
75.4361,100,100
75.435,100,100
75.4338,100,100
75.4326,100,100
75.4315,100,100
75.4303,100,100
75.4291,100,100
75.428,100,100
75.4268,100,100
75.4256,100,100
75.4244,100,100
75.4233,100,100
75.4221,100,100
75.4209,100,100
75.4198,100,100
75.4186,100,100
75.4174,100,100
75.4162,100,100
75.4151,100,100
75.4139,100,100
75.4127,100,100
75.4116,100,100
75.4104,100,100
75.4092,100,100
75.4081,100,100
75.4069,100,100
75.4057,100,100
75.4045,100,100
75.4034,100,100
75.4022,100,100
75.401,100,100
75.3999,100,100
75.3987,100,100
75.3975,100,100
75.3963,100,100
75.3952,100,100
75.394,100,100
75.3928,100,100
75.3917,100,100
75.3905,100,100
75.3893,100,100
75.3881,100,100
75.387,100,100
75.3858,100,100
75.3846,100,100
75.3835,100,100
75.3823,100,100
75.3811,100,100
75.3799,100,100
75.3788,100,100
75.3776,100,100
75.3764,100,100
75.3753,100,100
75.3741,100,100
75.3729,100,100
75.3717,100,100
75.3706,100,100
75.3694,100,100
75.3682,100,100
75.3671,100,100
75.3659,100,100
75.3647,100,100
75.3635,100,100
75.3624,100,100
75.3612,100,100
75.36,100,100
75.3589,100,100
75.3577,100,100
75.3565,100,100
75.3553,100,100
75.3542,100,100
75.353,100,100
75.3518,100,100
75.3507,100,100
75.3495,100,100
75.3483,100,100
75.3472,100,100
75.346,100,100
75.3448,100,100
75.3436,100,100
75.3425,100,100
75.3413,100,100
75.3401,100,100
75.339,100,100
75.3378,100,100
75.3366,100,100
75.3354,100,100
75.3343,100,100
75.3331,100,100
75.3319,100,100
75.3308,100,100
75.3296,100,100
75.3284,100,100
75.3272,100,100
75.3261,100,100
75.3249,100,100
75.3237,100,100
75.3226,100,100
75.3214,100,100
75.3202,100,100
75.319,100,100
75.3179,100,100
75.3167,100,100
75.3155,100,100
75.3144,100,100
75.3132,100,100
75.312,100,100
75.3108,100,100
75.3097,100,100
75.3085,100,100
75.3073,100,100
75.3061,100,100
75.305,100,100
75.3038,100,100
75.3026,100,100
75.3014,100,100
75.3002,100,100
75.299,100,100
75.2978,100,100
75.2966,100,100
75.2954,100,100
75.2942,100,100
75.293,100,100
75.2919,100,100
75.2907,100,100
75.2895,100,100
75.2883,100,100
75.2871,100,100
75.2859,100,100
75.2847,100,100
75.2835,100,100
75.2823,100,100
75.2811,100,100
75.2799,100,100
75.2788,100,100
75.2776,100,100
75.2764,100,100
75.2752,100,100
75.274,100,100
75.2728,100,100
75.2716,100,100
75.2704,100,100
75.2692,100,100
75.268,100,100
75.2668,100,100
75.2657,100,100
75.2645,100,100
75.2633,100,100
75.2621,100,100
75.2609,100,100
75.2597,100,100
75.2585,100,100
75.2573,100,100
75.2561,100,100
75.2549,100,100
75.2537,100,100
75.2526,100,100
75.2514,100,100
75.2502,100,100
75.249,100,100
75.2478,100,100
75.2466,100,100
75.2454,100,100
75.2442,100,100
75.243,100,100
75.2418,100,100
75.2406,100,100
75.2395,100,100
75.2383,100,100
75.2371,100,100
75.2359,100,100
75.2347,100,100
75.2335,100,100
75.2323,100,100
75.2311,100,100
75.2299,100,100
75.2287,100,100
75.2276,100,100
75.2264,100,100
75.2252,100,100
75.224,100,100
75.2228,100,100
75.2216,100,100
75.2204,100,100
75.2192,100,100
75.218,100,100
75.2168,100,100
75.2156,100,100
75.2145,100,100
75.2133,100,100
75.2121,100,100
75.2109,100,100
75.2097,100,100
75.2085,100,100
75.2073,100,100
75.2061,100,100
75.2049,100,100
75.2037,100,100
75.2025,100,100
75.2014,100,100
75.2002,100,100
75.199,100,100
75.1978,100,100
75.1966,100,100
75.1954,100,100
75.1942,100,100
75.193,100,100
75.1918,100,100
75.1906,100,100
75.1894,100,100
75.1883,100,100
75.1871,100,100
75.1859,100,100
75.1847,100,100
75.1835,100,100
75.1823,100,100
75.1811,100,100
75.1799,100,100
75.1787,100,100
75.1775,100,100
75.1763,100,100
75.1752,100,100
75.174,100,100
75.1728,100,100
75.1716,100,100
75.1704,100,100
75.1692,100,100
75.168,100,100
75.1668,100,100
75.1656,100,100
75.1644,100,100
75.1632,100,100
75.1621,100,100
75.1609,100,100
75.1597,100,100
75.1585,100,100
75.1573,100,100
75.1561,100,100
75.1549,100,100
75.1537,100,100
75.1525,100,100
75.1513,100,100
75.1501,100,100
75.149,100,100
75.1478,100,100
75.1466,100,100
75.1454,100,100
75.1442,100,100
75.143,100,100
75.1418,100,100
75.1406,100,100
75.1394,100,100
75.1382,100,100
75.137,100,100
75.1358,100,100
75.1347,100,100
75.1335,100,100
75.1323,100,100
75.1311,100,100
75.1299,100,100
75.1287,100,100
75.1275,100,100
75.1263,100,100
75.1251,100,100
75.1239,100,100
75.1227,100,100
75.1216,100,100
75.1204,100,100
75.1192,100,100
75.118,100,100
75.1168,100,100
75.1156,100,100
75.1144,100,100
75.1132,100,100
75.112,100,100
75.1108,100,100
75.1096,100,100
75.1085,100,100
75.1073,100,100
75.1061,100,100
75.1049,100,100
75.1037,100,100
75.1025,100,100
75.1013,100,100
75.1001,100,100
75.0989,100,100
75.0977,100,100
75.0965,100,100
75.0954,100,100
75.0942,100,100
75.093,100,100
75.0918,100,100
75.0906,100,100
75.0894,100,100
75.0882,100,100
75.087,100,100
75.0858,100,100
75.0846,100,100
75.0834,100,100
75.0823,100,100
75.0811,100,100
75.0799,100,100
75.0787,100,100
75.0775,100,100
75.0763,100,100
75.0751,100,100
75.0739,100,100
75.0727,100,100
75.0715,100,100
75.0703,100,100
75.0692,100,100
75.068,100,100
75.0668,100,100
75.0656,100,100
75.0644,100,100
75.0632,100,100
75.062,100,100
75.0608,100,100
75.0596,100,100
75.0585,100,100
75.0573,100,100
75.0561,100,100
75.0549,100,100
75.0537,100,100
75.0525,100,100
75.0513,100,100
75.0501,100,100
75.049,100,100
75.0478,100,100
75.0466,100,100
75.0454,100,100
75.0442,100,100
75.043,100,100
75.0418,100,100
75.0406,100,100
75.0394,100,100
75.0383,100,100
75.0371,100,100
75.0359,100,100
75.0347,100,100
75.0335,100,100
75.0323,100,100
75.0311,100,100
75.0299,100,100
75.0287,100,100
75.0276,100,100
75.0264,100,100
75.0252,100,100
75.024,100,100
75.0228,100,100
75.0216,100,100
75.0204,100,100
75.0192,100,100
75.0181,100,100
75.0169,100,100
75.0157,100,100
75.0145,100,100
75.0133,100,100
75.0121,100,100
75.0109,100,100
75.0097,100,100
75.0085,100,100
75.0074,100,100
75.0062,100,100
75.005,100,100
75.0038,100,100
75.0026,100,100
75.0014,100,100
75.0002,100,100
74.999,100,100
74.9979,100,100
74.9967,100,100
74.9955,100,100
74.9943,100,100
74.9931,100,100
74.9919,100,100
74.9907,100,100
74.9895,100,100
74.9883,100,100
74.9872,100,100
74.986,100,100
74.9848,100,100
74.9836,100,100
74.9824,100,100
74.9812,100,100
74.98,100,100
74.9788,100,100
74.9776,100,100
74.9765,100,100
74.9753,100,100
74.9741,100,100
74.9729,100,100
74.9717,100,100
74.9705,100,100
74.9693,100,100
74.9681,100,100
74.967,100,100
74.9658,100,100
74.9646,100,100
74.9634,100,100
74.9622,100,100
74.961,100,100
74.9598,100,100
74.9586,100,100
74.9574,100,100
74.9563,100,100
74.9551,100,100
74.9539,100,100
74.9527,100,100
74.9515,100,100
74.9503,100,100
74.9491,100,100
74.948,100,100
74.9468,100,100
74.9456,100,100
74.9444,100,100
74.9432,100,100
74.942,100,100
74.9409,100,100
74.9397,100,100
74.9385,100,100
74.9373,100,100
74.9361,100,100
74.935,100,100
74.9338,100,100
74.9326,100,100
74.9314,100,100
74.9302,100,100
74.929,100,100
74.9279,100,100
74.9267,100,100
74.9255,100,100
74.9243,100,100
74.9231,100,100
74.922,100,100
74.9208,100,100
74.9196,100,100
74.9184,100,100
74.9172,100,100
74.916,100,100
74.9149,100,100
74.9137,100,100
74.9125,100,100
74.9113,100,100
74.9101,100,100
74.909,100,100
74.9078,100,100
74.9066,100,100
74.9054,100,100
74.9042,100,100
74.903,100,100
74.9019,100,100
74.9007,100,100
74.8995,100,100
74.8983,100,100
74.8971,100,100
74.896,100,100
74.8948,100,100
74.8936,100,100
74.8924,100,100
74.8912,100,100
74.89,100,100
74.8889,100,100
74.8877,100,100
74.8865,100,100
74.8853,100,100
74.8841,100,100
74.883,100,100
74.8818,100,100
74.8806,100,100
74.8794,100,100
74.8782,100,100
74.877,100,100
74.8759,100,100
74.8747,100,100
74.8735,100,100
74.8723,100,100
74.8711,100,100
74.87,100,100
74.8688,100,100
74.8676,100,100
74.8664,100,100
74.8652,100,100
74.864,100,100
74.8629,100,100
74.8617,100,100
74.8605,100,100
74.8593,100,100
74.8581,100,100
74.857,100,100
74.8558,100,100
74.8546,100,100
74.8534,100,100
74.8522,100,100
74.851,100,100
74.8499,100,100
74.8487,100,100
74.8475,100,100
74.8463,100,100
74.8451,100,100
74.844,100,100
74.8428,100,100
74.8416,100,100
74.8404,100,100
74.8392,100,100
74.838,100,100
74.8369,100,100
74.8357,100,100
74.8345,100,100
74.8333,100,100
74.8321,100,100
74.831,100,100
74.8298,100,100
74.8286,100,100
74.8274,100,100
74.8262,100,100
74.8251,100,100
74.8239,100,100
74.8227,100,100
74.8215,100,100
74.8203,100,100
74.8192,100,100
74.818,100,100
74.8168,100,100
74.8156,100,100
74.8144,100,100
74.8133,100,100
74.8121,100,100
74.8109,100,100
74.8097,100,100
74.8085,100,100
74.8074,100,100
74.8062,100,100
74.805,100,100
74.8038,100,100
74.8026,100,100
74.8015,100,100
74.8003,100,100
74.7991,100,100
74.7979,100,100
74.7967,100,100
74.7956,100,100
74.7944,100,100
74.7932,100,100
74.792,100,100
74.7908,100,100
74.7897,100,100
74.7885,100,100
74.7873,100,100
74.7861,100,100
74.7849,100,100
74.7837,100,100
74.7826,100,100
74.7814,100,100
74.7802,100,100
74.779,100,100
74.7778,100,100
74.7767,100,100
74.7755,100,100
74.7743,100,100
74.7731,100,100
74.7719,100,100
74.7708,100,100
74.7696,100,100
74.7684,100,100
74.7672,100,100
74.766,100,100
74.7649,100,100
74.7637,100,100
74.7625,100,100
74.7613,100,100
74.7601,100,100
74.759,100,100
74.7578,100,100
74.7566,100,100
74.7554,100,100
74.7542,100,100
74.7531,100,100
74.7519,100,100
74.7507,100,100
74.7495,100,100
74.7483,100,100
74.7472,100,100
74.746,100,100
74.7448,100,100
74.7436,100,100
74.7424,100,100
74.7413,100,100
74.7401,100,100
74.7389,100,100
74.7377,100,100
74.7365,100,100
74.7354,100,100
74.7342,100,100
74.733,100,100
74.7318,100,100
74.7306,100,100
74.7295,100,100
74.7283,100,100
74.7271,100,100
74.7259,100,100
74.7247,100,100
74.7236,100,100
74.7224,100,100
74.7212,100,100
74.72,100,100
74.7188,100,100
74.7177,100,100
74.7165,100,100
74.7153,100,100
74.7141,100,100
74.7129,100,100
74.7118,100,100
74.7106,100,100
74.7094,100,100
74.7082,100,100
74.707,100,100
74.7059,100,100
74.7047,100,100
74.7035,100,100
74.7023,100,100
74.7011,100,100
74.7,100,100
74.6988,100,100
74.6976,100,100
74.6964,100,100
74.6952,100,100
74.6941,100,100
74.6929,100,100
74.6917,100,100
74.6905,100,100
74.6893,100,100
74.6882,100,100
74.687,100,100
74.6858,100,100
74.6846,100,100
74.6834,100,100
74.6823,100,100
74.6811,100,100
74.6799,100,100
74.6787,100,100
74.6775,100,100
74.6764,100,100
74.6752,100,100
74.674,100,100
74.6728,100,100
74.6716,100,100
74.6705,100,100
74.6693,100,100
74.6681,100,100
74.6669,100,100
74.6657,100,100
74.6646,100,100
74.6634,100,100
74.6622,100,100
74.661,100,100
74.6598,100,100
74.6586,100,100
74.6575,100,100
74.6563,100,100
74.6551,100,100
74.6539,100,100
74.6527,100,100
74.6516,100,100
74.6504,100,100
74.6492,100,100
74.648,100,100
74.6468,100,100
74.6457,100,100
74.6445,100,100
74.6433,100,100
74.6421,100,100
74.6409,100,100
74.6398,100,100
74.6386,100,100
74.6374,100,100
74.6362,100,100
74.635,100,100
74.6339,100,100
74.6327,100,100
74.6315,100,100
74.6303,100,100
74.6291,100,100
74.628,100,100
74.6268,100,100
74.6256,100,100
74.6244,100,100
74.6232,100,100
74.6221,100,100
74.6209,100,100
74.6197,100,100
74.6185,100,100
74.6173,100,100
74.6162,100,100
74.615,100,100
74.6138,100,100
74.6126,100,100
74.6114,100,100
74.6103,100,100
74.6091,100,100
74.6079,100,100
74.6067,100,100
74.6055,100,100
74.6044,100,100
74.6032,100,100
74.602,100,100
74.6008,100,100
74.5996,100,100
74.5985,100,100
74.5973,100,100
74.5961,100,100
74.5949,100,100
74.5937,100,100
74.5926,100,100
74.5914,100,100
74.5902,100,100
74.589,100,100
74.5879,100,100
74.5867,100,100
74.5855,100,100
74.5843,100,100
74.5832,100,100
74.582,100,100
74.5808,100,100
74.5796,100,100
74.5784,100,100
74.5773,100,100
74.5761,100,100
74.5749,100,100
74.5737,100,100
74.5726,100,100
74.5714,100,100
74.5702,100,100
74.569,100,100
74.5679,100,100
74.5667,100,100
74.5655,100,100
74.5643,100,100
74.5631,100,100
74.562,100,100
74.5608,100,100
74.5596,100,100
74.5584,100,100
74.5573,100,100
74.5561,100,100
74.5549,100,100
74.5537,100,100
74.5526,100,100
74.5514,100,100
74.5502,100,100
74.549,100,100
74.5478,100,100
74.5467,100,100
74.5455,100,100
74.5443,100,100
74.5431,100,100
74.542,100,100
74.5408,100,100
74.5396,100,100
74.5384,100,100
74.5373,100,100
74.5361,100,100
74.5349,100,100
74.5337,100,100
74.5325,100,100
74.5314,100,100
74.5302,100,100
74.529,100,100
74.5278,100,100
74.5267,100,100
74.5255,100,100
74.5243,100,100
74.5231,100,100
74.522,100,100
74.5208,100,100
74.5196,100,100
74.5184,100,100
74.5172,100,100
74.5161,100,100
74.5149,100,100
74.5137,100,100
74.5125,100,100
74.5114,100,100
74.5102,100,100
74.509,100,100
74.5078,100,100
74.5067,100,100
74.5055,100,100
74.5043,100,100
74.5031,100,100
74.5019,100,100
74.5008,100,100
74.4996,100,100
74.4984,100,100
74.4972,100,100
74.4961,100,100
74.4949,100,100
74.4937,100,100
74.4925,100,100
74.4914,100,100
74.4902,100,100
74.489,100,100
74.4878,100,100
74.4867,100,100
74.4855,100,100
74.4843,100,100
74.4831,100,100
74.4819,100,100
74.4808,100,100
74.4796,100,100
74.4784,100,100
74.4772,100,100
74.4761,100,100
74.4749,100,100
74.4737,100,100
74.4725,100,100
74.4714,100,100
74.4702,100,100
74.469,100,100
74.4678,100,100
74.4667,100,100
74.4655,100,100
74.4643,100,100
74.4631,100,100
74.462,100,100
74.4608,100,100
74.4596,100,100
74.4584,100,100
74.4573,100,100
74.4561,100,100
74.4549,100,100
74.4537,100,100
74.4526,100,100
74.4514,100,100
74.4502,100,100
74.449,100,100
74.4479,100,100
74.4467,100,100
74.4455,100,100
74.4443,100,100
74.4432,100,100
74.442,100,100
74.4408,100,100
74.4396,100,100
74.4385,100,100
74.4373,100,100
74.4361,100,100
74.4349,100,100
74.4338,100,100
74.4326,100,100
74.4314,100,100
74.4302,100,100
74.4291,100,100
74.4279,100,100
74.4267,100,100
74.4255,100,100
74.4244,100,100
74.4232,100,100
74.422,100,100
74.4208,100,100
74.4197,100,100
74.4185,100,100
74.4173,100,100
74.4161,100,100
74.415,100,100
74.4138,100,100
74.4126,100,100
74.4115,100,100
74.4103,100,100
74.4091,100,100
74.4079,100,100
74.4068,100,100
74.4056,100,100
74.4044,100,100
74.4032,100,100
74.4021,100,100
74.4009,100,100
74.3997,100,100
74.3985,100,100
74.3974,100,100
74.3962,100,100
74.395,100,100
74.3938,100,100
74.3927,100,100
74.3915,100,100
74.3903,100,100
74.3891,100,100
74.388,100,100
74.3868,100,100
74.3856,100,100
74.3844,100,100
74.3833,100,100
74.3821,100,100
74.3809,100,100
74.3797,100,100
74.3786,100,100
74.3774,100,100
74.3762,100,100
74.375,100,100
74.3739,100,100
74.3727,100,100
74.3715,100,100
74.3703,100,100
74.3692,100,100
74.368,100,100
74.3668,100,100
74.3656,100,100
74.3645,100,100
74.3633,100,100
74.3621,100,100
74.3609,100,100
74.3598,100,100
74.3586,100,100
74.3574,100,100
74.3562,100,100
74.3551,100,100
74.3539,100,100
74.3527,100,100
74.3515,100,100
74.3504,100,100
74.3492,100,100
74.348,100,100
74.3468,100,100
74.3457,100,100
74.3445,100,100
74.3433,100,100
74.3421,100,100
74.341,100,100
74.3398,100,100
74.3386,100,100
74.3375,100,100
74.3363,100,100
74.3351,100,100
74.3339,100,100
74.3328,100,100
74.3316,100,100
74.3304,100,100
74.3292,100,100
74.3281,100,100
74.3269,100,100
74.3257,100,100
74.3245,100,100
74.3234,100,100
74.3222,100,100
74.321,100,100
74.3198,100,100
74.3187,100,100
74.3175,100,100
74.3163,100,100
74.3151,100,100
74.314,100,100
74.3128,100,100
74.3116,100,100
74.3104,100,100
74.3093,100,100
74.3081,100,100
74.3069,100,100
74.3057,100,100
74.3046,100,100
74.3034,100,100
74.3022,100,100
74.301,100,100
74.2999,100,100
74.2987,100,100
74.2975,100,100
74.2964,100,100
74.2952,100,100
74.294,100,100
74.2928,100,100
74.2917,100,100
74.2905,100,100
74.2893,100,100
74.2881,100,100
74.287,100,100
74.2858,100,100
74.2846,100,100
74.2834,100,100
74.2823,100,100
74.2811,100,100
74.2799,100,100
74.2787,100,100
74.2776,100,100
74.2764,100,100
74.2752,100,100
74.274,100,100
74.2729,100,100
74.2717,100,100
74.2705,100,100
74.2693,100,100
74.2682,100,100
74.267,100,100
74.2658,100,100
74.2646,100,100
74.2635,100,100
74.2623,100,100
74.2611,100,100
74.26,100,100
74.2588,100,100
74.2576,100,100
74.2564,100,100
74.2553,100,100
74.2541,100,100
74.2529,100,100
74.2517,100,100
74.2506,100,100
74.2494,100,100
74.2482,100,100
74.247,100,100
74.2459,100,100
74.2447,100,100
74.2435,100,100
74.2423,100,100
74.2412,100,100
74.24,100,100
74.2388,100,100
74.2377,100,100
74.2365,100,100
74.2353,100,100
74.2341,100,100
74.233,100,100
74.2318,100,100
74.2306,100,100
74.2294,100,100
74.2283,100,100
74.2271,100,100
74.2259,100,100
74.2248,100,100
74.2236,100,100
74.2224,100,100
74.2212,100,100
74.2201,100,100
74.2189,100,100
74.2177,100,100
74.2166,100,100
74.2154,100,100
74.2142,100,100
74.213,100,100
74.2119,100,100
74.2107,100,100
74.2095,100,100
74.2083,100,100
74.2072,100,100
74.206,100,100
74.2048,100,100
74.2037,100,100
74.2025,100,100
74.2013,100,100
74.2001,100,100
74.199,100,100
74.1978,100,100
74.1966,100,100
74.1955,100,100
74.1943,100,100
74.1931,100,100
74.1919,100,100
74.1908,100,100
74.1896,100,100
74.1884,100,100
74.1872,100,100
74.1861,100,100
74.1849,100,100
74.1837,100,100
74.1826,100,100
74.1814,100,100
74.1802,100,100
74.179,100,100
74.1779,100,100
74.1767,100,100
74.1755,100,100
74.1744,100,100
74.1732,100,100
74.172,100,100
74.1708,100,100
74.1697,100,100
74.1685,100,100
74.1673,100,100
74.1661,100,100
74.165,100,100
74.1638,100,100
74.1626,100,100
74.1615,100,100
74.1603,100,100
74.1591,100,100
74.1579,100,100
74.1568,100,100
74.1556,100,100
74.1544,100,100
74.1533,100,100
74.1521,100,100
74.1509,100,100
74.1497,100,100
74.1486,100,100
74.1474,100,100
74.1462,100,100
74.145,100,100
74.1439,100,100
74.1427,100,100
74.1415,100,100
74.1404,100,100
74.1392,100,100
74.138,100,100
74.1368,100,100
74.1357,100,100
74.1345,100,100
74.1333,100,100
74.1322,100,100
74.131,100,100
74.1298,100,100
74.1286,100,100
74.1275,100,100
74.1263,100,100
74.1251,100,100
74.1239,100,100
74.1228,100,100
74.1216,100,100
74.1204,100,100
74.1192,100,100
74.1181,100,100
74.1169,100,100
74.1157,100,100
74.1145,100,100
74.1134,100,100
74.1122,100,100
74.111,100,100
74.1098,100,100
74.1087,100,100
74.1075,100,100
74.1063,100,100
74.1051,100,100
74.104,100,100
74.1028,100,100
74.1016,100,100
74.1004,100,100
74.0993,100,100
74.0981,100,100
74.0969,100,100
74.0957,100,100
74.0946,100,100
74.0934,100,100
74.0922,100,100
74.091,100,100
74.0899,100,100
74.0887,100,100
74.0875,100,100
74.0863,100,100
74.0852,100,100
74.084,100,100
74.0828,100,100
74.0816,100,100
74.0805,100,100
74.0793,100,100
74.0781,100,100
74.0769,100,100
74.0758,100,100
74.0746,100,100
74.0734,100,100
74.0722,100,100
74.0711,100,100
74.0699,100,100
74.0687,100,100
74.0675,100,100
74.0664,100,100
74.0652,100,100
74.064,100,100
74.0628,100,100
74.0617,100,100
74.0605,100,100
74.0593,100,100
74.0581,100,100
74.057,100,100
74.0558,100,100
74.0546,100,100
74.0534,100,100
74.0523,100,100
74.0511,100,100
74.0499,100,100
74.0487,100,100
74.0476,100,100
74.0464,100,100
74.0452,100,100
74.044,100,100
74.0429,100,100
74.0417,100,100
74.0405,100,100
74.0393,100,100
74.0382,100,100
74.037,100,100
74.0358,100,100
74.0346,100,100
74.0335,100,100
74.0323,100,100
74.0311,100,100
74.0299,100,100
74.0288,100,100
74.0276,100,100
74.0264,100,100
74.0252,100,100
74.0241,100,100
74.0229,100,100
74.0217,100,100
74.0205,100,100
74.0194,100,100
74.0182,100,100
74.017,100,100
74.0158,100,100
74.0147,100,100
74.0135,100,100
74.0123,100,100
74.0111,100,100
74.01,100,100
74.0088,100,100
74.0076,100,100
74.0064,100,100
74.0053,100,100
74.0041,100,100
74.0029,100,100
74.0017,100,100
74.0006,100,100
73.9994,100,100
73.9982,100,100
73.997,100,100
73.9959,100,100
73.9947,100,100
73.9935,100,100
73.9923,100,100
73.9912,100,100
73.99,100,100
73.9888,100,100
73.9876,100,100
73.9865,100,100
73.9853,100,100
73.9841,100,100
73.9829,100,100
73.9818,100,100
73.9806,100,100
73.9794,100,100
73.9782,100,100
73.9771,100,100
73.9759,100,100
73.9747,100,100
73.9735,100,100
73.9724,100,100
73.9712,100,100
73.97,100,100
73.9688,100,100
73.9677,100,100
73.9665,100,100
73.9653,100,100
73.9641,100,100
73.963,100,100
73.9618,100,100
73.9606,100,100
73.9594,100,100
73.9583,100,100
73.9571,100,100
73.9559,100,100
73.9547,100,100
73.9536,100,100
73.9524,100,100
73.9512,100,100
73.95,100,100
73.9489,100,100
73.9477,100,100
73.9465,100,100
73.9453,100,100
73.9442,100,100
73.943,100,100
73.9418,100,100
73.9406,100,100
73.9395,100,100
73.9383,100,100
73.9371,100,100
73.9359,100,100
73.9348,100,100
73.9336,100,100
73.9324,100,100
73.9312,100,100
73.9301,100,100
73.9289,100,100
73.9277,100,100
73.9265,100,100
73.9254,100,100
73.9242,100,100
73.923,100,100
73.9218,100,100
73.9207,100,100
73.9195,100,100
73.9183,100,100
73.9171,100,100
73.916,100,100
73.9148,100,100
73.9136,100,100
73.9124,100,100
73.9113,100,100
73.9101,100,100
73.9089,100,100
73.9077,100,100
73.9066,100,100
73.9054,100,100
73.9042,100,100
73.903,100,100
73.9019,100,100
73.9007,100,100
73.8995,100,100
73.8983,100,100
73.8972,100,100
73.896,100,100
73.8948,100,100
73.8936,100,100
73.8925,100,100
73.8913,100,100
73.8901,100,100
73.8889,100,100
73.8878,100,100
73.8866,100,100
73.8854,100,100
73.8842,100,100
73.8831,100,100
73.8819,100,100
73.8807,100,100
73.8795,100,100
73.8784,100,100
73.8772,100,100
73.876,100,100
73.8748,100,100
73.8737,100,100
73.8725,100,100
73.8713,100,100
73.8701,100,100
73.869,100,100
73.8678,100,100
73.8666,100,100
73.8654,100,100
73.8643,100,100
73.8631,100,100
73.8619,100,100
73.8607,100,100
73.8596,100,100
73.8584,100,100
73.8572,100,100
73.856,100,100
73.8549,100,100
73.8537,100,100
73.8525,100,100
73.8513,100,100
73.8502,100,100
73.849,100,100
73.8478,100,100
73.8466,100,100
73.8455,100,100
73.8443,100,100
73.8431,100,100
73.8419,100,100
73.8408,100,100
73.8396,100,100
73.8384,100,100
73.8372,100,100
73.8361,100,100
73.8349,100,100
73.8337,100,100
73.8325,100,100
73.8314,100,100
73.8302,100,100
73.829,100,100
73.8278,100,100
73.8267,100,100
73.8255,100,100
73.8243,100,100
73.8231,100,100
73.822,100,100
73.8208,100,100
73.8196,100,100
73.8184,100,100
73.8173,100,100
73.8161,100,100
73.8149,100,100
73.8137,100,100
73.8126,100,100
73.8114,100,100
73.8102,100,100
73.809,100,100
73.8079,100,100
73.8067,100,100
73.8055,100,100
73.8043,100,100
73.8032,100,100
73.802,100,100
73.8008,100,100
73.7996,100,100
73.7985,100,100
73.7973,100,100
73.7961,100,100
73.7949,100,100
73.7938,100,100
73.7926,100,100
73.7914,100,100
73.7902,100,100
73.7891,100,100
73.7879,100,100
73.7867,100,100
73.7855,100,100
73.7844,100,100
73.7832,100,100
73.782,100,100
73.7808,100,100
73.7797,100,100
73.7785,100,100
73.7773,100,100
73.7761,100,100
73.7749,100,100
73.7738,100,100
73.7726,100,100
73.7714,100,100
73.7702,100,100
73.7691,100,100
73.7679,100,100
73.7667,100,100
73.7656,100,100
73.7644,100,100
73.7632,100,100
73.762,100,100
73.7609,100,100
73.7597,100,100
73.7585,100,100
73.7573,100,100
73.7562,100,100
73.755,100,100
73.7538,100,100
73.7526,100,100
73.7515,100,100
73.7503,100,100
73.7491,100,100
73.7479,100,100
73.7468,100,100
73.7456,100,100
73.7444,100,100
73.7432,100,100
73.7421,100,100
73.7409,100,100
73.7397,100,100
73.7385,100,100
73.7374,100,100
73.7362,100,100
73.735,100,100
73.7338,100,100
73.7327,100,100
73.7315,100,100
73.7303,100,100
73.7291,100,100
73.728,100,100
73.7268,100,100
73.7256,100,100
73.7244,100,100
73.7233,100,100
73.7221,100,100
73.7209,100,100
73.7197,100,100
73.7186,100,100
73.7174,100,100
73.7162,100,100
73.715,100,100
73.7139,100,100
73.7127,100,100
73.7115,100,100
73.7103,100,100
73.7092,100,100
73.708,100,100
73.7068,100,100
73.7056,100,100
73.7045,100,100
73.7033,100,100
73.7021,100,100
73.7009,100,100
73.6998,100,100
73.6986,100,100
73.6974,100,100
73.6962,100,100
73.6951,100,100
73.6939,100,100
73.6927,100,100
73.6915,100,100
73.6904,100,100
73.6892,100,100
73.688,100,100
73.6868,100,100
73.6857,100,100
73.6845,100,100
73.6833,100,100
73.6821,100,100
73.681,100,100
73.6798,100,100
73.6786,100,100
73.6774,100,100
73.6763,100,100
73.6751,100,100
73.6739,100,100
73.6727,100,100
73.6716,100,100
73.6704,100,100
73.6692,100,100
73.668,100,100
73.6669,100,100
73.6657,100,100
73.6645,100,100
73.6633,100,100
73.6622,100,100
73.661,100,100
73.6598,100,100
73.6586,100,100
73.6575,100,100
73.6563,100,100
73.6551,100,100
73.6539,100,100
73.6527,100,100
73.6516,100,100
73.6504,100,100
73.6492,100,100
73.648,100,100
73.6469,100,100
73.6457,100,100
73.6445,100,100
73.6433,100,100
73.6421,100,100
73.641,100,100
73.6398,100,100
73.6386,100,100
73.6374,100,100
73.6362,100,100
73.6351,100,100
73.6339,100,100
73.6327,100,100
73.6315,100,100
73.6304,100,100
73.6292,100,100
73.628,100,100
73.6268,100,100
73.6256,100,100
73.6245,100,100
73.6233,100,100
73.6221,100,100
73.6209,100,100
73.6197,100,100
73.6186,100,100
73.6174,100,100
73.6162,100,100
73.615,100,100
73.6139,100,100
73.6127,100,100
73.6115,100,100
73.6103,100,100
73.6091,100,100
73.608,100,100
73.6068,100,100
73.6056,100,100
73.6044,100,100
73.6032,100,100
73.6021,100,100
73.6009,100,100
73.5997,100,100
73.5985,100,100
73.5974,100,100
73.5962,100,100
73.595,100,100
73.5938,100,100
73.5926,100,100
73.5915,100,100
73.5903,100,100
73.5891,100,100
73.5879,100,100
73.5867,100,100
73.5856,100,100
73.5844,100,100
73.5832,100,100
73.582,100,100
73.5809,100,100
73.5797,100,100
73.5785,100,100
73.5773,100,100
73.5761,100,100
73.575,100,100
73.5738,100,100
73.5726,100,100
73.5714,100,100
73.5702,100,100
73.5691,100,100
73.5679,100,100
73.5667,100,100
73.5655,100,100
73.5644,100,100
73.5632,100,100
73.562,100,100
73.5608,100,100
73.5596,100,100
73.5585,100,100
73.5573,100,100
73.5561,100,100
73.5549,100,100
73.5537,100,100
73.5526,100,100
73.5514,100,100
73.5502,100,100
73.549,100,100
73.5479,100,100
73.5467,100,100
73.5455,100,100
73.5443,100,100
73.5431,100,100
73.542,100,100
73.5408,100,100
73.5396,100,100
73.5384,100,100
73.5372,100,100
73.5361,100,100
73.5349,100,100
73.5337,100,100
73.5325,100,100
73.5313,100,100
73.5302,100,100
73.529,100,100
73.5278,100,100
73.5266,100,100
73.5254,100,100
73.5243,100,100
73.5231,100,100
73.5219,100,100
73.5207,100,100
73.5195,100,100
73.5184,100,100
73.5172,100,100
73.516,100,100
73.5148,100,100
73.5136,100,100
73.5125,100,100
73.5113,100,100
73.5101,100,100
73.5089,100,100
73.5077,100,100
73.5066,100,100
73.5054,100,100
73.5042,100,100
73.503,100,100
73.5018,100,100
73.5007,100,100
73.4995,100,100
73.4983,100,100
73.4971,100,100
73.4959,100,100
73.4948,100,100
73.4936,100,100
73.4924,100,100
73.4912,100,100
73.49,100,100
73.4889,100,100
73.4877,100,100
73.4865,100,100
73.4853,100,100
73.4841,100,100
73.483,100,100
73.4818,100,100
73.4806,100,100
73.4794,100,100
73.4782,100,100
73.4771,100,100
73.4759,100,100
73.4747,100,100
73.4735,100,100
73.4723,100,100
73.4712,100,100
73.47,100,100
73.4688,100,100
73.4676,100,100
73.4664,100,100
73.4653,100,100
73.4641,100,100
73.4629,100,100
73.4617,100,100
73.4605,100,100
73.4593,100,100
73.4582,100,100
73.457,100,100
73.4558,100,100
73.4546,100,100
73.4534,100,100
73.4523,100,100
73.4511,100,100
73.4499,100,100
73.4487,100,100
73.4475,100,100
73.4464,100,100
73.4452,100,100
73.444,100,100
73.4428,100,100
73.4416,100,100
73.4405,100,100
73.4393,100,100
73.4381,100,100
73.4369,100,100
73.4357,100,100
73.4346,100,100
73.4334,100,100
73.4322,100,100
73.431,100,100
73.4298,100,100
73.4287,100,100
73.4275,100,100
73.4263,100,100
73.4251,100,100
73.4239,100,100
73.4228,100,100
73.4216,100,100
73.4204,100,100
73.4192,100,100
73.418,100,100
73.4169,100,100
73.4157,100,100
73.4145,100,100
73.4133,100,100
73.4121,100,100
73.411,100,100
73.4098,100,100
73.4086,100,100
73.4074,100,100
73.4062,100,100
73.4051,100,100
73.4039,100,100
73.4027,100,100
73.4015,100,100
73.4003,100,100
73.3992,100,100
73.398,100,100
73.3968,100,100
73.3956,100,100
73.3944,100,100
73.3933,100,100
73.3921,100,100
73.3909,100,100
73.3897,100,100
73.3885,100,100
73.3874,100,100
73.3862,100,100
73.385,100,100
73.3838,100,100
73.3826,100,100
73.3815,100,100
73.3803,100,100
73.3791,100,100
73.3779,100,100
73.3767,100,100
73.3756,100,100
73.3744,100,100
73.3732,100,100
73.372,100,100
73.3708,100,100
73.3697,100,100
73.3685,100,100
73.3673,100,100
73.3661,100,100
73.3649,100,100
73.3638,100,100
73.3626,100,100
73.3614,100,100
73.3602,100,100
73.359,100,100
73.3579,100,100
73.3567,100,100
73.3555,100,100
73.3543,100,100
73.3531,100,100
73.352,100,100
73.3508,100,100
73.3496,100,100
73.3484,100,100
73.3472,100,100
73.3461,100,100
73.3449,100,100
73.3437,100,100
73.3425,100,100
73.3413,100,100
73.3402,100,100
73.339,100,100
73.3378,100,100
73.3366,100,100
73.3354,100,100
73.3342,100,100
73.3331,100,100
73.3319,100,100
73.3307,100,100
73.3295,100,100
73.3283,100,100
73.3272,100,100
73.326,100,100
73.3248,100,100
73.3236,100,100
73.3224,100,100
73.3213,100,100
73.3201,100,100
73.3189,100,100
73.3177,100,100
73.3165,100,100
73.3154,100,100
73.3142,100,100
73.313,100,100
73.3118,100,100
73.3106,100,100
73.3095,100,100
73.3083,100,100
73.3071,100,100
73.3059,100,100
73.3047,100,100
73.3036,100,100
73.3024,100,100
73.3012,100,100
73.3,100,100
73.2988,100,100
73.2977,100,100
73.2965,100,100
73.2953,100,100
73.2941,100,100
73.2929,100,100
73.2918,100,100
73.2906,100,100
73.2894,100,100
73.2882,100,100
73.287,100,100
73.2859,100,100
73.2847,100,100
73.2835,100,100
73.2823,100,100
73.2811,100,100
73.28,100,100
73.2788,100,100
73.2776,100,100
73.2764,100,100
73.2752,100,100
73.2741,100,100
73.2729,100,100
73.2717,100,100
73.2705,100,100
73.2693,100,100
73.2682,100,100
73.267,100,100
73.2658,100,100
73.2646,100,100
73.2634,100,100
73.2623,100,100
73.2611,100,100
73.2599,100,100
73.2587,100,100
73.2575,100,100
73.2564,100,100
73.2552,100,100
73.254,100,100
73.2528,100,100
73.2516,100,100
73.2505,100,100
73.2493,100,100
73.2481,100,100
73.2469,100,100
73.2457,100,100
73.2446,100,100
73.2434,100,100
73.2422,100,100
73.241,100,100
73.2398,100,100
73.2387,100,100
73.2375,100,100
73.2363,100,100
73.2351,100,100
73.2339,100,100
73.2328,100,100
73.2316,100,100
73.2304,100,100
73.2292,100,100
73.228,100,100
73.2269,100,100
73.2257,100,100
73.2245,100,100
73.2233,100,100
73.2221,100,100
73.221,100,100
73.2198,100,100
73.2186,100,100
73.2174,100,100
73.2162,100,100
73.215,100,100
73.2139,100,100
73.2127,100,100
73.2115,100,100
73.2103,100,100
73.2091,100,100
73.208,100,100
73.2068,100,100
73.2056,100,100
73.2044,100,100
73.2032,100,100
73.2021,100,100
73.2009,100,100
73.1997,100,100
73.1985,100,100
73.1973,100,100
73.1962,100,100
73.195,100,100
73.1938,100,100
73.1926,100,100
73.1914,100,100
73.1903,100,100
73.1891,100,100
73.1879,100,100
73.1867,100,100
73.1855,100,100
73.1844,100,100
73.1832,100,100
73.182,100,100
73.1808,100,100
73.1796,100,100
73.1785,100,100
73.1773,100,100
73.1761,100,100
73.1749,100,100
73.1737,100,100
73.1726,100,100
73.1714,100,100
73.1702,100,100
73.169,100,100
73.1678,100,100
73.1667,100,100
73.1655,100,100
73.1643,100,100
73.1631,100,100
73.1619,100,100
73.1608,100,100
73.1596,100,100
73.1584,100,100
73.1572,100,100
73.156,100,100
73.1549,100,100
73.1537,100,100
73.1525,100,100
73.1513,100,100
73.1501,100,100
73.149,100,100
73.1478,100,100
73.1466,100,100
73.1454,100,100
73.1442,100,100
73.1431,100,100
73.1419,100,100
73.1407,100,100
73.1395,100,100
73.1383,100,100
73.1372,100,100
73.136,100,100
73.1348,100,100
73.1336,100,100
73.1324,100,100
73.1313,100,100
73.1301,100,100
73.1289,100,100
73.1277,100,100
73.1265,100,100
73.1254,100,100
73.1242,100,100
73.123,100,100
73.1218,100,100
73.1206,100,100
73.1195,100,100
73.1183,100,100
73.1171,100,100
73.1159,100,100
73.1147,100,100
73.1136,100,100
73.1124,100,100
73.1112,100,100
73.11,100,100
73.1088,100,100
73.1077,100,100
73.1065,100,100
73.1053,100,100
73.1041,100,100
73.1029,100,100
73.1018,100,100
73.1006,100,100
73.0994,100,100
73.0982,100,100
73.097,100,100
73.0959,100,100
73.0947,100,100
73.0935,100,100
73.0923,100,100
73.0911,100,100
73.0899,100,100
73.0888,100,100
73.0876,100,100
73.0864,100,100
73.0852,100,100
73.084,100,100
73.0829,100,100
73.0817,100,100
73.0805,100,100
73.0793,100,100
73.0781,100,100
73.077,100,100
73.0758,100,100
73.0746,100,100
73.0734,100,100
73.0722,100,100
73.0711,100,100
73.0699,100,100
73.0687,100,100
73.0675,100,100
73.0663,100,100
73.0652,100,100
73.064,100,100
73.0628,100,100
73.0616,100,100
73.0604,100,100
73.0593,100,100
73.0581,100,100
73.0569,100,100
73.0557,100,100
73.0545,100,100
73.0534,100,100
73.0522,100,100
73.051,100,100
73.0498,100,100
73.0486,100,100
73.0475,100,100
73.0463,100,100
73.0451,100,100
73.0439,100,100
73.0427,100,100
73.0416,100,100
73.0404,100,100
73.0392,100,100
73.038,100,100
73.0368,100,100
73.0357,100,100
73.0345,100,100
73.0333,100,100
73.0321,100,100
73.0309,100,100
73.0298,100,100
73.0286,100,100
73.0274,100,100
73.0262,100,100
73.025,100,100
73.0239,100,100
73.0227,100,100
73.0215,100,100
73.0203,100,100
73.0191,100,100
73.018,100,100
73.0168,100,100
73.0156,100,100
73.0144,100,100
73.0132,100,100
73.0121,100,100
73.0109,100,100
73.0097,100,100
73.0085,100,100
73.0073,100,100
73.0062,100,100
73.005,100,100
73.0038,100,100
73.0026,100,100
73.0014,100,100
73.0003,100,100
72.9991,100,100
72.9979,100,100
72.9967,100,100
72.9955,100,100
72.9944,100,100
72.9932,100,100
72.992,100,100
72.9908,100,100
72.9896,100,100
72.9885,100,100
72.9873,100,100
72.9861,100,100
72.9849,100,100
72.9837,100,100
72.9826,100,100
72.9814,100,100
72.9802,100,100
72.979,100,100
72.9778,100,100
72.9767,100,100
72.9755,100,100
72.9743,100,100
72.9731,100,100
72.9719,100,100
72.9708,100,100
72.9696,100,100
72.9684,100,100
72.9672,100,100
72.966,100,100
72.9648,100,100
72.9637,100,100
72.9625,100,100
72.9613,100,100
72.9601,100,100
72.9589,100,100
72.9578,100,100
72.9566,100,100
72.9554,100,100
72.9542,100,100
72.953,100,100
72.9519,100,100
72.9507,100,100
72.9495,100,100
72.9483,100,100
72.9471,100,100
72.946,100,100
72.9448,100,100
72.9436,100,100
72.9424,100,100
72.9412,100,100
72.9401,100,100
72.9389,100,100
72.9377,100,100
72.9365,100,100
72.9354,100,100
72.9342,100,100
72.933,100,100
72.9318,100,100
72.9306,100,100
72.9295,100,100
72.9283,100,100
72.9271,100,100
72.9259,100,100
72.9247,100,100
72.9236,100,100
72.9224,100,100
72.9212,100,100
72.92,100,100
72.9188,100,100
72.9177,100,100
72.9165,100,100
72.9153,100,100
72.9141,100,100
72.9129,100,100
72.9118,100,100
72.9106,100,100
72.9094,100,100
72.9082,100,100
72.907,100,100
72.9059,100,100
72.9047,100,100
72.9035,100,100
72.9023,100,100
72.9011,100,100
72.9,100,100
72.8988,100,100
72.8976,100,100
72.8964,100,100
72.8952,100,100
72.8941,100,100
72.8929,100,100
72.8917,100,100
72.8905,100,100
72.8893,100,100
72.8882,100,100
72.887,100,100
72.8858,100,100
72.8846,100,100
72.8834,100,100
72.8823,100,100
72.8811,100,100
72.8799,100,100
72.8787,100,100
72.8776,100,100
72.8764,100,100
72.8752,100,100
72.874,100,100
72.8728,100,100
72.8717,100,100
72.8705,100,100
72.8693,100,100
72.8681,100,100
72.8669,100,100
72.8658,100,100
72.8646,100,100
72.8634,100,100
72.8622,100,100
72.861,100,100
72.8599,100,100
72.8587,100,100
72.8575,100,100
72.8563,100,100
72.8551,100,100
72.854,100,100
72.8528,100,100
72.8516,100,100
72.8504,100,100
72.8492,100,100
72.8481,100,100
72.8469,100,100
72.8457,100,100
72.8445,100,100
72.8433,100,100
72.8422,100,100
72.841,100,100
72.8398,100,100
72.8386,100,100
72.8374,100,100
72.8363,100,100
72.8351,100,100
72.8339,100,100
72.8327,100,100
72.8315,100,100
72.8304,100,100
72.8292,100,100
72.828,100,100
72.8268,100,100
72.8257,100,100
72.8245,100,100
72.8233,100,100
72.8221,100,100
72.8209,100,100
72.8198,100,100
72.8186,100,100
72.8174,100,100
72.8162,100,100
72.815,100,100
72.8139,100,100
72.8127,100,100
72.8115,100,100
72.8103,100,100
72.8092,100,100
72.808,100,100
72.8068,100,100
72.8056,100,100
72.8044,100,100
72.8033,100,100
72.8021,100,100
72.8009,100,100
72.7997,100,100
72.7985,100,100
72.7974,100,100
72.7962,100,100
72.795,100,100
72.7938,100,100
72.7926,100,100
72.7915,100,100
72.7903,100,100
72.7891,100,100
72.7879,100,100
72.7868,100,100
72.7856,100,100
72.7844,100,100
72.7832,100,100
72.782,100,100
72.7809,100,100
72.7797,100,100
72.7785,100,100
72.7773,100,100
72.7761,100,100
72.775,100,100
72.7738,100,100
72.7726,100,100
72.7714,100,100
72.7703,100,100
72.7691,100,100
72.7679,100,100
72.7667,100,100
72.7655,100,100
72.7644,100,100
72.7632,100,100
72.762,100,100
72.7608,100,100
72.7596,100,100
72.7585,100,100
72.7573,100,100
72.7561,100,100
72.7549,100,100
72.7537,100,100
72.7526,100,100
72.7514,100,100
72.7502,100,100
72.749,100,100
72.7479,100,100
72.7467,100,100
72.7455,100,100
72.7443,100,100
72.7431,100,100
72.742,100,100
72.7408,100,100
72.7396,100,100
72.7384,100,100
72.7372,100,100
72.7361,100,100
72.7349,100,100
72.7337,100,100
72.7325,100,100
72.7314,100,100
72.7302,100,100
72.729,100,100
72.7278,100,100
72.7266,100,100
72.7255,100,100
72.7243,100,100
72.7231,100,100
72.7219,100,100
72.7207,100,100
72.7196,100,100
72.7184,100,100
72.7172,100,100
72.716,100,100
72.7149,100,100
72.7137,100,100
72.7125,100,100
72.7113,100,100
72.7101,100,100
72.709,100,100
72.7078,100,100
72.7066,100,100
72.7054,100,100
72.7043,100,100
72.7031,100,100
72.7019,100,100
72.7007,100,100
72.6996,100,100
72.6984,100,100
72.6972,100,100
72.696,100,100
72.6949,100,100
72.6937,100,100
72.6925,100,100
72.6913,100,100
72.6902,100,100
72.689,100,100
72.6878,100,100
72.6866,100,100
72.6855,100,100
72.6843,100,100
72.6831,100,100
72.6819,100,100
72.6808,100,100
72.6796,100,100
72.6784,100,100
72.6772,100,100
72.6761,100,100
72.6749,100,100
72.6737,100,100
72.6725,100,100
72.6714,100,100
72.6702,100,100
72.669,100,100
72.6678,100,100
72.6667,100,100
72.6655,100,100
72.6643,100,100
72.6631,100,100
72.662,100,100
72.6608,100,100
72.6596,100,100
72.6584,100,100
72.6573,100,100
72.6561,100,100
72.6549,100,100
72.6537,100,100
72.6526,100,100
72.6514,100,100
72.6502,100,100
72.649,100,100
72.6479,100,100
72.6467,100,100
72.6455,100,100
72.6443,100,100
72.6432,100,100
72.642,100,100
72.6408,100,100
72.6396,100,100
72.6385,100,100
72.6373,100,100
72.6361,100,100
72.6349,100,100
72.6338,100,100
72.6326,100,100
72.6314,100,100
72.6302,100,100
72.6291,100,100
72.6279,100,100
72.6267,100,100
72.6255,100,100
72.6244,100,100
72.6232,100,100
72.622,100,100
72.6208,100,100
72.6197,100,100
72.6185,100,100
72.6173,100,100
72.6161,100,100
72.615,100,100
72.6138,100,100
72.6126,100,100
72.6114,100,100
72.6103,100,100
72.6091,100,100
72.6079,100,100
72.6067,100,100
72.6056,100,100
72.6044,100,100
72.6032,100,100
72.602,100,100
72.6009,100,100
72.5997,100,100
72.5985,100,100
72.5973,100,100
72.5962,100,100
72.595,100,100
72.5938,100,100
72.5926,100,100
72.5915,100,100
72.5903,100,100
72.5891,100,100
72.5879,100,100
72.5868,100,100
72.5856,100,100
72.5844,100,100
72.5832,100,100
72.5821,100,100
72.5809,100,100
72.5797,100,100
72.5785,100,100
72.5774,100,100
72.5762,100,100
72.575,100,100
72.5738,100,100
72.5727,100,100
72.5715,100,100
72.5703,100,100
72.5691,100,100
72.568,100,100
72.5668,100,100
72.5656,100,100
72.5644,100,100
72.5633,100,100
72.5621,100,100
72.5609,100,100
72.5597,100,100
72.5586,100,100
72.5574,100,100
72.5562,100,100
72.555,100,100
72.5539,100,100
72.5527,100,100
72.5515,100,100
72.5503,100,100
72.5492,100,100
72.548,100,100
72.5468,100,100
72.5456,100,100
72.5445,100,100
72.5433,100,100
72.5421,100,100
72.5409,100,100
72.5398,100,100
72.5386,100,100
72.5374,100,100
72.5362,100,100
72.5351,100,100
72.5339,100,100
72.5327,100,100
72.5315,100,100
72.5304,100,100
72.5292,100,100
72.528,100,100
72.5268,100,100
72.5257,100,100
72.5245,100,100
72.5233,100,100
72.5221,100,100
72.521,100,100
72.5198,100,100
72.5186,100,100
72.5174,100,100
72.5163,100,100
72.5151,100,100
72.5139,100,100
72.5127,100,100
72.5116,100,100
72.5104,100,100
72.5092,100,100
72.508,100,100
72.5069,100,100
72.5057,100,100
72.5045,100,100
72.5033,100,100
72.5022,100,100
72.501,100,100
72.4998,100,100
72.4986,100,100
72.4975,100,100
72.4963,100,100
72.4951,100,100
72.4939,100,100
72.4928,100,100
72.4916,100,100
72.4904,100,100
72.4892,100,100
72.4881,100,100
72.4869,100,100
72.4857,100,100
72.4845,100,100
72.4834,100,100
72.4822,100,100
72.481,100,100
72.4798,100,100
72.4787,100,100
72.4775,100,100
72.4763,100,100
72.4751,100,100
72.474,100,100
72.4728,100,100
72.4716,100,100
72.4704,100,100
72.4693,100,100
72.4681,100,100
72.4669,100,100
72.4657,100,100
72.4646,100,100
72.4634,100,100
72.4622,100,100
72.461,100,100
72.4599,100,100
72.4587,100,100
72.4575,100,100
72.4563,100,100
72.4552,100,100
72.454,100,100
72.4528,100,100
72.4516,100,100
72.4505,100,100
72.4493,100,100
72.4481,100,100
72.4469,100,100
72.4458,100,100
72.4446,100,100
72.4434,100,100
72.4422,100,100
72.4411,100,100
72.4399,100,100
72.4387,100,100
72.4375,100,100
72.4364,100,100
72.4352,100,100
72.434,100,100
72.4328,100,100
72.4317,100,100
72.4305,100,100
72.4293,100,100
72.4281,100,100
72.427,100,100
72.4258,100,100
72.4246,100,100
72.4234,100,100
72.4223,100,100
72.4211,100,100
72.4199,100,100
72.4187,100,100
72.4176,100,100
72.4164,100,100
72.4152,100,100
72.414,100,100
72.4129,100,100
72.4117,100,100
72.4105,100,100
72.4093,100,100
72.4082,100,100
72.407,100,100
72.4058,100,100
72.4046,100,100
72.4035,100,100
72.4023,100,100
72.4011,100,100
72.3999,100,100
72.3988,100,100
72.3976,100,100
72.3964,100,100
72.3952,100,100
72.3941,100,100
72.3929,100,100
72.3917,100,100
72.3905,100,100
72.3894,100,100
72.3882,100,100
72.387,100,100
72.3858,100,100
72.3847,100,100
72.3835,100,100
72.3823,100,100
72.3811,100,100
72.38,100,100
72.3788,100,100
72.3776,100,100
72.3764,100,100
72.3753,100,100
72.3741,100,100
72.3729,100,100
72.3717,100,100
72.3706,100,100
72.3694,100,100
72.3682,100,100
72.367,100,100
72.3659,100,100
72.3647,100,100
72.3635,100,100
72.3623,100,100
72.3612,100,100
72.36,100,100
72.3588,100,100
72.3576,100,100
72.3564,100,100
72.3553,100,100
72.3541,100,100
72.3529,100,100
72.3517,100,100
72.3506,100,100
72.3494,100,100
72.3482,100,100
72.347,100,100
72.3459,100,100
72.3447,100,100
72.3435,100,100
72.3423,100,100
72.3412,100,100
72.34,100,100
72.3388,100,100
72.3376,100,100
72.3365,100,100
72.3353,100,100
72.3341,100,100
72.3329,100,100
72.3318,100,100
72.3306,100,100
72.3294,100,100
72.3282,100,100
72.3271,100,100
72.3259,100,100
72.3247,100,100
72.3235,100,100
72.3224,100,100
72.3212,100,100
72.32,100,100
72.3188,100,100
72.3177,100,100
72.3165,100,100
72.3153,100,100
72.3141,100,100
72.3129,100,100
72.3118,100,100
72.3106,100,100
72.3094,100,100
72.3082,100,100
72.3071,100,100
72.3059,100,100
72.3047,100,100
72.3035,100,100
72.3024,100,100
72.3012,100,100
72.3,100,100
72.2988,100,100
72.2977,100,100
72.2965,100,100
72.2953,100,100
72.2941,100,100
72.293,100,100
72.2918,100,100
72.2906,100,100
72.2894,100,100
72.2883,100,100
72.2871,100,100
72.2859,100,100
72.2847,100,100
72.2836,100,100
72.2824,100,100
72.2812,100,100
72.28,100,100
72.2789,100,100
72.2777,100,100
72.2765,100,100
72.2753,100,100
72.2741,100,100
72.273,100,100
72.2718,100,100
72.2706,100,100
72.2694,100,100
72.2683,100,100
72.2671,100,100
72.2659,100,100
72.2647,100,100
72.2636,100,100
72.2624,100,100
72.2612,100,100
72.26,100,100
72.2589,100,100
72.2577,100,100
72.2565,100,100
72.2553,100,100
72.2542,100,100
72.253,100,100
72.2518,100,100
72.2506,100,100
72.2495,100,100
72.2483,100,100
72.2471,100,100
72.2459,100,100
72.2448,100,100
72.2436,100,100
72.2424,100,100
72.2412,100,100
72.24,100,100
72.2389,100,100
72.2377,100,100
72.2365,100,100
72.2353,100,100
72.2342,100,100
72.233,100,100
72.2318,100,100
72.2306,100,100
72.2294,100,100
72.2283,100,100
72.2271,100,100
72.2259,100,100
72.2247,100,100
72.2236,100,100
72.2224,100,100
72.2212,100,100
72.22,100,100
72.2188,100,100
72.2177,100,100
72.2165,100,100
72.2153,100,100
72.2141,100,100
72.213,100,100
72.2118,100,100
72.2106,100,100
72.2094,100,100
72.2082,100,100
72.2071,100,100
72.2059,100,100
72.2047,100,100
72.2035,100,100
72.2024,100,100
72.2012,100,100
72.2,100,100
72.1988,100,100
72.1976,100,100
72.1965,100,100
72.1953,100,100
72.1941,100,100
72.1929,100,100
72.1918,100,100
72.1906,100,100
72.1894,100,100
72.1882,100,100
72.187,100,100
72.1859,100,100
72.1847,100,100
72.1835,100,100
72.1823,100,100
72.1812,100,100
72.18,100,100
72.1788,100,100
72.1776,100,100
72.1764,100,100
72.1753,100,100
72.1741,100,100
72.1729,100,100
72.1717,100,100
72.1705,100,100
72.1694,100,100
72.1682,100,100
72.167,100,100
72.1658,100,100
72.1647,100,100
72.1635,100,100
72.1623,100,100
72.1611,100,100
72.1599,100,100
72.1588,100,100
72.1576,100,100
72.1564,100,100
72.1552,100,100
72.1541,100,100
72.1529,100,100
72.1517,100,100
72.1505,100,100
72.1493,100,100
72.1482,100,100
72.147,100,100
72.1458,100,100
72.1446,100,100
72.1435,100,100
72.1423,100,100
72.1411,100,100
72.1399,100,100
72.1387,100,100
72.1376,100,100
72.1364,100,100
72.1352,100,100
72.134,100,100
72.1329,100,100
72.1317,100,100
72.1305,100,100
72.1293,100,100
72.1281,100,100
72.127,100,100
72.1258,100,100
72.1246,100,100
72.1234,100,100
72.1223,100,100
72.1211,100,100
72.1199,100,100
72.1187,100,100
72.1176,100,100
72.1164,100,100
72.1152,100,100
72.114,100,100
72.1129,100,100
72.1117,100,100
72.1105,100,100
72.1093,100,100
72.1082,100,100
72.107,100,100
72.1058,100,100
72.1046,100,100
72.1035,100,100
72.1023,100,100
72.1011,100,100
72.0999,100,100
72.0988,100,100
72.0976,100,100
72.0964,100,100
72.0952,100,100
72.0941,100,100
72.0929,100,100
72.0917,100,100
72.0905,100,100
72.0894,100,100
72.0882,100,100
72.087,100,100
72.0858,100,100
72.0847,100,100
72.0835,100,100
72.0823,100,100
72.0811,100,100
72.08,100,100
72.0788,100,100
72.0776,100,100
72.0764,100,100
72.0753,100,100
72.0741,100,100
72.0729,100,100
72.0717,100,100
72.0706,100,100
72.0694,100,100
72.0682,100,100
72.067,100,100
72.0659,100,100
72.0647,100,100
72.0635,100,100
72.0623,100,100
72.0612,100,100
72.06,100,100
72.0588,100,100
72.0576,100,100
72.0565,100,100
72.0553,100,100
72.0541,100,100
72.0529,100,100
72.0518,100,100
72.0506,100,100
72.0494,100,100
72.0482,100,100
72.0471,100,100
72.0459,100,100
72.0447,100,100
72.0435,100,100
72.0424,100,100
72.0412,100,100
72.04,100,100
72.0388,100,100
72.0377,100,100
72.0365,100,100
72.0353,100,100
72.0341,100,100
72.033,100,100
72.0318,100,100
72.0306,100,100
72.0294,100,100
72.0283,100,100
72.0271,100,100
72.0259,100,100
72.0247,100,100
72.0236,100,100
72.0224,100,100
72.0212,100,100
72.02,100,100
72.0189,100,100
72.0177,100,100
72.0165,100,100
72.0153,100,100
72.0142,100,100
72.013,100,100
72.0118,100,100
72.0106,100,100
72.0095,100,100
72.0083,100,100
72.0071,100,100
72.0059,100,100
72.0047,100,100
72.0036,100,100
72.0024,100,100
72.0012,100,100
72,100,100
71.9988,100,100
71.9977,100,100
71.9965,100,100
71.9953,100,100
71.9941,100,100
71.9929,100,100
71.9918,100,100
71.9906,100,100
71.9894,100,100
71.9882,100,100
71.987,100,100
71.9859,100,100
71.9847,100,100
71.9835,100,100
71.9823,100,100
71.9811,100,100
71.98,100,100
71.9788,100,100
71.9776,100,100
71.9764,100,100
71.9753,100,100
71.9741,100,100
71.9729,100,100
71.9717,100,100
71.9705,100,100
71.9694,100,100
71.9682,100,100
71.967,100,100
71.9658,100,100
71.9646,100,100
71.9635,100,100
71.9623,100,100
71.9611,100,100
71.9599,100,100
71.9587,100,100
71.9576,100,100
71.9564,100,100
71.9552,100,100
71.954,100,100
71.9528,100,100
71.9517,100,100
71.9505,100,100
71.9493,100,100
71.9481,100,100
71.9469,100,100
71.9458,100,100
71.9446,100,100
71.9434,100,100
71.9422,100,100
71.941,100,100
71.9399,100,100
71.9387,100,100
71.9375,100,100
71.9363,100,100
71.9351,100,100
71.934,100,100
71.9328,100,100
71.9316,100,100
71.9304,100,100
71.9292,100,100
71.9281,100,100
71.9269,100,100
71.9257,100,100
71.9245,100,100
71.9233,100,100
71.9222,100,100
71.921,100,100
71.9198,100,100
71.9186,100,100
71.9174,100,100
71.9163,100,100
71.9151,100,100
71.9139,100,100
71.9127,100,100
71.9115,100,100
71.9104,100,100
71.9092,100,100
71.908,100,100
71.9068,100,100
71.9056,100,100
71.9045,100,100
71.9033,100,100
71.9021,100,100
71.9009,100,100
71.8997,100,100
71.8986,100,100
71.8974,100,100
71.8962,100,100
71.895,100,100
71.8938,100,100
71.8927,100,100
71.8915,100,100
71.8903,100,100
71.8891,100,100
71.8879,100,100
71.8868,100,100
71.8856,100,100
71.8844,100,100
71.8832,100,100
71.8821,100,100
71.8809,100,100
71.8797,100,100
71.8785,100,100
71.8774,100,100
71.8762,100,100
71.875,100,100
71.8738,100,100
71.8727,100,100
71.8715,100,100
71.8703,100,100
71.8691,100,100
71.868,100,100
71.8668,100,100
71.8656,100,100
71.8644,100,100
71.8632,100,100
71.8621,100,100
71.8609,100,100
71.8597,100,100
71.8585,100,100
71.8574,100,100
71.8562,100,100
71.855,100,100
71.8538,100,100
71.8527,100,100
71.8515,100,100
71.8503,100,100
71.8491,100,100
71.848,100,100
71.8468,100,100
71.8456,100,100
71.8444,100,100
71.8432,100,100
71.8421,100,100
71.8409,100,100
71.8397,100,100
71.8385,100,100
71.8374,100,100
71.8362,100,100
71.835,100,100
71.8338,100,100
71.8327,100,100
71.8315,100,100
71.8303,100,100
71.8291,100,100
71.828,100,100
71.8268,100,100
71.8256,100,100
71.8244,100,100
71.8233,100,100
71.8221,100,100
71.8209,100,100
71.8197,100,100
71.8185,100,100
71.8174,100,100
71.8162,100,100
71.815,100,100
71.8138,100,100
71.8127,100,100
71.8115,100,100
71.8103,100,100
71.8091,100,100
71.808,100,100
71.8068,100,100
71.8056,100,100
71.8044,100,100
71.8033,100,100
71.8021,100,100
71.8009,100,100
71.7997,100,100
71.7986,100,100
71.7974,100,100
71.7962,100,100
71.795,100,100
71.7938,100,100
71.7927,100,100
71.7915,100,100
71.7903,100,100
71.7891,100,100
71.788,100,100
71.7868,100,100
71.7856,100,100
71.7844,100,100
71.7833,100,100
71.7821,100,100
71.7809,100,100
71.7797,100,100
71.7786,100,100
71.7774,100,100
71.7762,100,100
71.775,100,100
71.7738,100,100
71.7727,100,100
71.7715,100,100
71.7703,100,100
71.7691,100,100
71.768,100,100
71.7668,100,100
71.7656,100,100
71.7644,100,100
71.7633,100,100
71.7621,100,100
71.7609,100,100
71.7597,100,100
71.7586,100,100
71.7574,100,100
71.7562,100,100
71.755,100,100
71.7539,100,100
71.7527,100,100
71.7515,100,100
71.7503,100,100
71.7492,100,100
71.748,100,100
71.7468,100,100
71.7456,100,100
71.7445,100,100
71.7433,100,100
71.7421,100,100
71.7409,100,100
71.7398,100,100
71.7386,100,100
71.7374,100,100
71.7362,100,100
71.7351,100,100
71.7339,100,100
71.7327,100,100
71.7315,100,100
71.7304,100,100
71.7292,100,100
71.728,100,100
71.7268,100,100
71.7257,100,100
71.7245,100,100
71.7233,100,100
71.7221,100,100
71.721,100,100
71.7198,100,100
71.7186,100,100
71.7174,100,100
71.7163,100,100
71.7151,100,100
71.7139,100,100
71.7127,100,100
71.7116,100,100
71.7104,100,100
71.7092,100,100
71.708,100,100
71.7069,100,100
71.7057,100,100
71.7045,100,100
71.7033,100,100
71.7022,100,100
71.701,100,100
71.6998,100,100
71.6986,100,100
71.6975,100,100
71.6963,100,100
71.6951,100,100
71.6939,100,100
71.6928,100,100
71.6916,100,100
71.6904,100,100
71.6892,100,100
71.6881,100,100
71.6869,100,100
71.6857,100,100
71.6845,100,100
71.6834,100,100
71.6822,100,100
71.681,100,100
71.6798,100,100
71.6787,100,100
71.6775,100,100
71.6763,100,100
71.6751,100,100
71.674,100,100
71.6728,100,100
71.6716,100,100
71.6704,100,100
71.6693,100,100
71.6681,100,100
71.6669,100,100
71.6657,100,100
71.6646,100,100
71.6634,100,100
71.6622,100,100
71.661,100,100
71.6599,100,100
71.6587,100,100
71.6575,100,100
71.6563,100,100
71.6552,100,100
71.654,100,100
71.6528,100,100
71.6516,100,100
71.6505,100,100
71.6493,100,100
71.6481,100,100
71.6469,100,100
71.6458,100,100
71.6446,100,100
71.6434,100,100
71.6422,100,100
71.6411,100,100
71.6399,100,100
71.6387,100,100
71.6376,100,100
71.6364,100,100
71.6352,100,100
71.634,100,100
71.6329,100,100
71.6317,100,100
71.6305,100,100
71.6293,100,100
71.6282,100,100
71.627,100,100
71.6258,100,100
71.6246,100,100
71.6235,100,100
71.6223,100,100
71.6211,100,100
71.6199,100,100
71.6188,100,100
71.6176,100,100
71.6164,100,100
71.6152,100,100
71.6141,100,100
71.6129,100,100
71.6117,100,100
71.6105,100,100
71.6094,100,100
71.6082,100,100
71.607,100,100
71.6058,100,100
71.6047,100,100
71.6035,100,100
71.6023,100,100
71.6011,100,100
71.6,100,100
71.5988,100,100
71.5976,100,100
71.5965,100,100
71.5953,100,100
71.5941,100,100
71.5929,100,100
71.5918,100,100
71.5906,100,100
71.5894,100,100
71.5882,100,100
71.5871,100,100
71.5859,100,100
71.5847,100,100
71.5835,100,100
71.5824,100,100
71.5812,100,100
71.58,100,100
71.5788,100,100
71.5777,100,100
71.5765,100,100
71.5753,100,100
71.5741,100,100
71.573,100,100
71.5718,100,100
71.5706,100,100
71.5694,100,100
71.5683,100,100
71.5671,100,100
71.5659,100,100
71.5647,100,100
71.5636,100,100
71.5624,100,100
71.5612,100,100
71.56,100,100
71.5589,100,100
71.5577,100,100
71.5565,100,100
71.5554,100,100
71.5542,100,100
71.553,100,100
71.5518,100,100
71.5507,100,100
71.5495,100,100
71.5483,100,100
71.5471,100,100
71.546,100,100
71.5448,100,100
71.5436,100,100
71.5424,100,100
71.5413,100,100
71.5401,100,100
71.5389,100,100
71.5377,100,100
71.5366,100,100
71.5354,100,100
71.5342,100,100
71.533,100,100
71.5319,100,100
71.5307,100,100
71.5295,100,100
71.5283,100,100
71.5272,100,100
71.526,100,100
71.5248,100,100
71.5236,100,100
71.5225,100,100
71.5213,100,100
71.5201,100,100
71.5189,100,100
71.5178,100,100
71.5166,100,100
71.5154,100,100
71.5142,100,100
71.5131,100,100
71.5119,100,100
71.5107,100,100
71.5095,100,100
71.5084,100,100
71.5072,100,100
71.506,100,100
71.5048,100,100
71.5037,100,100
71.5025,100,100
71.5013,100,100
71.5001,100,100
71.499,100,100
71.4978,100,100
71.4966,100,100
71.4954,100,100
71.4943,100,100
71.4931,100,100
71.4919,100,100
71.4907,100,100
71.4896,100,100
71.4884,100,100
71.4872,100,100
71.486,100,100
71.4849,100,100
71.4837,100,100
71.4825,100,100
71.4813,100,100
71.4802,100,100
71.479,100,100
71.4778,100,100
71.4766,100,100
71.4755,100,100
71.4743,100,100
71.4731,100,100
71.4719,100,100
71.4708,100,100
71.4696,100,100
71.4684,100,100
71.4672,100,100
71.4661,100,100
71.4649,100,100
71.4637,100,100
71.4625,100,100
71.4614,100,100
71.4602,100,100
71.459,100,100
71.4578,100,100
71.4567,100,100
71.4555,100,100
71.4543,100,100
71.4531,100,100
71.452,100,100
71.4508,100,100
71.4496,100,100
71.4484,100,100
71.4473,100,100
71.4461,100,100
71.4449,100,100
71.4437,100,100
71.4426,100,100
71.4414,100,100
71.4402,100,100
71.439,100,100
71.4379,100,100
71.4367,100,100
71.4355,100,100
71.4343,100,100
71.4332,100,100
71.432,100,100
71.4308,100,100
71.4296,100,100
71.4285,100,100
71.4273,100,100
71.4261,100,100
71.4249,100,100
71.4238,100,100
71.4226,100,100
71.4214,100,100
71.4202,100,100
71.4191,100,100
71.4179,100,100
71.4167,100,100
71.4155,100,100
71.4144,100,100
71.4132,100,100
71.412,100,100
71.4108,100,100
71.4097,100,100
71.4085,100,100
71.4073,100,100
71.4062,100,100
71.405,100,100
71.4038,100,100
71.4026,100,100
71.4015,100,100
71.4003,100,100
71.3991,100,100
71.3979,100,100
71.3968,100,100
71.3956,100,100
71.3944,100,100
71.3933,100,100
71.3921,100,100
71.3909,100,100
71.3897,100,100
71.3886,100,100
71.3874,100,100
71.3862,100,100
71.385,100,100
71.3839,100,100
71.3827,100,100
71.3815,100,100
71.3803,100,100
71.3792,100,100
71.378,100,100
71.3768,100,100
71.3757,100,100
71.3745,100,100
71.3733,100,100
71.3721,100,100
71.371,100,100
71.3698,100,100
71.3686,100,100
71.3674,100,100
71.3663,100,100
71.3651,100,100
71.3639,100,100
71.3627,100,100
71.3616,100,100
71.3604,100,100
71.3592,100,100
71.3581,100,100
71.3569,100,100
71.3557,100,100
71.3545,100,100
71.3534,100,100
71.3522,100,100
71.351,100,100
71.3498,100,100
71.3487,100,100
71.3475,100,100
71.3463,100,100
71.3452,100,100
71.344,100,100
71.3428,100,100
71.3416,100,100
71.3405,100,100
71.3393,100,100
71.3381,100,100
71.3369,100,100
71.3358,100,100
71.3346,100,100
71.3334,100,100
71.3322,100,100
71.3311,100,100
71.3299,100,100
71.3287,100,100
71.3276,100,100
71.3264,100,100
71.3252,100,100
71.324,100,100
71.3229,100,100
71.3217,100,100
71.3205,100,100
71.3193,100,100
71.3182,100,100
71.317,100,100
71.3158,100,100
71.3147,100,100
71.3135,100,100
71.3123,100,100
71.3111,100,100
71.31,100,100
71.3088,100,100
71.3076,100,100
71.3064,100,100
71.3053,100,100
71.3041,100,100
71.3029,100,100
71.3017,100,100
71.3006,100,100
71.2994,100,100
71.2982,100,100
71.297,100,100
71.2959,100,100
71.2947,100,100
71.2935,100,100
71.2923,100,100
71.2912,100,100
71.29,100,100
71.2888,100,100
71.2877,100,100
71.2865,100,100
71.2853,100,100
71.2841,100,100
71.283,100,100
71.2818,100,100
71.2806,100,100
71.2794,100,100
71.2783,100,100
71.2771,100,100
71.2759,100,100
71.2747,100,100
71.2736,100,100
71.2724,100,100
71.2712,100,100
71.27,100,100
71.2689,100,100
71.2677,100,100
71.2665,100,100
71.2653,100,100
71.2642,100,100
71.263,100,100
71.2618,100,100
71.2606,100,100
71.2595,100,100
71.2583,100,100
71.2571,100,100
71.2559,100,100
71.2548,100,100
71.2536,100,100
71.2524,100,100
71.2512,100,100
71.2501,100,100
71.2489,100,100
71.2477,100,100
71.2465,100,100
71.2454,100,100
71.2442,100,100
71.243,100,100
71.2418,100,100
71.2407,100,100
71.2395,100,100
71.2383,100,100
71.2371,100,100
71.236,100,100
71.2348,100,100
71.2336,100,100
71.2324,100,100
71.2313,100,100
71.2301,100,100
71.2289,100,100
71.2277,100,100
71.2266,100,100
71.2254,100,100
71.2242,100,100
71.223,100,100
71.2219,100,100
71.2207,100,100
71.2195,100,100
71.2183,100,100
71.2172,100,100
71.216,100,100
71.2148,100,100
71.2136,100,100
71.2125,100,100
71.2113,100,100
71.2101,100,100
71.2089,100,100
71.2078,100,100
71.2066,100,100
71.2054,100,100
71.2042,100,100
71.2031,100,100
71.2019,100,100
71.2007,100,100
71.1995,100,100
71.1984,100,100
71.1972,100,100
71.196,100,100
71.1948,100,100
71.1937,100,100
71.1925,100,100
71.1913,100,100
71.1901,100,100
71.189,100,100
71.1878,100,100
71.1866,100,100
71.1854,100,100
71.1843,100,100
71.1831,100,100
71.182,100,100
71.1809,100,100
71.1797,100,100
71.1786,100,100
71.1775,100,100
71.1764,100,100
71.1752,100,100
71.1741,100,100
71.173,100,100
71.1719,100,100
71.1707,100,100
71.1696,100,100
71.1685,100,100
71.1674,100,100
71.1662,100,100
71.1651,100,100
71.164,100,100
71.1629,100,100
71.1617,100,100
71.1606,100,100
71.1595,100,100
71.1584,100,100
71.1572,100,100
71.1561,100,100
71.155,100,100
71.1538,100,100
71.1527,100,100
71.1516,100,100
71.1505,100,100
71.1493,100,100
71.1482,100,100
71.1471,100,100
71.146,100,100
71.1448,100,100
71.1437,100,100
71.1426,100,100
71.1415,100,100
71.1403,100,100
71.1392,100,100
71.1381,100,100
71.137,100,100
71.1358,100,100
71.1347,100,100
71.1336,100,100
71.1325,100,100
71.1313,100,100
71.1302,100,100
71.1291,100,100
71.1279,100,100
71.1268,100,100
71.1257,100,100
71.1246,100,100
71.1234,100,100
71.1223,100,100
71.1212,100,100
71.1201,100,100
71.1189,100,100
71.1178,100,100
71.1167,100,100
71.1156,100,100
71.1144,100,100
71.1133,100,100
71.1122,100,100
71.1111,100,100
71.1099,100,100
71.1088,100,100
71.1077,100,100
71.1066,100,100
71.1054,100,100
71.1043,100,100
71.1032,100,100
71.102,100,100
71.1009,100,100
71.0998,100,100
71.0987,100,100
71.0975,100,100
71.0964,100,100
71.0953,100,100
71.0942,100,100
71.093,100,100
71.0919,100,100
71.0908,100,100
71.0897,100,100
71.0885,100,100
71.0874,100,100
71.0863,100,100
71.0852,100,100
71.084,100,100
71.0829,100,100
71.0818,100,100
71.0807,100,100
71.0795,100,100
71.0784,100,100
71.0773,100,100
71.0761,100,100
71.075,100,100
71.0739,100,100
71.0728,100,100
71.0716,100,100
71.0706,100,100
71.0696,100,100
71.0686,100,100
71.0676,100,100
71.0665,100,100
71.0655,100,100
71.0645,100,100
71.0635,100,100
71.0625,100,100
71.0614,100,100
71.0604,100,100
71.0594,100,100
71.0584,100,100
71.0574,100,100
71.0564,100,100
71.0553,100,100
71.0543,100,100
71.0533,100,100
71.0523,100,100
71.0513,100,100
71.0502,100,100
71.0492,100,100
71.0482,100,100
71.0472,100,100
71.0462,100,100
71.0452,100,100
71.0441,100,100
71.0431,100,100
71.0421,100,100
71.0411,100,100
71.0401,100,100
71.0391,100,100
71.038,100,100
71.037,100,100
71.036,100,100
71.035,100,100
71.034,100,100
71.0329,100,100
71.0319,100,100
71.0309,100,100
71.0299,100,100
71.0289,100,100
71.0279,100,100
71.0268,100,100
71.0258,100,100
71.0248,100,100
71.0238,100,100
71.0228,100,100
71.0217,100,100
71.0207,100,100
71.0197,100,100
71.0187,100,100
71.0177,100,100
71.0167,100,100
71.0156,100,100
71.0146,100,100
71.0136,100,100
71.0126,100,100
71.0116,100,100
71.0106,100,100
71.0095,100,100
71.0085,100,100
71.0075,100,100
71.0065,100,100
71.0055,100,100
71.0044,100,100
71.0034,100,100
71.0024,100,100
71.0014,100,100
71.0004,100,100
70.9994,100,100
70.9983,100,100
70.9973,100,100
70.9963,100,100
70.9953,100,100
70.9943,100,100
70.9932,100,100
70.9922,100,100
70.9912,100,100
70.9902,100,100
70.9892,100,100
70.9882,100,100
70.9871,100,100
70.9861,100,100
70.9851,100,100
70.9841,100,100
70.9831,100,100
70.9821,100,100
70.981,100,100
70.98,100,100
70.979,100,100
70.978,100,100
70.977,100,100
70.9759,100,100
70.9749,100,100
70.9739,100,100
70.9729,100,100
70.9719,100,100
70.9709,100,100
70.9698,100,100
70.9689,100,100
70.968,100,100
70.9671,100,100
70.9662,100,100
70.9653,100,100
70.9644,100,100
70.9635,100,100
70.9626,100,100
70.9617,100,100
70.9608,100,100
70.9599,100,100
70.959,100,100
70.958,100,100
70.9571,100,100
70.9562,100,100
70.9553,100,100
70.9544,100,100
70.9535,100,100
70.9526,100,100
70.9517,100,100
70.9508,100,100
70.9499,100,100
70.949,100,100
70.9481,100,100
70.9472,100,100
70.9463,100,100
70.9454,100,100
70.9445,100,100
70.9436,100,100
70.9427,100,100
70.9418,100,100
70.9408,100,100
70.9399,100,100
70.939,100,100
70.9381,100,100
70.9372,100,100
70.9363,100,100
70.9354,100,100
70.9345,100,100
70.9336,100,100
70.9327,100,100
70.9318,100,100
70.9309,100,100
70.93,100,100
70.9291,100,100
70.9282,100,100
70.9273,100,100
70.9264,100,100
70.9255,100,100
70.9246,100,100
70.9236,100,100
70.9227,100,100
70.9218,100,100
70.9209,100,100
70.92,100,100
70.9191,100,100
70.9182,100,100
70.9173,100,100
70.9164,100,100
70.9155,100,100
70.9146,100,100
70.9137,100,100
70.9128,100,100
70.9119,100,100
70.911,100,100
70.9101,100,100
70.9092,100,100
70.9083,100,100
70.9074,100,100
70.9064,100,100
70.9055,100,100
70.9046,100,100
70.9037,100,100
70.9028,100,100
70.9019,100,100
70.901,100,100
70.9001,100,100
70.8992,100,100
70.8983,100,100
70.8974,100,100
70.8965,100,100
70.8956,100,100
70.8947,100,100
70.8938,100,100
70.8929,100,100
70.892,100,100
70.8911,100,100
70.8902,100,100
70.8892,100,100
70.8883,100,100
70.8874,100,100
70.8865,100,100
70.8856,100,100
70.8847,100,100
70.8838,100,100
70.8829,100,100
70.882,100,100
70.8811,100,100
70.8802,100,100
70.8793,100,100
70.8785,100,100
70.8777,100,100
70.8769,100,100
70.8761,100,100
70.8753,100,100
70.8745,100,100
70.8737,100,100
70.873,100,100
70.8722,100,100
70.8714,100,100
70.8706,100,100
70.8698,100,100
70.869,100,100
70.8682,100,100
70.8674,100,100
70.8666,100,100
70.8658,100,100
70.8651,100,100
70.8643,100,100
70.8635,100,100
70.8627,100,100
70.8619,100,100
70.8611,100,100
70.8603,100,100
70.8595,100,100
70.8587,100,100
70.8579,100,100
70.8572,100,100
70.8564,100,100
70.8556,100,100
70.8548,100,100
70.854,100,100
70.8532,100,100
70.8524,100,100
70.8516,100,100
70.8508,100,100
70.85,100,100
70.8493,100,100
70.8485,100,100
70.8477,100,100
70.8469,100,100
70.8461,100,100
70.8453,100,100
70.8445,100,100
70.8437,100,100
70.8429,100,100
70.8421,100,100
70.8414,100,100
70.8406,100,100
70.8398,100,100
70.839,100,100
70.8382,100,100
70.8374,100,100
70.8366,100,100
70.8358,100,100
70.835,100,100
70.8342,100,100
70.8335,100,100
70.8327,100,100
70.8319,100,100
70.8311,100,100
70.8303,100,100
70.8295,100,100
70.8287,100,100
70.8279,100,100
70.8271,100,100
70.8263,100,100
70.8256,100,100
70.8248,100,100
70.824,100,100
70.8232,100,100
70.8224,100,100
70.8216,100,100
70.8208,100,100
70.82,100,100
70.8192,100,100
70.8184,100,100
70.8177,100,100
70.8169,100,100
70.8161,100,100
70.8153,100,100
70.8145,100,100
70.8137,100,100
70.8129,100,100
70.8121,100,100
70.8113,100,100
70.8106,100,100
70.8098,100,100
70.809,100,100
70.8082,100,100
70.8074,100,100
70.8066,100,100
70.8058,100,100
70.805,100,100
70.8042,100,100
70.8034,100,100
70.8027,100,100
70.8019,100,100
70.8011,100,100
70.8003,100,100
70.7996,100,100
70.7989,100,100
70.7982,100,100
70.7975,100,100
70.7968,100,100
70.7961,100,100
70.7954,100,100
70.7947,100,100
70.794,100,100
70.7933,100,100
70.7926,100,100
70.7919,100,100
70.7912,100,100
70.7905,100,100
70.7898,100,100
70.7891,100,100
70.7884,100,100
70.7877,100,100
70.787,100,100
70.7863,100,100
70.7856,100,100
70.7849,100,100
70.7842,100,100
70.7835,100,100
70.7828,100,100
70.7821,100,100
70.7814,100,100
70.7807,100,100
70.78,100,100
70.7793,100,100
70.7786,100,100
70.7779,100,100
70.7772,100,100
70.7765,100,100
70.7758,100,100
70.7751,100,100
70.7744,100,100
70.7737,100,100
70.773,100,100
70.7723,100,100
70.7716,100,100
70.7709,100,100
70.7702,100,100
70.7695,100,100
70.7688,100,100
70.7681,100,100
70.7674,100,100
70.7667,100,100
70.766,100,100
70.7653,100,100
70.7646,100,100
70.7639,100,100
70.7632,100,100
70.7625,100,100
70.7618,100,100
70.7611,100,100
70.7604,100,100
70.7597,100,100
70.759,100,100
70.7583,100,100
70.7576,100,100
70.7569,100,100
70.7562,100,100
70.7555,100,100
70.7548,100,100
70.7541,100,100
70.7534,100,100
70.7527,100,100
70.752,100,100
70.7513,100,100
70.7506,100,100
70.7499,100,100
70.7492,100,100
70.7485,100,100
70.7478,100,100
70.7471,100,100
70.7464,100,100
70.7457,100,100
70.745,100,100
70.7443,100,100
70.7436,100,100
70.7429,100,100
70.7422,100,100
70.7415,100,100
70.7408,100,100
70.7401,100,100
70.7394,100,100
70.7387,100,100
70.738,100,100
70.7373,100,100
70.7366,100,100
70.7359,100,100
70.7352,100,100
70.7345,100,100
70.7338,100,100
70.7331,100,100
70.7324,100,100
70.7317,100,100
70.731,100,100
70.7303,100,100
70.7297,100,100
70.729,100,100
70.7284,100,100
70.7278,100,100
70.7271,100,100
70.7265,100,100
70.7259,100,100
70.7252,100,100
70.7246,100,100
70.724,100,100
70.7233,100,100
70.7227,100,100
70.7221,100,100
70.7214,100,100
70.7208,100,100
70.7202,100,100
70.7195,100,100
70.7189,100,100
70.7183,100,100
70.7176,100,100
70.717,100,100
70.7164,100,100
70.7158,100,100
70.7151,100,100
70.7145,100,100
70.7139,100,100
70.7132,100,100
70.7126,100,100
70.712,100,100
70.7113,100,100
70.7107,100,100
70.7101,100,100
70.7094,100,100
70.7088,100,100
70.7082,100,100
70.7075,100,100
70.7069,100,100
70.7063,100,100
70.7056,100,100
70.705,100,100
70.7044,100,100
70.7037,100,100
70.7031,100,100
70.7025,100,100
70.7018,100,100
70.7012,100,100
70.7006,100,100
70.6999,100,100
70.6993,100,100
70.6987,100,100
70.698,100,100
70.6974,100,100
70.6968,100,100
70.6961,100,100
70.6955,100,100
70.6949,100,100
70.6943,100,100
70.6936,100,100
70.693,100,100
70.6924,100,100
70.6917,100,100
70.6911,100,100
70.6905,100,100
70.6898,100,100
70.6892,100,100
70.6886,100,100
70.6879,100,100
70.6873,100,100
70.6867,100,100
70.686,100,100
70.6854,100,100
70.6848,100,100
70.6841,100,100
70.6835,100,100
70.6829,100,100
70.6822,100,100
70.6816,100,100
70.681,100,100
70.6803,100,100
70.6797,100,100
70.6791,100,100
70.6784,100,100
70.6778,100,100
70.6772,100,100
70.6765,100,100
70.6759,100,100
70.6753,100,100
70.6746,100,100
70.674,100,100
70.6734,100,100
70.6728,100,100
70.6721,100,100
70.6715,100,100
70.6709,100,100
70.6702,100,100
70.6696,100,100
70.669,100,100
70.6683,100,100
70.6677,100,100
70.6671,100,100
70.6665,100,100
70.6659,100,100
70.6653,100,100
70.6647,100,100
70.6642,100,100
70.6636,100,100
70.663,100,100
70.6624,100,100
70.6619,100,100
70.6613,100,100
70.6607,100,100
70.6601,100,100
70.6596,100,100
70.659,100,100
70.6584,100,100
70.6578,100,100
70.6573,100,100
70.6567,100,100
70.6561,100,100
70.6555,100,100
70.655,100,100
70.6544,100,100
70.6538,100,100
70.6532,100,100
70.6527,100,100
70.6521,100,100
70.6515,100,100
70.6509,100,100
70.6503,100,100
70.6498,100,100
70.6492,100,100
70.6486,100,100
70.648,100,100
70.6475,100,100
70.6469,100,100
70.6463,100,100
70.6457,100,100
70.6452,100,100
70.6446,100,100
70.644,100,100
70.6434,100,100
70.6429,100,100
70.6423,100,100
70.6417,100,100
70.6411,100,100
70.6406,100,100
70.64,100,100
70.6394,100,100
70.6388,100,100
70.6383,100,100
70.6377,100,100
70.6371,100,100
70.6365,100,100
70.6359,100,100
70.6354,100,100
70.6348,100,100
70.6342,100,100
70.6336,100,100
70.6331,100,100
70.6325,100,100
70.6319,100,100
70.6313,100,100
70.6308,100,100
70.6302,100,100
70.6296,100,100
70.629,100,100
70.6285,100,100
70.6279,100,100
70.6273,100,100
70.6267,100,100
70.6262,100,100
70.6256,100,100
70.625,100,100
70.6244,100,100
70.6239,100,100
70.6233,100,100
70.6227,100,100
70.6221,100,100
70.6216,100,100
70.621,100,100
70.6204,100,100
70.6198,100,100
70.6192,100,100
70.6187,100,100
70.6181,100,100
70.6175,100,100
70.6169,100,100
70.6164,100,100
70.6158,100,100
70.6152,100,100
70.6146,100,100
70.6141,100,100
70.6135,100,100
70.6129,100,100
70.6123,100,100
70.6118,100,100
70.6112,100,100
70.6106,100,100
70.61,100,100
70.6095,100,100
70.6089,100,100
70.6084,100,100
70.6079,100,100
70.6073,100,100
70.6068,100,100
70.6063,100,100
70.6058,100,100
70.6052,100,100
70.6047,100,100
70.6042,100,100
70.6037,100,100
70.6031,100,100
70.6026,100,100
70.6021,100,100
70.6016,100,100
70.601,100,100
70.6005,100,100
70.6,100,100
70.5995,100,100
70.5989,100,100
70.5984,100,100
70.5979,100,100
70.5974,100,100
70.5968,100,100
70.5963,100,100
70.5958,100,100
70.5953,100,100
70.5947,100,100
70.5942,100,100
70.5937,100,100
70.5932,100,100
70.5926,100,100
70.5921,100,100
70.5916,100,100
70.5911,100,100
70.5905,100,100
70.59,100,100
70.5895,100,100
70.589,100,100
70.5884,100,100
70.5879,100,100
70.5874,100,100
70.5869,100,100
70.5863,100,100
70.5858,100,100
70.5853,100,100
70.5848,100,100
70.5842,100,100
70.5837,100,100
70.5832,100,100
70.5827,100,100
70.5821,100,100
70.5816,100,100
70.5811,100,100
70.5806,100,100
70.58,100,100
70.5795,100,100
70.579,100,100
70.5785,100,100
70.5779,100,100
70.5774,100,100
70.5769,100,100
70.5764,100,100
70.5759,100,100
70.5753,100,100
70.5748,100,100
70.5743,100,100
70.5738,100,100
70.5732,100,100
70.5727,100,100
70.5722,100,100
70.5717,100,100
70.5711,100,100
70.5706,100,100
70.5701,100,100
70.5696,100,100
70.569,100,100
70.5685,100,100
70.568,100,100
70.5675,100,100
70.5669,100,100
70.5664,100,100
70.5659,100,100
70.5654,100,100
70.5648,100,100
70.5643,100,100
70.5638,100,100
70.5633,100,100
70.5627,100,100
70.5622,100,100
70.5617,100,100
70.5612,100,100
70.5606,100,100
70.5601,100,100
70.5596,100,100
70.5591,100,100
70.5585,100,100
70.558,100,100
70.5575,100,100
70.557,100,100
70.5565,100,100
70.556,100,100
70.5555,100,100
70.555,100,100
70.5546,100,100
70.5541,100,100
70.5536,100,100
70.5531,100,100
70.5527,100,100
70.5522,100,100
70.5517,100,100
70.5512,100,100
70.5507,100,100
70.5503,100,100
70.5498,100,100
70.5493,100,100
70.5488,100,100
70.5484,100,100
70.5479,100,100
70.5474,100,100
70.5469,100,100
70.5465,100,100
70.546,100,100
70.5455,100,100
70.545,100,100
70.5446,100,100
70.5441,100,100
70.5436,100,100
70.5431,100,100
70.5426,100,100
70.5422,100,100
70.5417,100,100
70.5412,100,100
70.5407,100,100
70.5403,100,100
70.5398,100,100
70.5393,100,100
70.5388,100,100
70.5384,100,100
70.5379,100,100
70.5374,100,100
70.5369,100,100
70.5365,100,100
70.536,100,100
70.5355,100,100
70.535,100,100
70.5345,100,100
70.5341,100,100
70.5336,100,100
70.5331,100,100
70.5326,100,100
70.5322,100,100
70.5317,100,100
70.5312,100,100
70.5307,100,100
70.5303,100,100
70.5298,100,100
70.5293,100,100
70.5288,100,100
70.5283,100,100
70.5279,100,100
70.5274,100,100
70.5269,100,100
70.5264,100,100
70.526,100,100
70.5255,100,100
70.525,100,100
70.5245,100,100
70.5241,100,100
70.5236,100,100
70.5231,100,100
70.5226,100,100
70.5222,100,100
70.5217,100,100
70.5212,100,100
70.5207,100,100
70.5202,100,100
70.5198,100,100
70.5193,100,100
70.5188,100,100
70.5183,100,100
70.5179,100,100
70.5174,100,100
70.5169,100,100
70.5164,100,100
70.516,100,100
70.5155,100,100
70.515,100,100
70.5145,100,100
70.5141,100,100
70.5136,100,100
70.5131,100,100
70.5126,100,100
70.5121,100,100
70.5117,100,100
70.5112,100,100
70.5107,100,100
70.5102,100,100
70.5098,100,100
70.5093,100,100
70.5088,100,100
70.5084,100,100
70.508,100,100
70.5075,100,100
70.5071,100,100
70.5067,100,100
70.5062,100,100
70.5058,100,100
70.5054,100,100
70.5049,100,100
70.5045,100,100
70.5041,100,100
70.5036,100,100
70.5032,100,100
70.5028,100,100
70.5023,100,100
70.5019,100,100
70.5015,100,100
70.501,100,100
70.5006,100,100
70.5002,100,100
70.4997,100,100
70.4993,100,100
70.4989,100,100
70.4984,100,100
70.498,100,100
70.4976,100,100
70.4971,100,100
70.4967,100,100
70.4963,100,100
70.4958,100,100
70.4954,100,100
70.495,100,100
70.4945,100,100
70.4941,100,100
70.4937,100,100
70.4932,100,100
70.4928,100,100
70.4924,100,100
70.4919,100,100
70.4915,100,100
70.4911,100,100
70.4906,100,100
70.4902,100,100
70.4898,100,100
70.4893,100,100
70.4889,100,100
70.4885,100,100
70.488,100,100
70.4876,100,100
70.4872,100,100
70.4867,100,100
70.4863,100,100
70.4859,100,100
70.4854,100,100
70.485,100,100
70.4846,100,100
70.4841,100,100
70.4837,100,100
70.4833,100,100
70.4828,100,100
70.4824,100,100
70.482,100,100
70.4815,100,100
70.4811,100,100
70.4807,100,100
70.4802,100,100
70.4798,100,100
70.4794,100,100
70.4789,100,100
70.4785,100,100
70.4781,100,100
70.4776,100,100
70.4772,100,100
70.4768,100,100
70.4763,100,100
70.4759,100,100
70.4755,100,100
70.475,100,100
70.4746,100,100
70.4742,100,100
70.4737,100,100
70.4733,100,100
70.4729,100,100
70.4724,100,100
70.472,100,100
70.4716,100,100
70.4711,100,100
70.4707,100,100
70.4703,100,100
70.4698,100,100
70.4694,100,100
70.469,100,100
70.4685,100,100
70.4681,100,100
70.4677,100,100
70.4672,100,100
70.4668,100,100
70.4664,100,100
70.4659,100,100
70.4655,100,100
70.4651,100,100
70.4647,100,100
70.4643,100,100
70.4638,100,100
70.4634,100,100
70.463,100,100
70.4626,100,100
70.4622,100,100
70.4618,100,100
70.4613,100,100
70.4609,100,100
70.4605,100,100
70.4601,100,100
70.4597,100,100
70.4593,100,100
70.4588,100,100
70.4584,100,100
70.458,100,100
70.4576,100,100
70.4572,100,100
70.4568,100,100
70.4563,100,100
70.4559,100,100
70.4555,100,100
70.4551,100,100
70.4547,100,100
70.4543,100,100
70.4539,100,100
70.4534,100,100
70.453,100,100
70.4526,100,100
70.4522,100,100
70.4518,100,100
70.4514,100,100
70.4509,100,100
70.4505,100,100
70.4501,100,100
70.4497,100,100
70.4493,100,100
70.4489,100,100
70.4484,100,100
70.448,100,100
70.4476,100,100
70.4472,100,100
70.4468,100,100
70.4464,100,100
70.4459,100,100
70.4455,100,100
70.4451,100,100
70.4447,100,100
70.4443,100,100
70.4439,100,100
70.4434,100,100
70.443,100,100
70.4426,100,100
70.4422,100,100
70.4418,100,100
70.4414,100,100
70.4409,100,100
70.4405,100,100
70.4401,100,100
70.4397,100,100
70.4393,100,100
70.4389,100,100
70.4384,100,100
70.438,100,100
70.4376,100,100
70.4372,100,100
70.4368,100,100
70.4364,100,100
70.4359,100,100
70.4355,100,100
70.4351,100,100
70.4347,100,100
70.4343,100,100
70.4339,100,100
70.4334,100,100
70.433,100,100
70.4326,100,100
70.4322,100,100
70.4318,100,100
70.4314,100,100
70.4309,100,100
70.4305,100,100
70.4301,100,100
70.4297,100,100
70.4293,100,100
70.4289,100,100
70.4284,100,100
70.428,100,100
70.4276,100,100
70.4272,100,100
70.4268,100,100
70.4264,100,100
70.4259,100,100
70.4255,100,100
70.4251,100,100
70.4247,100,100
70.4243,100,100
70.4238,100,100
70.4234,100,100
70.423,100,100
70.4226,100,100
70.4221,100,100
70.4217,100,100
70.4213,100,100
70.4208,100,100
70.4204,100,100
70.42,100,100
70.4196,100,100
70.4191,100,100
70.4187,100,100
70.4183,100,100
70.4178,100,100
70.4174,100,100
70.417,100,100
70.4166,100,100
70.4161,100,100
70.4157,100,100
70.4153,100,100
70.4148,100,100
70.4144,100,100
70.414,100,100
70.4136,100,100
70.4131,100,100
70.4127,100,100
70.4123,100,100
70.4118,100,100
70.4114,100,100
70.411,100,100
70.4106,100,100
70.4101,100,100
70.4097,100,100
70.4093,100,100
70.4088,100,100
70.4084,100,100
70.408,100,100
70.4076,100,100
70.4071,100,100
70.4067,100,100
70.4063,100,100
70.4058,100,100
70.4054,100,100
70.405,100,100
70.4046,100,100
70.4041,100,100
70.4037,100,100
70.4033,100,100
70.4028,100,100
70.4024,100,100
70.402,100,100
70.4016,100,100
70.4011,100,100
70.4007,100,100
70.4003,100,100
70.3998,100,100
70.3994,100,100
70.399,100,100
70.3986,100,100
70.3981,100,100
70.3977,100,100
70.3973,100,100
70.3968,100,100
70.3964,100,100
70.396,100,100
70.3956,100,100
70.3951,100,100
70.3947,100,100
70.3943,100,100
70.3938,100,100
70.3934,100,100
70.393,100,100
70.3926,100,100
70.3921,100,100
70.3917,100,100
70.3913,100,100
70.3908,100,100
70.3904,100,100
70.39,100,100
70.3896,100,100
70.3891,100,100
70.3887,100,100
70.3883,100,100
70.3878,100,100
70.3874,100,100
70.387,100,100
70.3866,100,100
70.3861,100,100
70.3857,100,100
70.3853,100,100
70.3848,100,100
70.3844,100,100
70.384,100,100
70.3836,100,100
70.3831,100,100
70.3827,100,100
70.3823,100,100
70.3818,100,100
70.3814,100,100
70.381,100,100
70.3806,100,100
70.3802,100,100
70.3798,100,100
70.3794,100,100
70.379,100,100
70.3786,100,100
70.3782,100,100
70.3778,100,100
70.3774,100,100
70.377,100,100
70.3766,100,100
70.3762,100,100
70.3758,100,100
70.3755,100,100
70.3751,100,100
70.3747,100,100
70.3743,100,100
70.3739,100,100
70.3735,100,100
70.3731,100,100
70.3727,100,100
70.3723,100,100
70.3719,100,100
70.3715,100,100
70.3711,100,100
70.3707,100,100
70.3703,100,100
70.3699,100,100
70.3695,100,100
70.3691,100,100
70.3687,100,100
70.3683,100,100
70.3679,100,100
70.3675,100,100
70.3671,100,100
70.3667,100,100
70.3663,100,100
70.3659,100,100
70.3655,100,100
70.3651,100,100
70.3647,100,100
70.3643,100,100
70.3639,100,100
70.3635,100,100
70.3632,100,100
70.3628,100,100
70.3624,100,100
70.362,100,100
70.3616,100,100
70.3612,100,100
70.3608,100,100
70.3604,100,100
70.36,100,100
70.3596,100,100
70.3592,100,100
70.3588,100,100
70.3584,100,100
70.358,100,100
70.3576,100,100
70.3572,100,100
70.3568,100,100
70.3564,100,100
70.356,100,100
70.3556,100,100
70.3552,100,100
70.3548,100,100
70.3544,100,100
70.354,100,100
70.3536,100,100
70.3532,100,100
70.3528,100,100
70.3524,100,100
70.352,100,100
70.3516,100,100
70.3512,100,100
70.3508,100,100
70.3505,100,100
70.3501,100,100
70.3497,100,100
70.3493,100,100
70.3489,100,100
70.3485,100,100
70.3481,100,100
70.3477,100,100
70.3473,100,100
70.3469,100,100
70.3465,100,100
70.3461,100,100
70.3457,100,100
70.3453,100,100
70.3449,100,100
70.3445,100,100
70.3441,100,100
70.3437,100,100
70.3433,100,100
70.3429,100,100
70.3425,100,100
70.3421,100,100
70.3417,100,100
70.3414,100,100
70.341,100,100
70.3406,100,100
70.3403,100,100
70.3399,100,100
70.3395,100,100
70.3392,100,100
70.3388,100,100
70.3385,100,100
70.3381,100,100
70.3377,100,100
70.3374,100,100
70.337,100,100
70.3367,100,100
70.3363,100,100
70.3359,100,100
70.3356,100,100
70.3352,100,100
70.3348,100,100
70.3345,100,100
70.3341,100,100
70.3338,100,100
70.3334,100,100
70.333,100,100
70.3327,100,100
70.3323,100,100
70.3319,100,100
70.3316,100,100
70.3312,100,100
70.3309,100,100
70.3305,100,100
70.3301,100,100
70.3298,100,100
70.3294,100,100
70.3291,100,100
70.3287,100,100
70.3283,100,100
70.328,100,100
70.3276,100,100
70.3272,100,100
70.3269,100,100
70.3265,100,100
70.3262,100,100
70.3258,100,100
70.3254,100,100
70.3251,100,100
70.3247,100,100
70.3243,100,100
70.324,100,100
70.3236,100,100
70.3233,100,100
70.3229,100,100
70.3225,100,100
70.3222,100,100
70.3218,100,100
70.3215,100,100
70.3211,100,100
70.3207,100,100
70.3204,100,100
70.32,100,100
70.3196,100,100
70.3193,100,100
70.3189,100,100
70.3186,100,100
70.3182,100,100
70.3178,100,100
70.3175,100,100
70.3171,100,100
70.3167,100,100
70.3164,100,100
70.316,100,100
70.3157,100,100
70.3153,100,100
70.3149,100,100
70.3146,100,100
70.3142,100,100
70.3139,100,100
70.3135,100,100
70.3131,100,100
70.3128,100,100
70.3124,100,100
70.312,100,100
70.3117,100,100
70.3113,100,100
70.311,100,100
70.3106,100,100
70.3102,100,100
70.3099,100,100
70.3095,100,100
70.3091,100,100
70.3088,100,100
70.3084,100,100
70.3081,100,100
70.3077,100,100
70.3073,100,100
70.307,100,100
70.3066,100,100
70.3063,100,100
70.3059,100,100
70.3055,100,100
70.3052,100,100
70.3049,100,100
70.3045,100,100
70.3042,100,100
70.3039,100,100
70.3035,100,100
70.3032,100,100
70.3029,100,100
70.3025,100,100
70.3022,100,100
70.3019,100,100
70.3016,100,100
70.3012,100,100
70.3009,100,100
70.3006,100,100
70.3002,100,100
70.2999,100,100
70.2996,100,100
70.2992,100,100
70.2989,100,100
70.2986,100,100
70.2982,100,100
70.2979,100,100
70.2976,100,100
70.2972,100,100
70.2969,100,100
70.2966,100,100
70.2963,100,100
70.2959,100,100
70.2956,100,100
70.2953,100,100
70.2949,100,100
70.2946,100,100
70.2943,100,100
70.2939,100,100
70.2936,100,100
70.2933,100,100
70.2929,100,100
70.2926,100,100
70.2923,100,100
70.292,100,100
70.2916,100,100
70.2913,100,100
70.291,100,100
70.2906,100,100
70.2903,100,100
70.29,100,100
70.2896,100,100
70.2893,100,100
70.289,100,100
70.2886,100,100
70.2883,100,100
70.288,100,100
70.2876,100,100
70.2873,100,100
70.287,100,100
70.2867,100,100
70.2863,100,100
70.286,100,100
70.2857,100,100
70.2853,100,100
70.285,100,100
70.2847,100,100
70.2843,100,100
70.284,100,100
70.2837,100,100
70.2833,100,100
70.283,100,100
70.2827,100,100
70.2824,100,100
70.282,100,100
70.2817,100,100
70.2814,100,100
70.281,100,100
70.2807,100,100
70.2804,100,100
70.28,100,100
70.2797,100,100
70.2794,100,100
70.279,100,100
70.2787,100,100
70.2784,100,100
70.2781,100,100
70.2777,100,100
70.2774,100,100
70.2771,100,100
70.2767,100,100
70.2764,100,100
70.2761,100,100
70.2757,100,100
70.2754,100,100
70.2751,100,100
70.2747,100,100
70.2744,100,100
70.2741,100,100
70.2737,100,100
70.2734,100,100
70.2731,100,100
70.2728,100,100
70.2724,100,100
70.2721,100,100
70.2718,100,100
70.2715,100,100
70.2712,100,100
70.2709,100,100
70.2706,100,100
70.2703,100,100
70.2699,100,100
70.2696,100,100
70.2693,100,100
70.269,100,100
70.2687,100,100
70.2684,100,100
70.2681,100,100
70.2678,100,100
70.2675,100,100
70.2672,100,100
70.2669,100,100
70.2666,100,100
70.2662,100,100
70.2659,100,100
70.2656,100,100
70.2653,100,100
70.265,100,100
70.2647,100,100
70.2644,100,100
70.2641,100,100
70.2638,100,100
70.2635,100,100
70.2632,100,100
70.2628,100,100
70.2625,100,100
70.2622,100,100
70.2619,100,100
70.2616,100,100
70.2613,100,100
70.261,100,100
70.2607,100,100
70.2604,100,100
70.2601,100,100
70.2598,100,100
70.2594,100,100
70.2591,100,100
70.2588,100,100
70.2585,100,100
70.2582,100,100
70.2579,100,100
70.2576,100,100
70.2573,100,100
70.257,100,100
70.2567,100,100
70.2564,100,100
70.256,100,100
70.2557,100,100
70.2554,100,100
70.2551,100,100
70.2548,100,100
70.2545,100,100
70.2542,100,100
70.2539,100,100
70.2536,100,100
70.2533,100,100
70.253,100,100
70.2526,100,100
70.2523,100,100
70.252,100,100
70.2517,100,100
70.2514,100,100
70.2511,100,100
70.2508,100,100
70.2505,100,100
70.2502,100,100
70.2499,100,100
70.2496,100,100
70.2492,100,100
70.2489,100,100
70.2486,100,100
70.2483,100,100
70.248,100,100
70.2477,100,100
70.2474,100,100
70.2471,100,100
70.2468,100,100
70.2465,100,100
70.2462,100,100
70.2459,100,100
70.2455,100,100
70.2452,100,100
70.2449,100,100
70.2446,100,100
70.2443,100,100
70.244,100,100
70.2437,100,100
70.2434,100,100
70.2431,100,100
70.2428,100,100
70.2425,100,100
70.2421,100,100
70.2418,100,100
70.2415,100,100
70.2412,100,100
70.2409,100,100
70.2406,100,100
70.2404,100,100
70.2401,100,100
70.2398,100,100
70.2395,100,100
70.2392,100,100
70.2389,100,100
70.2386,100,100
70.2383,100,100
70.238,100,100
70.2377,100,100
70.2374,100,100
70.2372,100,100
70.2369,100,100
70.2366,100,100
70.2363,100,100
70.236,100,100
70.2357,100,100
70.2354,100,100
70.2351,100,100
70.2348,100,100
70.2345,100,100
70.2342,100,100
70.2339,100,100
70.2337,100,100
70.2334,100,100
70.2331,100,100
70.2328,100,100
70.2325,100,100
70.2322,100,100
70.2319,100,100
70.2316,100,100
70.2313,100,100
70.231,100,100
70.2307,100,100
70.2305,100,100
70.2302,100,100
70.2299,100,100
70.2296,100,100
70.2293,100,100
70.229,100,100
70.2287,100,100
70.2284,100,100
70.2281,100,100
70.2278,100,100
70.2275,100,100
70.2272,100,100
70.227,100,100
70.2267,100,100
70.2264,100,100
70.2261,100,100
70.2258,100,100
70.2255,100,100
70.2252,100,100
70.2249,100,100
70.2246,100,100
70.2243,100,100
70.224,100,100
70.2238,100,100
70.2235,100,100
70.2232,100,100
70.2229,100,100
70.2226,100,100
70.2223,100,100
70.222,100,100
70.2217,100,100
70.2214,100,100
70.2211,100,100
70.2208,100,100
70.2205,100,100
70.2203,100,100
70.22,100,100
70.2197,100,100
70.2194,100,100
70.2191,100,100
70.2188,100,100
70.2185,100,100
70.2182,100,100
70.2179,100,100
70.2176,100,100
70.2173,100,100
70.2171,100,100
70.2168,100,100
70.2165,100,100
70.2162,100,100
70.2159,100,100
70.2156,100,100
70.2153,100,100
70.215,100,100
70.2147,100,100
70.2144,100,100
70.2141,100,100
70.2138,100,100
70.2136,100,100
70.2133,100,100
70.213,100,100
70.2127,100,100
70.2124,100,100
70.2121,100,100
70.2118,100,100
70.2116,100,100
70.2113,100,100
70.211,100,100
70.2107,100,100
70.2104,100,100
70.2102,100,100
70.2099,100,100
70.2096,100,100
70.2093,100,100
70.2091,100,100
70.2088,100,100
70.2085,100,100
70.2082,100,100
70.2079,100,100
70.2077,100,100
70.2074,100,100
70.2071,100,100
70.2068,100,100
70.2066,100,100
70.2063,100,100
70.206,100,100
70.2057,100,100
70.2054,100,100
70.2052,100,100
70.2049,100,100
70.2046,100,100
70.2043,100,100
70.2041,100,100
70.2038,100,100
70.2035,100,100
70.2032,100,100
70.203,100,100
70.2027,100,100
70.2024,100,100
70.2021,100,100
70.2018,100,100
70.2016,100,100
70.2013,100,100
70.201,100,100
70.2007,100,100
70.2005,100,100
70.2002,100,100
70.1999,100,100
70.1996,100,100
70.1993,100,100
70.1991,100,100
70.1988,100,100
70.1985,100,100
70.1982,100,100
70.198,100,100
70.1977,100,100
70.1974,100,100
70.1971,100,100
70.1968,100,100
70.1966,100,100
70.1963,100,100
70.196,100,100
70.1957,100,100
70.1955,100,100
70.1952,100,100
70.1949,100,100
70.1946,100,100
70.1944,100,100
70.1941,100,100
70.1938,100,100
70.1935,100,100
70.1932,100,100
70.193,100,100
70.1927,100,100
70.1924,100,100
70.1921,100,100
70.1919,100,100
70.1916,100,100
70.1913,100,100
70.191,100,100
70.1907,100,100
70.1905,100,100
70.1902,100,100
70.1899,100,100
70.1896,100,100
70.1894,100,100
70.1891,100,100
70.1888,100,100
70.1885,100,100
70.1882,100,100
70.188,100,100
70.1877,100,100
70.1874,100,100
70.1871,100,100
70.1869,100,100
70.1866,100,100
70.1863,100,100
70.186,100,100
70.1857,100,100
70.1855,100,100
70.1852,100,100
70.1849,100,100
70.1846,100,100
70.1844,100,100
70.1841,100,100
70.1838,100,100
70.1835,100,100
70.1833,100,100
70.183,100,100
70.1827,100,100
70.1824,100,100
70.1822,100,100
70.1819,100,100
70.1816,100,100
70.1814,100,100
70.1811,100,100
70.1808,100,100
70.1805,100,100
70.1803,100,100
70.18,100,100
70.1797,100,100
70.1794,100,100
70.1792,100,100
70.1789,100,100
70.1786,100,100
70.1783,100,100
70.1781,100,100
70.1778,100,100
70.1775,100,100
70.1772,100,100
70.177,100,100
70.1767,100,100
70.1764,100,100
70.1762,100,100
70.1759,100,100
70.1756,100,100
70.1753,100,100
70.1751,100,100
70.1748,100,100
70.1745,100,100
70.1742,100,100
70.174,100,100
70.1737,100,100
70.1734,100,100
70.1731,100,100
70.1729,100,100
70.1726,100,100
70.1723,100,100
70.1721,100,100
70.1718,100,100
70.1715,100,100
70.1712,100,100
70.171,100,100
70.1707,100,100
70.1704,100,100
70.1701,100,100
70.1699,100,100
70.1696,100,100
70.1693,100,100
70.169,100,100
70.1688,100,100
70.1685,100,100
70.1682,100,100
70.1679,100,100
70.1677,100,100
70.1674,100,100
70.1671,100,100
70.1669,100,100
70.1666,100,100
70.1663,100,100
70.166,100,100
70.1658,100,100
70.1655,100,100
70.1652,100,100
70.1649,100,100
70.1647,100,100
70.1644,100,100
70.1641,100,100
70.1638,100,100
70.1636,100,100
70.1633,100,100
70.163,100,100
70.1627,100,100
70.1625,100,100
70.1622,100,100
70.1619,100,100
70.1617,100,100
70.1614,100,100
70.1611,100,100
70.1608,100,100
70.1606,100,100
70.1603,100,100
70.16,100,100
70.1597,100,100
70.1595,100,100
70.1592,100,100
70.1589,100,100
70.1586,100,100
70.1584,100,100
70.1581,100,100
70.1578,100,100
70.1576,100,100
70.1573,100,100
70.157,100,100
70.1567,100,100
70.1565,100,100
70.1562,100,100
70.1559,100,100
70.1557,100,100
70.1554,100,100
70.1551,100,100
70.1549,100,100
70.1546,100,100
70.1543,100,100
70.1541,100,100
70.1538,100,100
70.1535,100,100
70.1533,100,100
70.153,100,100
70.1527,100,100
70.1525,100,100
70.1522,100,100
70.152,100,100
70.1517,100,100
70.1514,100,100
70.1512,100,100
70.1509,100,100
70.1506,100,100
70.1504,100,100
70.1501,100,100
70.1498,100,100
70.1496,100,100
70.1493,100,100
70.149,100,100
70.1488,100,100
70.1485,100,100
70.1482,100,100
70.148,100,100
70.1477,100,100
70.1474,100,100
70.1472,100,100
70.1469,100,100
70.1466,100,100
70.1464,100,100
70.1461,100,100
70.1458,100,100
70.1456,100,100
70.1453,100,100
70.145,100,100
70.1448,100,100
70.1445,100,100
70.1442,100,100
70.144,100,100
70.1437,100,100
70.1434,100,100
70.1432,100,100
70.1429,100,100
70.1426,100,100
70.1424,100,100
70.1421,100,100
70.1418,100,100
70.1416,100,100
70.1413,100,100
70.141,100,100
70.1408,100,100
70.1405,100,100
70.1402,100,100
70.14,100,100
70.1397,100,100
70.1394,100,100
70.1392,100,100
70.1389,100,100
70.1386,100,100
70.1384,100,100
70.1381,100,100
70.1378,100,100
70.1376,100,100
70.1373,100,100
70.137,100,100
70.1368,100,100
70.1365,100,100
70.1362,100,100
70.136,100,100
70.1357,100,100
70.1354,100,100
70.1352,100,100
70.1349,100,100
70.1346,100,100
70.1344,100,100
70.1341,100,100
70.1338,100,100
70.1336,100,100
70.1333,100,100
70.133,100,100
70.1328,100,100
70.1325,100,100
70.1322,100,100
70.132,100,100
70.1317,100,100
70.1315,100,100
70.1312,100,100
70.1309,100,100
70.1307,100,100
70.1304,100,100
70.1301,100,100
70.1299,100,100
70.1296,100,100
70.1294,100,100
70.1291,100,100
70.1288,100,100
70.1286,100,100
70.1283,100,100
70.1281,100,100
70.1278,100,100
70.1276,100,100
70.1273,100,100
70.127,100,100
70.1268,100,100
70.1265,100,100
70.1263,100,100
70.126,100,100
70.1258,100,100
70.1255,100,100
70.1252,100,100
70.125,100,100
70.1247,100,100
70.1245,100,100
70.1242,100,100
70.1239,100,100
70.1237,100,100
70.1234,100,100
70.1232,100,100
70.1229,100,100
70.1227,100,100
70.1224,100,100
70.1221,100,100
70.1219,100,100
70.1216,100,100
70.1214,100,100
70.1211,100,100
70.1209,100,100
70.1206,100,100
70.1203,100,100
70.1201,100,100
70.1198,100,100
70.1196,100,100
70.1193,100,100
70.119,100,100
70.1188,100,100
70.1185,100,100
70.1183,100,100
70.118,100,100
70.1178,100,100
70.1175,100,100
70.1172,100,100
70.117,100,100
70.1167,100,100
70.1165,100,100
70.1162,100,100
70.116,100,100
70.1157,100,100
70.1154,100,100
70.1152,100,100
70.1149,100,100
70.1147,100,100
70.1144,100,100
70.1141,100,100
70.1139,100,100
70.1136,100,100
70.1134,100,100
70.1131,100,100
70.1129,100,100
70.1126,100,100
70.1123,100,100
70.1121,100,100
70.1118,100,100
70.1116,100,100
70.1113,100,100
70.1111,100,100
70.1108,100,100
70.1105,100,100
70.1103,100,100
70.11,100,100
70.1098,100,100
70.1095,100,100
70.1092,100,100
70.109,100,100
70.1087,100,100
70.1085,100,100
70.1082,100,100
70.108,100,100
70.1077,100,100
70.1074,100,100
70.1072,100,100
70.1069,100,100
70.1067,100,100
70.1064,100,100
70.1062,100,100
70.1059,100,100
70.1056,100,100
70.1054,100,100
70.1051,100,100
70.1049,100,100
70.1046,100,100
70.1044,100,100
70.1041,100,100
70.1039,100,100
70.1036,100,100
70.1034,100,100
70.1031,100,100
70.1028,100,100
70.1026,100,100
70.1023,100,100
70.1021,100,100
70.1018,100,100
70.1016,100,100
70.1013,100,100
70.1011,100,100
70.1008,100,100
70.1006,100,100
70.1003,100,100
70.1001,100,100
70.0998,100,100
70.0996,100,100
70.0993,100,100
70.0991,100,100
70.0988,100,100
70.0986,100,100
70.0983,100,100
70.0981,100,100
70.0978,100,100
70.0976,100,100
70.0973,100,100
70.0971,100,100
70.0968,100,100
70.0965,100,100
70.0963,100,100
70.096,100,100
70.0958,100,100
70.0955,100,100
70.0953,100,100
70.095,100,100
70.0948,100,100
70.0945,100,100
70.0943,100,100
70.094,100,100
70.0938,100,100
70.0935,100,100
70.0933,100,100
70.093,100,100
70.0928,100,100
70.0925,100,100
70.0923,100,100
70.092,100,100
70.0918,100,100
70.0915,100,100
70.0913,100,100
70.091,100,100
70.0908,100,100
70.0905,100,100
70.0902,100,100
70.09,100,100
70.0897,100,100
70.0895,100,100
70.0892,100,100
70.089,100,100
70.0887,100,100
70.0885,100,100
70.0882,100,100
70.088,100,100
70.0877,100,100
70.0875,100,100
70.0872,100,100
70.087,100,100
70.0867,100,100
70.0865,100,100
70.0862,100,100
70.086,100,100
70.0857,100,100
70.0855,100,100
70.0852,100,100
70.085,100,100
70.0847,100,100
70.0844,100,100
70.0842,100,100
70.0839,100,100
70.0837,100,100
70.0834,100,100
70.0832,100,100
70.0829,100,100
70.0827,100,100
70.0824,100,100
70.0822,100,100
70.0819,100,100
70.0817,100,100
70.0814,100,100
70.0812,100,100
70.0809,100,100
70.0807,100,100
70.0804,100,100
70.0802,100,100
70.0799,100,100
70.0797,100,100
70.0794,100,100
70.0792,100,100
70.0789,100,100
70.0787,100,100
70.0784,100,100
70.0782,100,100
70.0779,100,100
70.0777,100,100
70.0774,100,100
70.0772,100,100
70.077,100,100
70.0767,100,100
70.0765,100,100
70.0762,100,100
70.076,100,100
70.0757,100,100
70.0755,100,100
70.0752,100,100
70.075,100,100
70.0747,100,100
70.0745,100,100
70.0742,100,100
70.074,100,100
70.0738,100,100
70.0735,100,100
70.0733,100,100
70.073,100,100
70.0728,100,100
70.0725,100,100
70.0723,100,100
70.072,100,100
70.0718,100,100
70.0715,100,100
70.0713,100,100
70.071,100,100
70.0708,100,100
70.0706,100,100
70.0703,100,100
70.0701,100,100
70.0698,100,100
70.0696,100,100
70.0693,100,100
70.0691,100,100
70.0688,100,100
70.0686,100,100
70.0683,100,100
70.0681,100,100
70.0678,100,100
70.0676,100,100
70.0674,100,100
70.0671,100,100
70.0669,100,100
70.0666,100,100
70.0664,100,100
70.0661,100,100
70.0659,100,100
70.0656,100,100
70.0654,100,100
70.0651,100,100
70.0649,100,100
70.0646,100,100
70.0644,100,100
70.0642,100,100
70.0639,100,100
70.0637,100,100
70.0634,100,100
70.0632,100,100
70.0629,100,100
70.0627,100,100
70.0624,100,100
70.0622,100,100
70.0619,100,100
70.0617,100,100
70.0614,100,100
70.0612,100,100
70.061,100,100
70.0607,100,100
70.0605,100,100
70.0602,100,100
70.06,100,100
70.0597,100,100
70.0595,100,100
70.0592,100,100
70.059,100,100
70.0587,100,100
70.0585,100,100
70.0582,100,100
70.058,100,100
70.0578,100,100
70.0575,100,100
70.0573,100,100
70.057,100,100
70.0568,100,100
70.0565,100,100
70.0563,100,100
70.056,100,100
70.0558,100,100
70.0555,100,100
70.0553,100,100
70.055,100,100
70.0548,100,100
70.0546,100,100
70.0543,100,100
70.0541,100,100
70.0538,100,100
70.0536,100,100
70.0533,100,100
70.0531,100,100
70.0529,100,100
70.0526,100,100
70.0524,100,100
70.0521,100,100
70.0519,100,100
70.0516,100,100
70.0514,100,100
70.0511,100,100
70.0509,100,100
70.0507,100,100
70.0504,100,100
70.0502,100,100
70.0499,100,100
70.0497,100,100
70.0494,100,100
70.0492,100,100
70.049,100,100
70.0487,100,100
70.0485,100,100
70.0482,100,100
70.048,100,100
70.0477,100,100
70.0475,100,100
70.0472,100,100
70.047,100,100
70.0468,100,100
70.0465,100,100
70.0463,100,100
70.046,100,100
70.0458,100,100
70.0455,100,100
70.0453,100,100
70.0451,100,100
70.0448,100,100
70.0446,100,100
70.0443,100,100
70.0441,100,100
70.0438,100,100
70.0436,100,100
70.0433,100,100
70.0431,100,100
70.0429,100,100
70.0426,100,100
70.0424,100,100
70.0421,100,100
70.0419,100,100
70.0416,100,100
70.0414,100,100
70.0412,100,100
70.0409,100,100
70.0407,100,100
70.0404,100,100
70.0402,100,100
70.0399,100,100
70.0397,100,100
70.0394,100,100
70.0392,100,100
70.039,100,100
70.0387,100,100
70.0385,100,100
70.0382,100,100
70.038,100,100
70.0377,100,100
70.0375,100,100
70.0372,100,100
70.037,100,100
70.0368,100,100
70.0365,100,100
70.0363,100,100
70.036,100,100
70.0358,100,100
70.0355,100,100
70.0353,100,100
70.0351,100,100
70.0348,100,100
70.0346,100,100
70.0343,100,100
70.0341,100,100
70.0338,100,100
70.0336,100,100
70.0333,100,100
70.0331,100,100
70.0329,100,100
70.0326,100,100
70.0324,100,100
70.0321,100,100
70.0319,100,100
70.0316,100,100
70.0314,100,100
70.0312,100,100
70.0309,100,100
70.0307,100,100
70.0304,100,100
70.0302,100,100
70.0299,100,100
70.0297,100,100
70.0295,100,100
70.0292,100,100
70.029,100,100
70.0287,100,100
70.0285,100,100
70.0283,100,100
70.028,100,100
70.0278,100,100
70.0276,100,100
70.0273,100,100
70.0271,100,100
70.0268,100,100
70.0266,100,100
70.0264,100,100
70.0261,100,100
70.0259,100,100
70.0256,100,100
70.0254,100,100
70.0252,100,100
70.0249,100,100
70.0247,100,100
70.0244,100,100
70.0242,100,100
70.024,100,100
70.0237,100,100
70.0235,100,100
70.0232,100,100
70.023,100,100
70.0228,100,100
70.0225,100,100
70.0223,100,100
70.022,100,100
70.0218,100,100
70.0216,100,100
70.0213,100,100
70.0211,100,100
70.0208,100,100
70.0206,100,100
70.0204,100,100
70.0201,100,100
70.0199,100,100
70.0196,100,100
70.0194,100,100
70.0192,100,100
70.0189,100,100
70.0187,100,100
70.0184,100,100
70.0182,100,100
70.018,100,100
70.0177,100,100
70.0175,100,100
70.0172,100,100
70.017,100,100
70.0168,100,100
70.0165,100,100
70.0163,100,100
70.0161,100,100
70.0158,100,100
70.0156,100,100
70.0153,100,100
70.0151,100,100
70.0149,100,100
70.0146,100,100
70.0144,100,100
70.0141,100,100
70.0139,100,100
70.0137,100,100
70.0134,100,100
70.0132,100,100
70.0129,100,100
70.0127,100,100
70.0125,100,100
70.0122,100,100
70.012,100,100
70.0117,100,100
70.0115,100,100
70.0113,100,100
70.011,100,100
70.0108,100,100
70.0105,100,100
70.0103,100,100
70.0101,100,100
70.0098,100,100
70.0096,100,100
70.0093,100,100
70.0091,100,100
70.0089,100,100
70.0086,100,100
70.0084,100,100
70.0081,100,100
70.0079,100,100
70.0077,100,100
70.0074,100,100
70.0072,100,100
70.0069,100,100
70.0067,100,100
70.0065,100,100
70.0062,100,100
70.006,100,100
70.0058,100,100
70.0055,100,100
70.0053,100,100
70.0051,100,100
70.0048,100,100
70.0046,100,100
70.0044,100,100
70.0041,100,100
70.0039,100,100
70.0037,100,100
70.0034,100,100
70.0032,100,100
70.003,100,100
70.0027,100,100
70.0025,100,100
70.0023,100,100
70.002,100,100
70.0018,100,100
70.0016,100,100
70.0013,100,100
70.0011,100,100
70.0009,100,100
70.0006,100,100
70.0004,100,100
70.0002,100,100
69.9999,100,100
69.9997,100,100
69.9995,100,100
69.9992,100,100
69.999,100,100
69.9988,100,100
69.9985,100,100
69.9983,100,100
69.9981,100,100
69.9978,100,100
69.9976,100,100
69.9974,100,100
69.9971,100,100
69.9969,100,100
69.9967,100,100
69.9964,100,100
69.9962,100,100
69.996,100,100
69.9957,100,100
69.9955,100,100
69.9953,100,100
69.995,100,100
69.9948,100,100
69.9946,100,100
69.9943,100,100
69.9941,100,100
69.9939,100,100
69.9936,100,100
69.9934,100,100
69.9932,100,100
69.9929,100,100
69.9927,100,100
69.9925,100,100
69.9922,100,100
69.992,100,100
69.9918,100,100
69.9915,100,100
69.9913,100,100
69.9911,100,100
69.9908,100,100
69.9906,100,100
69.9903,100,100
69.9901,100,100
69.9899,100,100
69.9896,100,100
69.9894,100,100
69.9892,100,100
69.9889,100,100
69.9887,100,100
69.9885,100,100
69.9882,100,100
69.988,100,100
69.9878,100,100
69.9875,100,100
69.9873,100,100
69.9871,100,100
69.9868,100,100
69.9866,100,100
69.9864,100,100
69.9861,100,100
69.9859,100,100
69.9857,100,100
69.9854,100,100
69.9852,100,100
69.985,100,100
69.9847,100,100
69.9845,100,100
69.9843,100,100
69.984,100,100
69.9838,100,100
69.9836,100,100
69.9833,100,100
69.9831,100,100
69.9829,100,100
69.9827,100,100
69.9824,100,100
69.9822,100,100
69.982,100,100
69.9817,100,100
69.9815,100,100
69.9813,100,100
69.9811,100,100
69.9808,100,100
69.9806,100,100
69.9804,100,100
69.9802,100,100
69.9799,100,100
69.9797,100,100
69.9795,100,100
69.9793,100,100
69.979,100,100
69.9788,100,100
69.9786,100,100
69.9783,100,100
69.9781,100,100
69.9779,100,100
69.9777,100,100
69.9774,100,100
69.9772,100,100
69.977,100,100
69.9768,100,100
69.9765,100,100
69.9763,100,100
69.9761,100,100
69.9758,100,100
69.9756,100,100
69.9754,100,100
69.9752,100,100
69.9749,100,100
69.9747,100,100
69.9745,100,100
69.9743,100,100
69.974,100,100
69.9738,100,100
69.9736,100,100
69.9733,100,100
69.9731,100,100
69.9729,100,100
69.9727,100,100
69.9724,100,100
69.9722,100,100
69.972,100,100
69.9718,100,100
69.9715,100,100
69.9713,100,100
69.9711,100,100
69.9709,100,100
69.9706,100,100
69.9704,100,100
69.9702,100,100
69.9699,100,100
69.9697,100,100
69.9695,100,100
69.9693,100,100
69.969,100,100
69.9688,100,100
69.9686,100,100
69.9684,100,100
69.9681,100,100
69.9679,100,100
69.9677,100,100
69.9674,100,100
69.9672,100,100
69.967,100,100
69.9668,100,100
69.9665,100,100
69.9663,100,100
69.9661,100,100
69.9659,100,100
69.9656,100,100
69.9654,100,100
69.9652,100,100
69.9649,100,100
69.9647,100,100
69.9645,100,100
69.9643,100,100
69.964,100,100
69.9638,100,100
69.9636,100,100
69.9634,100,100
69.9631,100,100
69.9629,100,100
69.9627,100,100
69.9625,100,100
69.9622,100,100
69.962,100,100
69.9618,100,100
69.9615,100,100
69.9613,100,100
69.9611,100,100
69.9609,100,100
69.9606,100,100
69.9604,100,100
69.9602,100,100
69.96,100,100
69.9597,100,100
69.9595,100,100
69.9593,100,100
69.9591,100,100
69.9588,100,100
69.9586,100,100
69.9584,100,100
69.9582,100,100
69.958,100,100
69.9577,100,100
69.9575,100,100
69.9573,100,100
69.9571,100,100
69.9568,100,100
69.9566,100,100
69.9564,100,100
69.9562,100,100
69.956,100,100
69.9557,100,100
69.9555,100,100
69.9553,100,100
69.9551,100,100
69.9548,100,100
69.9546,100,100
69.9544,100,100
69.9542,100,100
69.9539,100,100
69.9537,100,100
69.9535,100,100
69.9533,100,100
69.9531,100,100
69.9528,100,100
69.9526,100,100
69.9524,100,100
69.9522,100,100
69.9519,100,100
69.9517,100,100
69.9515,100,100
69.9513,100,100
69.951,100,100
69.9508,100,100
69.9506,100,100
69.9504,100,100
69.9502,100,100
69.9499,100,100
69.9497,100,100
69.9495,100,100
69.9493,100,100
69.949,100,100
69.9488,100,100
69.9486,100,100
69.9484,100,100
69.9481,100,100
69.9479,100,100
69.9477,100,100
69.9475,100,100
69.9473,100,100
69.947,100,100
69.9468,100,100
69.9466,100,100
69.9464,100,100
69.9461,100,100
69.9459,100,100
69.9457,100,100
69.9455,100,100
69.9452,100,100
69.945,100,100
69.9448,100,100
69.9446,100,100
69.9444,100,100
69.9441,100,100
69.9439,100,100
69.9437,100,100
69.9435,100,100
69.9432,100,100
69.943,100,100
69.9428,100,100
69.9426,100,100
69.9423,100,100
69.9421,100,100
69.9419,100,100
69.9417,100,100
69.9415,100,100
69.9412,100,100
69.941,100,100
69.9408,100,100
69.9406,100,100
69.9403,100,100
69.9401,100,100
69.9399,100,100
69.9397,100,100
69.9395,100,100
69.9392,100,100
69.939,100,100
69.9388,100,100
69.9386,100,100
69.9383,100,100
69.9381,100,100
69.9379,100,100
69.9377,100,100
69.9375,100,100
69.9372,100,100
69.937,100,100
69.9368,100,100
69.9366,100,100
69.9363,100,100
69.9361,100,100
69.9359,100,100
69.9357,100,100
69.9355,100,100
69.9352,100,100
69.935,100,100
69.9348,100,100
69.9346,100,100
69.9344,100,100
69.9341,100,100
69.9339,100,100
69.9337,100,100
69.9335,100,100
69.9333,100,100
69.933,100,100
69.9328,100,100
69.9326,100,100
69.9324,100,100
69.9322,100,100
69.9319,100,100
69.9317,100,100
69.9315,100,100
69.9313,100,100
69.931,100,100
69.9308,100,100
69.9306,100,100
69.9304,100,100
69.9302,100,100
69.9299,100,100
69.9297,100,100
69.9295,100,100
69.9293,100,100
69.9291,100,100
69.9288,100,100
69.9286,100,100
69.9284,100,100
69.9282,100,100
69.928,100,100
69.9277,100,100
69.9275,100,100
69.9273,100,100
69.9271,100,100
69.9269,100,100
69.9266,100,100
69.9264,100,100
69.9262,100,100
69.926,100,100
69.9257,100,100
69.9255,100,100
69.9253,100,100
69.9251,100,100
69.9249,100,100
69.9246,100,100
69.9244,100,100
69.9242,100,100
69.924,100,100
69.9238,100,100
69.9235,100,100
69.9233,100,100
69.9231,100,100
69.9229,100,100
69.9227,100,100
69.9224,100,100
69.9222,100,100
69.922,100,100
69.9218,100,100
69.9216,100,100
69.9213,100,100
69.9211,100,100
69.9209,100,100
69.9207,100,100
69.9204,100,100
69.9202,100,100
69.92,100,100
69.9198,100,100
69.9196,100,100
69.9193,100,100
69.9191,100,100
69.9189,100,100
69.9187,100,100
69.9185,100,100
69.9182,100,100
69.918,100,100
69.9178,100,100
69.9176,100,100
69.9174,100,100
69.9171,100,100
69.9169,100,100
69.9167,100,100
69.9165,100,100
69.9163,100,100
69.916,100,100
69.9158,100,100
69.9156,100,100
69.9154,100,100
69.9152,100,100
69.9149,100,100
69.9147,100,100
69.9145,100,100
69.9143,100,100
69.9141,100,100
69.9139,100,100
69.9136,100,100
69.9134,100,100
69.9132,100,100
69.913,100,100
69.9128,100,100
69.9125,100,100
69.9123,100,100
69.9121,100,100
69.9119,100,100
69.9117,100,100
69.9115,100,100
69.9112,100,100
69.911,100,100
69.9108,100,100
69.9106,100,100
69.9104,100,100
69.9102,100,100
69.9099,100,100
69.9097,100,100
69.9095,100,100
69.9093,100,100
69.9091,100,100
69.9088,100,100
69.9086,100,100
69.9084,100,100
69.9082,100,100
69.908,100,100
69.9078,100,100
69.9075,100,100
69.9073,100,100
69.9071,100,100
69.9069,100,100
69.9067,100,100
69.9064,100,100
69.9062,100,100
69.906,100,100
69.9058,100,100
69.9056,100,100
69.9054,100,100
69.9051,100,100
69.9049,100,100
69.9047,100,100
69.9045,100,100
69.9043,100,100
69.9041,100,100
69.9038,100,100
69.9036,100,100
69.9034,100,100
69.9032,100,100
69.903,100,100
69.9027,100,100
69.9025,100,100
69.9023,100,100
69.9021,100,100
69.9019,100,100
69.9017,100,100
69.9014,100,100
69.9012,100,100
69.901,100,100
69.9008,100,100
69.9006,100,100
69.9003,100,100
69.9001,100,100
69.8999,100,100
69.8997,100,100
69.8995,100,100
69.8993,100,100
69.899,100,100
69.8988,100,100
69.8986,100,100
69.8984,100,100
69.8982,100,100
69.898,100,100
69.8977,100,100
69.8975,100,100
69.8973,100,100
69.8971,100,100
69.8969,100,100
69.8966,100,100
69.8964,100,100
69.8962,100,100
69.896,100,100
69.8958,100,100
69.8956,100,100
69.8953,100,100
69.8951,100,100
69.8949,100,100
69.8947,100,100
69.8945,100,100
69.8942,100,100
69.894,100,100
69.8938,100,100
69.8936,100,100
69.8933,100,100
69.8931,100,100
69.8929,100,100
69.8927,100,100
69.8924,100,100
69.8922,100,100
69.892,100,100
69.8918,100,100
69.8915,100,100
69.8913,100,100
69.8911,100,100
69.8909,100,100
69.8906,100,100
69.8904,100,100
69.8902,100,100
69.89,100,100
69.8897,100,100
69.8895,100,100
69.8893,100,100
69.889,100,100
69.8888,100,100
69.8886,100,100
69.8884,100,100
69.8881,100,100
69.8879,100,100
69.8877,100,100
69.8875,100,100
69.8872,100,100
69.887,100,100
69.8868,100,100
69.8866,100,100
69.8863,100,100
69.8861,100,100
69.8859,100,100
69.8857,100,100
69.8854,100,100
69.8852,100,100
69.885,100,100
69.8848,100,100
69.8845,100,100
69.8843,100,100
69.8841,100,100
69.8838,100,100
69.8836,100,100
69.8834,100,100
69.8832,100,100
69.8829,100,100
69.8827,100,100
69.8825,100,100
69.8823,100,100
69.882,100,100
69.8818,100,100
69.8816,100,100
69.8814,100,100
69.8811,100,100
69.8809,100,100
69.8807,100,100
69.8805,100,100
69.8802,100,100
69.88,100,100
69.8798,100,100
69.8796,100,100
69.8793,100,100
69.8791,100,100
69.8789,100,100
69.8787,100,100
69.8784,100,100
69.8782,100,100
69.878,100,100
69.8777,100,100
69.8775,100,100
69.8773,100,100
69.8771,100,100
69.8768,100,100
69.8766,100,100
69.8764,100,100
69.8762,100,100
69.8759,100,100
69.8757,100,100
69.8755,100,100
69.8753,100,100
69.875,100,100
69.8748,100,100
69.8746,100,100
69.8744,100,100
69.8741,100,100
69.8739,100,100
69.8737,100,100
69.8735,100,100
69.8732,100,100
69.873,100,100
69.8728,100,100
69.8726,100,100
69.8723,100,100
69.8721,100,100
69.8719,100,100
69.8716,100,100
69.8714,100,100
69.8711,100,100
69.8708,100,100
69.8706,100,100
69.8703,100,100
69.8701,100,100
69.8698,100,100
69.8695,100,100
69.8693,100,100
69.869,100,100
69.8688,100,100
69.8685,100,100
69.8683,100,100
69.868,100,100
69.8677,100,100
69.8675,100,100
69.8672,100,100
69.867,100,100
69.8667,100,100
69.8664,100,100
69.8662,100,100
69.8659,100,100
69.8657,100,100
69.8654,100,100
69.8651,100,100
69.8649,100,100
69.8646,100,100
69.8644,100,100
69.8641,100,100
69.8639,100,100
69.8636,100,100
69.8633,100,100
69.8631,100,100
69.8628,100,100
69.8626,100,100
69.8623,100,100
69.862,100,100
69.8618,100,100
69.8615,100,100
69.8613,100,100
69.861,100,100
69.8607,100,100
69.8605,100,100
69.8602,100,100
69.86,100,100
69.8597,100,100
69.8594,100,100
69.8592,100,100
69.8589,100,100
69.8587,100,100
69.8584,100,100
69.8582,100,100
69.8579,100,100
69.8576,100,100
69.8574,100,100
69.8571,100,100
69.8569,100,100
69.8566,100,100
69.8563,100,100
69.8561,100,100
69.8558,100,100
69.8556,100,100
69.8553,100,100
69.855,100,100
69.8548,100,100
69.8545,100,100
69.8543,100,100
69.854,100,100
69.8537,100,100
69.8535,100,100
69.8532,100,100
69.853,100,100
69.8527,100,100
69.8525,100,100
69.8522,100,100
69.8519,100,100
69.8517,100,100
69.8514,100,100
69.8512,100,100
69.8509,100,100
69.8506,100,100
69.8504,100,100
69.8501,100,100
69.8499,100,100
69.8496,100,100
69.8493,100,100
69.8491,100,100
69.8488,100,100
69.8486,100,100
69.8483,100,100
69.8481,100,100
69.8478,100,100
69.8475,100,100
69.8473,100,100
69.847,100,100
69.8468,100,100
69.8465,100,100
69.8462,100,100
69.846,100,100
69.8457,100,100
69.8454,100,100
69.8452,100,100
69.8449,100,100
69.8446,100,100
69.8443,100,100
69.8441,100,100
69.8438,100,100
69.8435,100,100
69.8432,100,100
69.843,100,100
69.8427,100,100
69.8424,100,100
69.8421,100,100
69.8419,100,100
69.8416,100,100
69.8413,100,100
69.841,100,100
69.8408,100,100
69.8405,100,100
69.8402,100,100
69.8399,100,100
69.8397,100,100
69.8394,100,100
69.8391,100,100
69.8388,100,100
69.8386,100,100
69.8383,100,100
69.838,100,100
69.8377,100,100
69.8375,100,100
69.8372,100,100
69.8369,100,100
69.8367,100,100
69.8364,100,100
69.8361,100,100
69.8358,100,100
69.8356,100,100
69.8353,100,100
69.835,100,100
69.8347,100,100
69.8345,100,100
69.8342,100,100
69.8339,100,100
69.8336,100,100
69.8334,100,100
69.8331,100,100
69.8328,100,100
69.8325,100,100
69.8323,100,100
69.832,100,100
69.8317,100,100
69.8314,100,100
69.8312,100,100
69.8309,100,100
69.8306,100,100
69.8303,100,100
69.8301,100,100
69.8298,100,100
69.8295,100,100
69.8292,100,100
69.829,100,100
69.8287,100,100
69.8284,100,100
69.8281,100,100
69.8279,100,100
69.8276,100,100
69.8273,100,100
69.827,100,100
69.8268,100,100
69.8265,100,100
69.8262,100,100
69.8259,100,100
69.8257,100,100
69.8254,100,100
69.8251,100,100
69.8248,100,100
69.8246,100,100
69.8243,100,100
69.824,100,100
69.8237,100,100
69.8235,100,100
69.8232,100,100
69.8229,100,100
69.8227,100,100
69.8224,100,100
69.8221,100,100
69.8218,100,100
69.8216,100,100
69.8213,100,100
69.821,100,100
69.8207,100,100
69.8205,100,100
69.8202,100,100
69.8199,100,100
69.8196,100,100
69.8194,100,100
69.8191,100,100
69.8188,100,100
69.8185,100,100
69.8183,100,100
69.818,100,100
69.8177,100,100
69.8175,100,100
69.8172,100,100
69.8169,100,100
69.8167,100,100
69.8164,100,100
69.8161,100,100
69.8159,100,100
69.8156,100,100
69.8153,100,100
69.8151,100,100
69.8148,100,100
69.8145,100,100
69.8143,100,100
69.814,100,100
69.8138,100,100
69.8135,100,100
69.8132,100,100
69.813,100,100
69.8127,100,100
69.8124,100,100
69.8122,100,100
69.8119,100,100
69.8116,100,100
69.8114,100,100
69.8111,100,100
69.8108,100,100
69.8106,100,100
69.8103,100,100
69.81,100,100
69.8098,100,100
69.8095,100,100
69.8092,100,100
69.809,100,100
69.8087,100,100
69.8084,100,100
69.8082,100,100
69.8079,100,100
69.8076,100,100
69.8074,100,100
69.8071,100,100
69.8068,100,100
69.8066,100,100
69.8063,100,100
69.806,100,100
69.8058,100,100
69.8055,100,100
69.8052,100,100
69.805,100,100
69.8047,100,100
69.8045,100,100
69.8042,100,100
69.8039,100,100
69.8037,100,100
69.8034,100,100
69.8031,100,100
69.8029,100,100
69.8026,100,100
69.8023,100,100
69.8021,100,100
69.8018,100,100
69.8015,100,100
69.8013,100,100
69.801,100,100
69.8007,100,100
69.8005,100,100
69.8002,100,100
69.7999,100,100
69.7997,100,100
69.7994,100,100
69.7991,100,100
69.7989,100,100
69.7986,100,100
69.7983,100,100
69.7981,100,100
69.7978,100,100
69.7975,100,100
69.7973,100,100
69.797,100,100
69.7967,100,100
69.7965,100,100
69.7962,100,100
69.7959,100,100
69.7957,100,100
69.7954,100,100
69.7952,100,100
69.7949,100,100
69.7946,100,100
69.7944,100,100
69.7941,100,100
69.7938,100,100
69.7936,100,100
69.7933,100,100
69.793,100,100
69.7928,100,100
69.7925,100,100
69.7922,100,100
69.792,100,100
69.7917,100,100
69.7914,100,100
69.7911,100,100
69.7909,100,100
69.7906,100,100
69.7903,100,100
69.7901,100,100
69.7898,100,100
69.7895,100,100
69.7892,100,100
69.789,100,100
69.7887,100,100
69.7884,100,100
69.7881,100,100
69.7879,100,100
69.7876,100,100
69.7873,100,100
69.787,100,100
69.7868,100,100
69.7865,100,100
69.7862,100,100
69.786,100,100
69.7857,100,100
69.7854,100,100
69.7851,100,100
69.7849,100,100
69.7846,100,100
69.7843,100,100
69.784,100,100
69.7838,100,100
69.7835,100,100
69.7832,100,100
69.783,100,100
69.7827,100,100
69.7824,100,100
69.7821,100,100
69.7819,100,100
69.7816,100,100
69.7813,100,100
69.781,100,100
69.7808,100,100
69.7805,100,100
69.7802,100,100
69.78,100,100
69.7797,100,100
69.7794,100,100
69.7791,100,100
69.7789,100,100
69.7786,100,100
69.7783,100,100
69.778,100,100
69.7778,100,100
69.7775,100,100
69.7772,100,100
69.7769,100,100
69.7767,100,100
69.7764,100,100
69.7761,100,100
69.7759,100,100
69.7756,100,100
69.7753,100,100
69.775,100,100
69.7748,100,100
69.7745,100,100
69.7742,100,100
69.7739,100,100
69.7737,100,100
69.7734,100,100
69.7731,100,100
69.7729,100,100
69.7726,100,100
69.7723,100,100
69.772,100,100
69.7718,100,100
69.7715,100,100
69.7712,100,100
69.7709,100,100
69.7707,100,100
69.7704,100,100
69.7701,100,100
69.7699,100,100
69.7696,100,100
69.7693,100,100
69.769,100,100
69.7688,100,100
69.7685,100,100
69.7682,100,100
69.7679,100,100
69.7677,100,100
69.7674,100,100
69.7671,100,100
69.7668,100,100
69.7666,100,100
69.7663,100,100
69.766,100,100
69.7658,100,100
69.7655,100,100
69.7652,100,100
69.7649,100,100
69.7647,100,100
69.7644,100,100
69.7641,100,100
69.7639,100,100
69.7636,100,100
69.7633,100,100
69.7631,100,100
69.7628,100,100
69.7625,100,100
69.7623,100,100
69.762,100,100
69.7618,100,100
69.7615,100,100
69.7612,100,100
69.761,100,100
69.7607,100,100
69.7604,100,100
69.7602,100,100
69.7599,100,100
69.7596,100,100
69.7594,100,100
69.7591,100,100
69.7589,100,100
69.7586,100,100
69.7583,100,100
69.7581,100,100
69.7578,100,100
69.7575,100,100
69.7573,100,100
69.757,100,100
69.7567,100,100
69.7565,100,100
69.7562,100,100
69.7559,100,100
69.7557,100,100
69.7554,100,100
69.7552,100,100
69.7549,100,100
69.7546,100,100
69.7544,100,100
69.7541,100,100
69.7538,100,100
69.7536,100,100
69.7533,100,100
69.753,100,100
69.7528,100,100
69.7525,100,100
69.7523,100,100
69.752,100,100
69.7517,100,100
69.7515,100,100
69.7512,100,100
69.7509,100,100
69.7507,100,100
69.7504,100,100
69.7501,100,100
69.7499,100,100
69.7496,100,100
69.7493,100,100
69.7491,100,100
69.7488,100,100
69.7486,100,100
69.7483,100,100
69.748,100,100
69.7478,100,100
69.7475,100,100
69.7472,100,100
69.747,100,100
69.7467,100,100
69.7464,100,100
69.7462,100,100
69.7459,100,100
69.7456,100,100
69.7454,100,100
69.7451,100,100
69.7449,100,100
69.7446,100,100
69.7443,100,100
69.7441,100,100
69.7438,100,100
69.7435,100,100
69.7433,100,100
69.743,100,100
69.7427,100,100
69.7425,100,100
69.7422,100,100
69.742,100,100
69.7417,100,100
69.7414,100,100
69.7412,100,100
69.7409,100,100
69.7406,100,100
69.7404,100,100
69.7401,100,100
69.7398,100,100
69.7396,100,100
69.7393,100,100
69.739,100,100
69.7388,100,100
69.7385,100,100
69.7383,100,100
69.738,100,100
69.7377,100,100
69.7375,100,100
69.7372,100,100
69.737,100,100
69.7367,100,100
69.7364,100,100
69.7362,100,100
69.7359,100,100
69.7357,100,100
69.7354,100,100
69.7351,100,100
69.7349,100,100
69.7346,100,100
69.7344,100,100
69.7341,100,100
69.7338,100,100
69.7336,100,100
69.7333,100,100
69.7331,100,100
69.7328,100,100
69.7325,100,100
69.7323,100,100
69.732,100,100
69.7318,100,100
69.7315,100,100
69.7313,100,100
69.731,100,100
69.7307,100,100
69.7305,100,100
69.7302,100,100
69.73,100,100
69.7297,100,100
69.7294,100,100
69.7292,100,100
69.7289,100,100
69.7287,100,100
69.7284,100,100
69.7281,100,100
69.7279,100,100
69.7276,100,100
69.7274,100,100
69.7271,100,100
69.7268,100,100
69.7266,100,100
69.7263,100,100
69.7261,100,100
69.7258,100,100
69.7255,100,100
69.7253,100,100
69.725,100,100
69.7248,100,100
69.7245,100,100
69.7242,100,100
69.724,100,100
69.7237,100,100
69.7235,100,100
69.7232,100,100
69.723,100,100
69.7227,100,100
69.7224,100,100
69.7222,100,100
69.7219,100,100
69.7217,100,100
69.7214,100,100
69.7211,100,100
69.7209,100,100
69.7206,100,100
69.7204,100,100
69.7201,100,100
69.7198,100,100
69.7196,100,100
69.7193,100,100
69.7191,100,100
69.7188,100,100
69.7185,100,100
69.7183,100,100
69.718,100,100
69.7178,100,100
69.7175,100,100
69.7172,100,100
69.717,100,100
69.7167,100,100
69.7165,100,100
69.7162,100,100
69.716,100,100
69.7157,100,100
69.7154,100,100
69.7152,100,100
69.7149,100,100
69.7147,100,100
69.7144,100,100
69.7141,100,100
69.7139,100,100
69.7136,100,100
69.7134,100,100
69.7131,100,100
69.7128,100,100
69.7126,100,100
69.7123,100,100
69.7121,100,100
69.7118,100,100
69.7115,100,100
69.7113,100,100
69.711,100,100
69.7107,100,100
69.7105,100,100
69.7102,100,100
69.71,100,100
69.7097,100,100
69.7094,100,100
69.7092,100,100
69.7089,100,100
69.7086,100,100
69.7084,100,100
69.7081,100,100
69.7078,100,100
69.7076,100,100
69.7073,100,100
69.7071,100,100
69.7068,100,100
69.7065,100,100
69.7063,100,100
69.706,100,100
69.7057,100,100
69.7055,100,100
69.7052,100,100
69.705,100,100
69.7047,100,100
69.7044,100,100
69.7042,100,100
69.7039,100,100
69.7036,100,100
69.7034,100,100
69.7031,100,100
69.7028,100,100
69.7026,100,100
69.7023,100,100
69.7021,100,100
69.7018,100,100
69.7015,100,100
69.7013,100,100
69.701,100,100
69.7007,100,100
69.7005,100,100
69.7002,100,100
69.7,100,100
69.6997,100,100
69.6994,100,100
69.6992,100,100
69.6989,100,100
69.6986,100,100
69.6984,100,100
69.6981,100,100
69.6978,100,100
69.6976,100,100
69.6973,100,100
69.6971,100,100
69.6968,100,100
69.6965,100,100
69.6963,100,100
69.696,100,100
69.6957,100,100
69.6955,100,100
69.6952,100,100
69.695,100,100
69.6947,100,100
69.6944,100,100
69.6942,100,100
69.6939,100,100
69.6936,100,100
69.6934,100,100
69.6931,100,100
69.6928,100,100
69.6926,100,100
69.6923,100,100
69.6921,100,100
69.6918,100,100
69.6915,100,100
69.6913,100,100
69.691,100,100
69.6907,100,100
69.6905,100,100
69.6902,100,100
69.69,100,100
69.6897,100,100
69.6894,100,100
69.6892,100,100
69.6889,100,100
69.6886,100,100
69.6884,100,100
69.6881,100,100
69.6878,100,100
69.6876,100,100
69.6873,100,100
69.6871,100,100
69.6868,100,100
69.6865,100,100
69.6863,100,100
69.686,100,100
69.6857,100,100
69.6855,100,100
69.6852,100,100
69.685,100,100
69.6847,100,100
69.6844,100,100
69.6842,100,100
69.6839,100,100
69.6837,100,100
69.6834,100,100
69.6831,100,100
69.6829,100,100
69.6826,100,100
69.6824,100,100
69.6821,100,100
69.6818,100,100
69.6816,100,100
69.6813,100,100
69.6811,100,100
69.6808,100,100
69.6805,100,100
69.6803,100,100
69.68,100,100
69.6797,100,100
69.6795,100,100
69.6792,100,100
69.679,100,100
69.6787,100,100
69.6784,100,100
69.6782,100,100
69.6779,100,100
69.6777,100,100
69.6774,100,100
69.6771,100,100
69.6769,100,100
69.6766,100,100
69.6764,100,100
69.6761,100,100
69.6758,100,100
69.6756,100,100
69.6753,100,100
69.6751,100,100
69.6748,100,100
69.6745,100,100
69.6743,100,100
69.674,100,100
69.6738,100,100
69.6735,100,100
69.6732,100,100
69.673,100,100
69.6727,100,100
69.6725,100,100
69.6722,100,100
69.6719,100,100
69.6717,100,100
69.6714,100,100
69.6712,100,100
69.6709,100,100
69.6706,100,100
69.6704,100,100
69.6701,100,100
69.6699,100,100
69.6696,100,100
69.6693,100,100
69.6691,100,100
69.6688,100,100
69.6685,100,100
69.6683,100,100
69.668,100,100
69.6678,100,100
69.6675,100,100
69.6672,100,100
69.667,100,100
69.6667,100,100
69.6665,100,100
69.6662,100,100
69.6659,100,100
69.6657,100,100
69.6654,100,100
69.6652,100,100
69.6649,100,100
69.6646,100,100
69.6644,100,100
69.6641,100,100
69.6639,100,100
69.6636,100,100
69.6633,100,100
69.6631,100,100
69.6628,100,100
69.6626,100,100
69.6623,100,100
69.662,100,100
69.6618,100,100
69.6615,100,100
69.6613,100,100
69.661,100,100
69.6607,100,100
69.6605,100,100
69.6602,100,100
69.66,100,100
69.6597,100,100
69.6595,100,100
69.6592,100,100
69.659,100,100
69.6587,100,100
69.6585,100,100
69.6582,100,100
69.658,100,100
69.6577,100,100
69.6575,100,100
69.6572,100,100
69.657,100,100
69.6567,100,100
69.6565,100,100
69.6562,100,100
69.656,100,100
69.6557,100,100
69.6555,100,100
69.6552,100,100
69.655,100,100
69.6547,100,100
69.6545,100,100
69.6542,100,100
69.654,100,100
69.6537,100,100
69.6535,100,100
69.6532,100,100
69.653,100,100
69.6527,100,100
69.6525,100,100
69.6522,100,100
69.652,100,100
69.6517,100,100
69.6515,100,100
69.6512,100,100
69.651,100,100
69.6507,100,100
69.6505,100,100
69.6502,100,100
69.65,100,100
69.6497,100,100
69.6495,100,100
69.6492,100,100
69.649,100,100
69.6488,100,100
69.6485,100,100
69.6483,100,100
69.648,100,100
69.6478,100,100
69.6475,100,100
69.6473,100,100
69.647,100,100
69.6468,100,100
69.6465,100,100
69.6463,100,100
69.646,100,100
69.6458,100,100
69.6455,100,100
69.6453,100,100
69.645,100,100
69.6448,100,100
69.6445,100,100
69.6443,100,100
69.644,100,100
69.6438,100,100
69.6435,100,100
69.6433,100,100
69.643,100,100
69.6428,100,100
69.6425,100,100
69.6423,100,100
69.642,100,100
69.6418,100,100
69.6415,100,100
69.6413,100,100
69.641,100,100
69.6408,100,100
69.6405,100,100
69.6403,100,100
69.64,100,100
69.6398,100,100
69.6395,100,100
69.6393,100,100
69.639,100,100
69.6388,100,100
69.6385,100,100
69.6383,100,100
69.6381,100,100
69.6378,100,100
69.6376,100,100
69.6373,100,100
69.6371,100,100
69.6368,100,100
69.6366,100,100
69.6363,100,100
69.6361,100,100
69.6358,100,100
69.6356,100,100
69.6353,100,100
69.6351,100,100
69.6348,100,100
69.6346,100,100
69.6343,100,100
69.6341,100,100
69.6339,100,100
69.6336,100,100
69.6334,100,100
69.6332,100,100
69.6329,100,100
69.6327,100,100
69.6324,100,100
69.6322,100,100
69.632,100,100
69.6317,100,100
69.6315,100,100
69.6312,100,100
69.631,100,100
69.6308,100,100
69.6305,100,100
69.6303,100,100
69.63,100,100
69.6298,100,100
69.6296,100,100
69.6293,100,100
69.6291,100,100
69.6288,100,100
69.6286,100,100
69.6284,100,100
69.6281,100,100
69.6279,100,100
69.6277,100,100
69.6274,100,100
69.6272,100,100
69.6269,100,100
69.6267,100,100
69.6265,100,100
69.6262,100,100
69.626,100,100
69.6257,100,100
69.6255,100,100
69.6253,100,100
69.625,100,100
69.6248,100,100
69.6245,100,100
69.6243,100,100
69.6241,100,100
69.6238,100,100
69.6236,100,100
69.6233,100,100
69.6231,100,100
69.6229,100,100
69.6226,100,100
69.6224,100,100
69.6222,100,100
69.6219,100,100
69.6217,100,100
69.6214,100,100
69.6212,100,100
69.621,100,100
69.6207,100,100
69.6205,100,100
69.6202,100,100
69.62,100,100
69.6198,100,100
69.6195,100,100
69.6193,100,100
69.619,100,100
69.6188,100,100
69.6186,100,100
69.6183,100,100
69.6181,100,100
69.6178,100,100
69.6176,100,100
69.6174,100,100
69.6171,100,100
69.6169,100,100
69.6167,100,100
69.6164,100,100
69.6162,100,100
69.6159,100,100
69.6157,100,100
69.6155,100,100
69.6152,100,100
69.615,100,100
69.6147,100,100
69.6145,100,100
69.6143,100,100
69.614,100,100
69.6138,100,100
69.6135,100,100
69.6133,100,100
69.6131,100,100
69.6128,100,100
69.6126,100,100
69.6124,100,100
69.6121,100,100
69.6119,100,100
69.6116,100,100
69.6114,100,100
69.6112,100,100
69.6109,100,100
69.6107,100,100
69.6105,100,100
69.6102,100,100
69.61,100,100
69.6098,100,100
69.6095,100,100
69.6093,100,100
69.6091,100,100
69.6088,100,100
69.6086,100,100
69.6084,100,100
69.6082,100,100
69.6079,100,100
69.6077,100,100
69.6075,100,100
69.6072,100,100
69.607,100,100
69.6068,100,100
69.6065,100,100
69.6063,100,100
69.6061,100,100
69.6058,100,100
69.6056,100,100
69.6054,100,100
69.6052,100,100
69.6049,100,100
69.6047,100,100
69.6045,100,100
69.6042,100,100
69.604,100,100
69.6038,100,100
69.6035,100,100
69.6033,100,100
69.6031,100,100
69.6029,100,100
69.6026,100,100
69.6024,100,100
69.6022,100,100
69.6019,100,100
69.6017,100,100
69.6015,100,100
69.6012,100,100
69.601,100,100
69.6008,100,100
69.6005,100,100
69.6003,100,100
69.6001,100,100
69.5999,100,100
69.5996,100,100
69.5994,100,100
69.5992,100,100
69.5989,100,100
69.5987,100,100
69.5985,100,100
69.5982,100,100
69.598,100,100
69.5978,100,100
69.5975,100,100
69.5973,100,100
69.5971,100,100
69.5969,100,100
69.5966,100,100
69.5964,100,100
69.5962,100,100
69.5959,100,100
69.5957,100,100
69.5955,100,100
69.5952,100,100
69.595,100,100
69.5948,100,100
69.5945,100,100
69.5943,100,100
69.5941,100,100
69.5939,100,100
69.5936,100,100
69.5934,100,100
69.5932,100,100
69.5929,100,100
69.5927,100,100
69.5925,100,100
69.5922,100,100
69.592,100,100
69.5918,100,100
69.5915,100,100
69.5913,100,100
69.5911,100,100
69.5909,100,100
69.5906,100,100
69.5904,100,100
69.5902,100,100
69.5899,100,100
69.5897,100,100
69.5895,100,100
69.5892,100,100
69.589,100,100
69.5888,100,100
69.5886,100,100
69.5883,100,100
69.5881,100,100
69.5879,100,100
69.5876,100,100
69.5874,100,100
69.5872,100,100
69.5869,100,100
69.5867,100,100
69.5865,100,100
69.5862,100,100
69.586,100,100
69.5858,100,100
69.5855,100,100
69.5853,100,100
69.5851,100,100
69.5848,100,100
69.5846,100,100
69.5844,100,100
69.5842,100,100
69.5839,100,100
69.5837,100,100
69.5835,100,100
69.5832,100,100
69.583,100,100
69.5828,100,100
69.5825,100,100
69.5823,100,100
69.5821,100,100
69.5818,100,100
69.5816,100,100
69.5814,100,100
69.5811,100,100
69.5809,100,100
69.5807,100,100
69.5804,100,100
69.5802,100,100
69.58,100,100
69.5798,100,100
69.5795,100,100
69.5793,100,100
69.5791,100,100
69.5788,100,100
69.5786,100,100
69.5784,100,100
69.5781,100,100
69.5779,100,100
69.5777,100,100
69.5774,100,100
69.5772,100,100
69.577,100,100
69.5767,100,100
69.5765,100,100
69.5763,100,100
69.576,100,100
69.5758,100,100
69.5756,100,100
69.5754,100,100
69.5751,100,100
69.5749,100,100
69.5747,100,100
69.5744,100,100
69.5742,100,100
69.574,100,100
69.5737,100,100
69.5735,100,100
69.5733,100,100
69.573,100,100
69.5728,100,100
69.5726,100,100
69.5723,100,100
69.5721,100,100
69.5719,100,100
69.5716,100,100
69.5714,100,100
69.5712,100,100
69.571,100,100
69.5707,100,100
69.5705,100,100
69.5703,100,100
69.57,100,100
69.5698,100,100
69.5696,100,100
69.5693,100,100
69.5691,100,100
69.5689,100,100
69.5686,100,100
69.5684,100,100
69.5682,100,100
69.5679,100,100
69.5677,100,100
69.5675,100,100
69.5672,100,100
69.567,100,100
69.5668,100,100
69.5666,100,100
69.5663,100,100
69.5661,100,100
69.5659,100,100
69.5656,100,100
69.5654,100,100
69.5652,100,100
69.5649,100,100
69.5647,100,100
69.5645,100,100
69.5643,100,100
69.564,100,100
69.5638,100,100
69.5636,100,100
69.5634,100,100
69.5631,100,100
69.5629,100,100
69.5627,100,100
69.5625,100,100
69.5622,100,100
69.562,100,100
69.5618,100,100
69.5616,100,100
69.5613,100,100
69.5611,100,100
69.5609,100,100
69.5607,100,100
69.5604,100,100
69.5602,100,100
69.56,100,100
69.5598,100,100
69.5595,100,100
69.5593,100,100
69.5591,100,100
69.5589,100,100
69.5586,100,100
69.5584,100,100
69.5582,100,100
69.558,100,100
69.5577,100,100
69.5575,100,100
69.5573,100,100
69.5571,100,100
69.5568,100,100
69.5566,100,100
69.5564,100,100
69.5562,100,100
69.5559,100,100
69.5557,100,100
69.5555,100,100
69.5553,100,100
69.555,100,100
69.5548,100,100
69.5546,100,100
69.5544,100,100
69.5541,100,100
69.5539,100,100
69.5537,100,100
69.5535,100,100
69.5532,100,100
69.553,100,100
69.5528,100,100
69.5526,100,100
69.5523,100,100
69.5521,100,100
69.5519,100,100
69.5517,100,100
69.5514,100,100
69.5512,100,100
69.551,100,100
69.5508,100,100
69.5505,100,100
69.5503,100,100
69.5501,100,100
69.5499,100,100
69.5496,100,100
69.5494,100,100
69.5492,100,100
69.549,100,100
69.5487,100,100
69.5485,100,100
69.5483,100,100
69.5481,100,100
69.5478,100,100
69.5476,100,100
69.5474,100,100
69.5472,100,100
69.5469,100,100
69.5467,100,100
69.5465,100,100
69.5463,100,100
69.546,100,100
69.5458,100,100
69.5456,100,100
69.5454,100,100
69.5451,100,100
69.5449,100,100
69.5447,100,100
69.5445,100,100
69.5442,100,100
69.544,100,100
69.5438,100,100
69.5436,100,100
69.5433,100,100
69.5431,100,100
69.5429,100,100
69.5427,100,100
69.5424,100,100
69.5422,100,100
69.542,100,100
69.5418,100,100
69.5416,100,100
69.5413,100,100
69.5411,100,100
69.5409,100,100
69.5407,100,100
69.5405,100,100
69.5402,100,100
69.54,100,100
69.5398,100,100
69.5396,100,100
69.5394,100,100
69.5391,100,100
69.5389,100,100
69.5387,100,100
69.5385,100,100
69.5383,100,100
69.538,100,100
69.5378,100,100
69.5376,100,100
69.5374,100,100
69.5372,100,100
69.537,100,100
69.5367,100,100
69.5365,100,100
69.5363,100,100
69.5361,100,100
69.5359,100,100
69.5356,100,100
69.5354,100,100
69.5352,100,100
69.535,100,100
69.5348,100,100
69.5345,100,100
69.5343,100,100
69.5341,100,100
69.5339,100,100
69.5337,100,100
69.5334,100,100
69.5332,100,100
69.533,100,100
69.5328,100,100
69.5326,100,100
69.5323,100,100
69.5321,100,100
69.5319,100,100
69.5317,100,100
69.5315,100,100
69.5312,100,100
69.531,100,100
69.5308,100,100
69.5306,100,100
69.5304,100,100
69.5301,100,100
69.5299,100,100
69.5297,100,100
69.5295,100,100
69.5293,100,100
69.5291,100,100
69.5288,100,100
69.5286,100,100
69.5284,100,100
69.5282,100,100
69.528,100,100
69.5277,100,100
69.5275,100,100
69.5273,100,100
69.5271,100,100
69.5269,100,100
69.5266,100,100
69.5264,100,100
69.5262,100,100
69.526,100,100
69.5258,100,100
69.5255,100,100
69.5253,100,100
69.5251,100,100
69.5249,100,100
69.5247,100,100
69.5244,100,100
69.5242,100,100
69.524,100,100
69.5238,100,100
69.5236,100,100
69.5233,100,100
69.5231,100,100
69.5229,100,100
69.5227,100,100
69.5225,100,100
69.5222,100,100
69.522,100,100
69.5218,100,100
69.5216,100,100
69.5214,100,100
69.5212,100,100
69.5209,100,100
69.5207,100,100
69.5205,100,100
69.5203,100,100
69.5201,100,100
69.5198,100,100
69.5196,100,100
69.5194,100,100
69.5192,100,100
69.519,100,100
69.5188,100,100
69.5186,100,100
69.5183,100,100
69.5181,100,100
69.5179,100,100
69.5177,100,100
69.5175,100,100
69.5173,100,100
69.517,100,100
69.5168,100,100
69.5166,100,100
69.5164,100,100
69.5162,100,100
69.516,100,100
69.5157,100,100
69.5155,100,100
69.5153,100,100
69.5151,100,100
69.5149,100,100
69.5147,100,100
69.5145,100,100
69.5142,100,100
69.514,100,100
69.5138,100,100
69.5136,100,100
69.5134,100,100
69.5132,100,100
69.5129,100,100
69.5127,100,100
69.5125,100,100
69.5123,100,100
69.5121,100,100
69.5119,100,100
69.5117,100,100
69.5114,100,100
69.5112,100,100
69.511,100,100
69.5108,100,100
69.5106,100,100
69.5104,100,100
69.5101,100,100
69.5099,100,100
69.5097,100,100
69.5095,100,100
69.5093,100,100
69.5091,100,100
69.5088,100,100
69.5086,100,100
69.5084,100,100
69.5082,100,100
69.508,100,100
69.5078,100,100
69.5076,100,100
69.5073,100,100
69.5071,100,100
69.5069,100,100
69.5067,100,100
69.5065,100,100
69.5063,100,100
69.506,100,100
69.5058,100,100
69.5056,100,100
69.5054,100,100
69.5052,100,100
69.505,100,100
69.5048,100,100
69.5045,100,100
69.5043,100,100
69.5041,100,100
69.5039,100,100
69.5037,100,100
69.5035,100,100
69.5032,100,100
69.503,100,100
69.5028,100,100
69.5026,100,100
69.5024,100,100
69.5022,100,100
69.5019,100,100
69.5017,100,100
69.5015,100,100
69.5013,100,100
69.5011,100,100
69.5009,100,100
69.5007,100,100
69.5004,100,100
69.5002,100,100
69.5,100,100
69.4998,100,100
69.4996,100,100
69.4994,100,100
69.4991,100,100
69.4989,100,100
69.4987,100,100
69.4985,100,100
69.4982,100,100
69.498,100,100
69.4977,100,100
69.4975,100,100
69.4973,100,100
69.497,100,100
69.4968,100,100
69.4965,100,100
69.4963,100,100
69.4961,100,100
69.4958,100,100
69.4956,100,100
69.4953,100,100
69.4951,100,100
69.4949,100,100
69.4946,100,100
69.4944,100,100
69.4941,100,100
69.4939,100,100
69.4937,100,100
69.4934,100,100
69.4932,100,100
69.4929,100,100
69.4927,100,100
69.4925,100,100
69.4922,100,100
69.492,100,100
69.4917,100,100
69.4915,100,100
69.4913,100,100
69.491,100,100
69.4908,100,100
69.4905,100,100
69.4903,100,100
69.4901,100,100
69.4898,100,100
69.4896,100,100
69.4894,100,100
69.4891,100,100
69.4889,100,100
69.4886,100,100
69.4884,100,100
69.4882,100,100
69.4879,100,100
69.4877,100,100
69.4874,100,100
69.4872,100,100
69.487,100,100
69.4867,100,100
69.4865,100,100
69.4862,100,100
69.486,100,100
69.4858,100,100
69.4855,100,100
69.4853,100,100
69.485,100,100
69.4848,100,100
69.4846,100,100
69.4843,100,100
69.4841,100,100
69.4838,100,100
69.4836,100,100
69.4834,100,100
69.4831,100,100
69.4829,100,100
69.4826,100,100
69.4824,100,100
69.4822,100,100
69.4819,100,100
69.4817,100,100
69.4814,100,100
69.4812,100,100
69.481,100,100
69.4807,100,100
69.4805,100,100
69.4802,100,100
69.48,100,100
69.4798,100,100
69.4795,100,100
69.4793,100,100
69.4791,100,100
69.4788,100,100
69.4786,100,100
69.4783,100,100
69.4781,100,100
69.4779,100,100
69.4776,100,100
69.4774,100,100
69.4771,100,100
69.4769,100,100
69.4767,100,100
69.4764,100,100
69.4762,100,100
69.4759,100,100
69.4757,100,100
69.4755,100,100
69.4752,100,100
69.475,100,100
69.4747,100,100
69.4745,100,100
69.4742,100,100
69.4739,100,100
69.4737,100,100
69.4734,100,100
69.4732,100,100
69.4729,100,100
69.4726,100,100
69.4724,100,100
69.4721,100,100
69.4719,100,100
69.4716,100,100
69.4713,100,100
69.4711,100,100
69.4708,100,100
69.4706,100,100
69.4703,100,100
69.47,100,100
69.4698,100,100
69.4695,100,100
69.4693,100,100
69.469,100,100
69.4687,100,100
69.4685,100,100
69.4682,100,100
69.4679,100,100
69.4677,100,100
69.4674,100,100
69.4672,100,100
69.4669,100,100
69.4666,100,100
69.4664,100,100
69.4661,100,100
69.4659,100,100
69.4656,100,100
69.4653,100,100
69.4651,100,100
69.4648,100,100
69.4646,100,100
69.4643,100,100
69.464,100,100
69.4638,100,100
69.4635,100,100
69.4633,100,100
69.463,100,100
69.4627,100,100
69.4625,100,100
69.4622,100,100
69.462,100,100
69.4617,100,100
69.4614,100,100
69.4612,100,100
69.4609,100,100
69.4607,100,100
69.4604,100,100
69.4601,100,100
69.4599,100,100
69.4596,100,100
69.4593,100,100
69.4591,100,100
69.4588,100,100
69.4586,100,100
69.4583,100,100
69.458,100,100
69.4578,100,100
69.4575,100,100
69.4573,100,100
69.457,100,100
69.4567,100,100
69.4565,100,100
69.4562,100,100
69.456,100,100
69.4557,100,100
69.4554,100,100
69.4552,100,100
69.4549,100,100
69.4547,100,100
69.4544,100,100
69.4541,100,100
69.4539,100,100
69.4536,100,100
69.4534,100,100
69.4531,100,100
69.4528,100,100
69.4526,100,100
69.4523,100,100
69.4521,100,100
69.4518,100,100
69.4515,100,100
69.4513,100,100
69.451,100,100
69.4507,100,100
69.4505,100,100
69.4502,100,100
69.45,100,100
69.4497,100,100
69.4494,100,100
69.4492,100,100
69.4489,100,100
69.4487,100,100
69.4484,100,100
69.4482,100,100
69.4479,100,100
69.4476,100,100
69.4474,100,100
69.4471,100,100
69.4469,100,100
69.4466,100,100
69.4464,100,100
69.4461,100,100
69.4459,100,100
69.4456,100,100
69.4453,100,100
69.4451,100,100
69.4448,100,100
69.4446,100,100
69.4443,100,100
69.4441,100,100
69.4438,100,100
69.4436,100,100
69.4433,100,100
69.443,100,100
69.4428,100,100
69.4425,100,100
69.4423,100,100
69.442,100,100
69.4418,100,100
69.4415,100,100
69.4412,100,100
69.441,100,100
69.4407,100,100
69.4405,100,100
69.4402,100,100
69.44,100,100
69.4397,100,100
69.4395,100,100
69.4392,100,100
69.4389,100,100
69.4387,100,100
69.4384,100,100
69.4382,100,100
69.4379,100,100
69.4377,100,100
69.4374,100,100
69.4372,100,100
69.4369,100,100
69.4366,100,100
69.4364,100,100
69.4361,100,100
69.4359,100,100
69.4356,100,100
69.4354,100,100
69.4351,100,100
69.4349,100,100
69.4346,100,100
69.4343,100,100
69.4341,100,100
69.4338,100,100
69.4336,100,100
69.4333,100,100
69.4331,100,100
69.4328,100,100
69.4326,100,100
69.4323,100,100
69.432,100,100
69.4318,100,100
69.4315,100,100
69.4313,100,100
69.431,100,100
69.4308,100,100
69.4305,100,100
69.4303,100,100
69.43,100,100
69.4297,100,100
69.4295,100,100
69.4292,100,100
69.429,100,100
69.4287,100,100
69.4285,100,100
69.4282,100,100
69.4279,100,100
69.4277,100,100
69.4274,100,100
69.4272,100,100
69.4269,100,100
69.4267,100,100
69.4264,100,100
69.4262,100,100
69.4259,100,100
69.4256,100,100
69.4254,100,100
69.4251,100,100
69.4249,100,100
69.4246,100,100
69.4244,100,100
69.4241,100,100
69.4239,100,100
69.4236,100,100
69.4233,100,100
69.4231,100,100
69.4228,100,100
69.4226,100,100
69.4224,100,100
69.4221,100,100
69.4219,100,100
69.4216,100,100
69.4214,100,100
69.4211,100,100
69.4209,100,100
69.4206,100,100
69.4204,100,100
69.4201,100,100
69.4199,100,100
69.4196,100,100
69.4194,100,100
69.4191,100,100
69.4189,100,100
69.4186,100,100
69.4184,100,100
69.4181,100,100
69.4179,100,100
69.4177,100,100
69.4174,100,100
69.4172,100,100
69.4169,100,100
69.4167,100,100
69.4164,100,100
69.4162,100,100
69.4159,100,100
69.4157,100,100
69.4154,100,100
69.4152,100,100
69.4149,100,100
69.4147,100,100
69.4144,100,100
69.4142,100,100
69.4139,100,100
69.4137,100,100
69.4134,100,100
69.4132,100,100
69.413,100,100
69.4127,100,100
69.4125,100,100
69.4122,100,100
69.412,100,100
69.4117,100,100
69.4115,100,100
69.4112,100,100
69.411,100,100
69.4107,100,100
69.4105,100,100
69.4102,100,100
69.41,100,100
69.4097,100,100
69.4095,100,100
69.4092,100,100
69.409,100,100
69.4087,100,100
69.4085,100,100
69.4082,100,100
69.408,100,100
69.4078,100,100
69.4075,100,100
69.4073,100,100
69.407,100,100
69.4068,100,100
69.4065,100,100
69.4063,100,100
69.406,100,100
69.4058,100,100
69.4055,100,100
69.4053,100,100
69.405,100,100
69.4048,100,100
69.4045,100,100
69.4043,100,100
69.404,100,100
69.4038,100,100
69.4035,100,100
69.4033,100,100
69.4031,100,100
69.4028,100,100
69.4026,100,100
69.4023,100,100
69.4021,100,100
69.4018,100,100
69.4016,100,100
69.4013,100,100
69.4011,100,100
69.4008,100,100
69.4006,100,100
69.4003,100,100
69.4001,100,100
69.3998,100,100
69.3996,100,100
69.3993,100,100
69.3991,100,100
69.3988,100,100
69.3986,100,100
69.3984,100,100
69.3981,100,100
69.3979,100,100
69.3976,100,100
69.3974,100,100
69.3971,100,100
69.3969,100,100
69.3966,100,100
69.3964,100,100
69.3961,100,100
69.3959,100,100
69.3956,100,100
69.3954,100,100
69.3951,100,100
69.3949,100,100
69.3947,100,100
69.3944,100,100
69.3942,100,100
69.3939,100,100
69.3937,100,100
69.3934,100,100
69.3932,100,100
69.3929,100,100
69.3927,100,100
69.3924,100,100
69.3922,100,100
69.3919,100,100
69.3917,100,100
69.3914,100,100
69.3912,100,100
69.391,100,100
69.3907,100,100
69.3905,100,100
69.3902,100,100
69.39,100,100
69.3897,100,100
69.3895,100,100
69.3892,100,100
69.389,100,100
69.3887,100,100
69.3885,100,100
69.3882,100,100
69.388,100,100
69.3877,100,100
69.3875,100,100
69.3873,100,100
69.387,100,100
69.3868,100,100
69.3865,100,100
69.3863,100,100
69.386,100,100
69.3858,100,100
69.3855,100,100
69.3853,100,100
69.385,100,100
69.3848,100,100
69.3845,100,100
69.3843,100,100
69.384,100,100
69.3838,100,100
69.3836,100,100
69.3833,100,100
69.3831,100,100
69.3828,100,100
69.3826,100,100
69.3823,100,100
69.3821,100,100
69.3818,100,100
69.3816,100,100
69.3813,100,100
69.3811,100,100
69.3808,100,100
69.3806,100,100
69.3803,100,100
69.3801,100,100
69.3799,100,100
69.3796,100,100
69.3794,100,100
69.3791,100,100
69.3789,100,100
69.3786,100,100
69.3784,100,100
69.3781,100,100
69.3779,100,100
69.3776,100,100
69.3774,100,100
69.3771,100,100
69.3769,100,100
69.3766,100,100
69.3764,100,100
69.3762,100,100
69.3759,100,100
69.3757,100,100
69.3754,100,100
69.3752,100,100
69.3749,100,100
69.3747,100,100
69.3744,100,100
69.3742,100,100
69.3739,100,100
69.3737,100,100
69.3734,100,100
69.3732,100,100
69.3729,100,100
69.3727,100,100
69.3725,100,100
69.3722,100,100
69.372,100,100
69.3717,100,100
69.3715,100,100
69.3712,100,100
69.371,100,100
69.3707,100,100
69.3705,100,100
69.3702,100,100
69.37,100,100
69.3697,100,100
69.3695,100,100
69.3693,100,100
69.369,100,100
69.3688,100,100
69.3685,100,100
69.3683,100,100
69.368,100,100
69.3678,100,100
69.3675,100,100
69.3673,100,100
69.367,100,100
69.3668,100,100
69.3665,100,100
69.3663,100,100
69.366,100,100
69.3658,100,100
69.3656,100,100
69.3653,100,100
69.3651,100,100
69.3648,100,100
69.3646,100,100
69.3643,100,100
69.3641,100,100
69.3638,100,100
69.3636,100,100
69.3633,100,100
69.3631,100,100
69.3628,100,100
69.3626,100,100
69.3624,100,100
69.3621,100,100
69.3619,100,100
69.3616,100,100
69.3614,100,100
69.3611,100,100
69.3609,100,100
69.3606,100,100
69.3604,100,100
69.3601,100,100
69.3599,100,100
69.3596,100,100
69.3594,100,100
69.3592,100,100
69.3589,100,100
69.3587,100,100
69.3584,100,100
69.3582,100,100
69.3579,100,100
69.3577,100,100
69.3574,100,100
69.3572,100,100
69.3569,100,100
69.3567,100,100
69.3564,100,100
69.3562,100,100
69.3559,100,100
69.3557,100,100
69.3555,100,100
69.3552,100,100
69.355,100,100
69.3547,100,100
69.3545,100,100
69.3542,100,100
69.354,100,100
69.3537,100,100
69.3535,100,100
69.3532,100,100
69.353,100,100
69.3527,100,100
69.3525,100,100
69.3523,100,100
69.352,100,100
69.3518,100,100
69.3515,100,100
69.3513,100,100
69.351,100,100
69.3508,100,100
69.3505,100,100
69.3503,100,100
69.35,100,100
69.3498,100,100
69.3495,100,100
69.3493,100,100
69.3491,100,100
69.3488,100,100
69.3486,100,100
69.3483,100,100
69.3481,100,100
69.3479,100,100
69.3476,100,100
69.3474,100,100
69.3471,100,100
69.3469,100,100
69.3467,100,100
69.3464,100,100
69.3462,100,100
69.3459,100,100
69.3457,100,100
69.3455,100,100
69.3452,100,100
69.345,100,100
69.3447,100,100
69.3445,100,100
69.3443,100,100
69.344,100,100
69.3438,100,100
69.3435,100,100
69.3433,100,100
69.3431,100,100
69.3428,100,100
69.3426,100,100
69.3423,100,100
69.3421,100,100
69.3419,100,100
69.3416,100,100
69.3414,100,100
69.3411,100,100
69.3409,100,100
69.3407,100,100
69.3404,100,100
69.3402,100,100
69.3399,100,100
69.3397,100,100
69.3395,100,100
69.3392,100,100
69.339,100,100
69.3387,100,100
69.3385,100,100
69.3383,100,100
69.338,100,100
69.3378,100,100
69.3375,100,100
69.3373,100,100
69.3371,100,100
69.3368,100,100
69.3366,100,100
69.3363,100,100
69.3361,100,100
69.3359,100,100
69.3356,100,100
69.3354,100,100
69.3351,100,100
69.3349,100,100
69.3347,100,100
69.3344,100,100
69.3342,100,100
69.3339,100,100
69.3337,100,100
69.3335,100,100
69.3332,100,100
69.333,100,100
69.3327,100,100
69.3325,100,100
69.3323,100,100
69.332,100,100
69.3318,100,100
69.3315,100,100
69.3313,100,100
69.3311,100,100
69.3308,100,100
69.3306,100,100
69.3303,100,100
69.3301,100,100
69.3299,100,100
69.3296,100,100
69.3294,100,100
69.3291,100,100
69.3289,100,100
69.3287,100,100
69.3284,100,100
69.3282,100,100
69.3279,100,100
69.3277,100,100
69.3275,100,100
69.3272,100,100
69.327,100,100
69.3267,100,100
69.3265,100,100
69.3263,100,100
69.326,100,100
69.3258,100,100
69.3255,100,100
69.3253,100,100
69.325,100,100
69.3248,100,100
69.3246,100,100
69.3243,100,100
69.3241,100,100
69.3238,100,100
69.3236,100,100
69.3234,100,100
69.3231,100,100
69.3229,100,100
69.3226,100,100
69.3224,100,100
69.3221,100,100
69.3219,100,100
69.3217,100,100
69.3214,100,100
69.3212,100,100
69.3209,100,100
69.3207,100,100
69.3205,100,100
69.3202,100,100
69.32,100,100
69.3197,100,100
69.3195,100,100
69.3192,100,100
69.319,100,100
69.3188,100,100
69.3185,100,100
69.3183,100,100
69.318,100,100
69.3178,100,100
69.3176,100,100
69.3173,100,100
69.3171,100,100
69.3168,100,100
69.3166,100,100
69.3163,100,100
69.3161,100,100
69.3159,100,100
69.3156,100,100
69.3154,100,100
69.3151,100,100
69.3149,100,100
69.3147,100,100
69.3144,100,100
69.3142,100,100
69.3139,100,100
69.3137,100,100
69.3134,100,100
69.3132,100,100
69.313,100,100
69.3127,100,100
69.3125,100,100
69.3122,100,100
69.312,100,100
69.3118,100,100
69.3115,100,100
69.3113,100,100
69.311,100,100
69.3108,100,100
69.3105,100,100
69.3103,100,100
69.3101,100,100
69.3098,100,100
69.3096,100,100
69.3093,100,100
69.3091,100,100
69.3089,100,100
69.3086,100,100
69.3084,100,100
69.3081,100,100
69.3079,100,100
69.3076,100,100
69.3074,100,100
69.3072,100,100
69.3069,100,100
69.3067,100,100
69.3064,100,100
69.3062,100,100
69.306,100,100
69.3057,100,100
69.3055,100,100
69.3052,100,100
69.305,100,100
69.3047,100,100
69.3045,100,100
69.3043,100,100
69.304,100,100
69.3038,100,100
69.3035,100,100
69.3033,100,100
69.3031,100,100
69.3028,100,100
69.3026,100,100
69.3023,100,100
69.3021,100,100
69.3018,100,100
69.3016,100,100
69.3014,100,100
69.3011,100,100
69.3009,100,100
69.3006,100,100
69.3004,100,100
69.3002,100,100
69.2999,100,100
69.2997,100,100
69.2994,100,100
69.2992,100,100
69.299,100,100
69.2987,100,100
69.2985,100,100
69.2982,100,100
69.298,100,100
69.2978,100,100
69.2975,100,100
69.2973,100,100
69.297,100,100
69.2968,100,100
69.2966,100,100
69.2963,100,100
69.2961,100,100
69.2959,100,100
69.2956,100,100
69.2954,100,100
69.2951,100,100
69.2949,100,100
69.2947,100,100
69.2944,100,100
69.2942,100,100
69.2939,100,100
69.2937,100,100
69.2935,100,100
69.2932,100,100
69.293,100,100
69.2927,100,100
69.2925,100,100
69.2923,100,100
69.292,100,100
69.2918,100,100
69.2915,100,100
69.2913,100,100
69.2911,100,100
69.2908,100,100
69.2906,100,100
69.2903,100,100
69.2901,100,100
69.2899,100,100
69.2896,100,100
69.2894,100,100
69.2891,100,100
69.2889,100,100
69.2887,100,100
69.2884,100,100
69.2882,100,100
69.2879,100,100
69.2877,100,100
69.2875,100,100
69.2872,100,100
69.287,100,100
69.2867,100,100
69.2865,100,100
69.2863,100,100
69.286,100,100
69.2858,100,100
69.2855,100,100
69.2853,100,100
69.2851,100,100
69.2848,100,100
69.2846,100,100
69.2844,100,100
69.2841,100,100
69.2839,100,100
69.2836,100,100
69.2834,100,100
69.2832,100,100
69.2829,100,100
69.2827,100,100
69.2824,100,100
69.2822,100,100
69.282,100,100
69.2817,100,100
69.2815,100,100
69.2812,100,100
69.281,100,100
69.2808,100,100
69.2805,100,100
69.2803,100,100
69.28,100,100
69.2798,100,100
69.2796,100,100
69.2793,100,100
69.2791,100,100
69.2788,100,100
69.2786,100,100
69.2784,100,100
69.2781,100,100
69.2779,100,100
69.2776,100,100
69.2774,100,100
69.2772,100,100
69.2769,100,100
69.2767,100,100
69.2765,100,100
69.2762,100,100
69.276,100,100
69.2758,100,100
69.2755,100,100
69.2753,100,100
69.275,100,100
69.2748,100,100
69.2746,100,100
69.2743,100,100
69.2741,100,100
69.2739,100,100
69.2736,100,100
69.2734,100,100
69.2732,100,100
69.2729,100,100
69.2727,100,100
69.2725,100,100
69.2722,100,100
69.272,100,100
69.2718,100,100
69.2715,100,100
69.2713,100,100
69.2711,100,100
69.2708,100,100
69.2706,100,100
69.2703,100,100
69.2701,100,100
69.2699,100,100
69.2696,100,100
69.2694,100,100
69.2692,100,100
69.2689,100,100
69.2687,100,100
69.2685,100,100
69.2682,100,100
69.268,100,100
69.2678,100,100
69.2675,100,100
69.2673,100,100
69.2671,100,100
69.2668,100,100
69.2666,100,100
69.2664,100,100
69.2661,100,100
69.2659,100,100
69.2656,100,100
69.2654,100,100
69.2652,100,100
69.2649,100,100
69.2647,100,100
69.2645,100,100
69.2642,100,100
69.264,100,100
69.2638,100,100
69.2635,100,100
69.2633,100,100
69.2631,100,100
69.2628,100,100
69.2626,100,100
69.2624,100,100
69.2621,100,100
69.2619,100,100
69.2617,100,100
69.2614,100,100
69.2612,100,100
69.2609,100,100
69.2607,100,100
69.2605,100,100
69.2602,100,100
69.26,100,100
69.2598,100,100
69.2595,100,100
69.2593,100,100
69.2591,100,100
69.2588,100,100
69.2586,100,100
69.2584,100,100
69.2581,100,100
69.2579,100,100
69.2577,100,100
69.2574,100,100
69.2572,100,100
69.257,100,100
69.2567,100,100
69.2565,100,100
69.2562,100,100
69.256,100,100
69.2558,100,100
69.2555,100,100
69.2553,100,100
69.2551,100,100
69.2548,100,100
69.2546,100,100
69.2544,100,100
69.2541,100,100
69.2539,100,100
69.2537,100,100
69.2534,100,100
69.2532,100,100
69.2529,100,100
69.2527,100,100
69.2525,100,100
69.2522,100,100
69.252,100,100
69.2518,100,100
69.2515,100,100
69.2513,100,100
69.251,100,100
69.2508,100,100
69.2506,100,100
69.2503,100,100
69.2501,100,100
69.2499,100,100
69.2496,100,100
69.2494,100,100
69.2491,100,100
69.2489,100,100
69.2487,100,100
69.2484,100,100
69.2482,100,100
69.248,100,100
69.2477,100,100
69.2475,100,100
69.2472,100,100
69.247,100,100
69.2468,100,100
69.2465,100,100
69.2463,100,100
69.2461,100,100
69.2458,100,100
69.2456,100,100
69.2453,100,100
69.2451,100,100
69.2449,100,100
69.2446,100,100
69.2444,100,100
69.2442,100,100
69.2439,100,100
69.2437,100,100
69.2434,100,100
69.2432,100,100
69.243,100,100
69.2427,100,100
69.2425,100,100
69.2423,100,100
69.242,100,100
69.2418,100,100
69.2416,100,100
69.2413,100,100
69.2411,100,100
69.2408,100,100
69.2406,100,100
69.2404,100,100
69.2401,100,100
69.2399,100,100
69.2397,100,100
69.2394,100,100
69.2392,100,100
69.2389,100,100
69.2387,100,100
69.2385,100,100
69.2382,100,100
69.238,100,100
69.2378,100,100
69.2375,100,100
69.2373,100,100
69.237,100,100
69.2368,100,100
69.2366,100,100
69.2363,100,100
69.2361,100,100
69.2359,100,100
69.2356,100,100
69.2354,100,100
69.2351,100,100
69.2349,100,100
69.2347,100,100
69.2344,100,100
69.2342,100,100
69.234,100,100
69.2337,100,100
69.2335,100,100
69.2332,100,100
69.233,100,100
69.2328,100,100
69.2325,100,100
69.2323,100,100
69.2321,100,100
69.2318,100,100
69.2316,100,100
69.2313,100,100
69.2311,100,100
69.2309,100,100
69.2306,100,100
69.2304,100,100
69.2302,100,100
69.2299,100,100
69.2297,100,100
69.2294,100,100
69.2292,100,100
69.2289,100,100
69.2287,100,100
69.2285,100,100
69.2282,100,100
69.228,100,100
69.2277,100,100
69.2275,100,100
69.2272,100,100
69.227,100,100
69.2267,100,100
69.2265,100,100
69.2263,100,100
69.226,100,100
69.2258,100,100
69.2255,100,100
69.2253,100,100
69.225,100,100
69.2248,100,100
69.2246,100,100
69.2243,100,100
69.2241,100,100
69.2238,100,100
69.2236,100,100
69.2233,100,100
69.2231,100,100
69.2228,100,100
69.2226,100,100
69.2224,100,100
69.2221,100,100
69.2219,100,100
69.2216,100,100
69.2214,100,100
69.2211,100,100
69.2209,100,100
69.2206,100,100
69.2204,100,100
69.2202,100,100
69.2199,100,100
69.2197,100,100
69.2194,100,100
69.2192,100,100
69.2189,100,100
69.2187,100,100
69.2185,100,100
69.2182,100,100
69.218,100,100
69.2177,100,100
69.2175,100,100
69.2172,100,100
69.217,100,100
69.2167,100,100
69.2165,100,100
69.2163,100,100
69.216,100,100
69.2158,100,100
69.2155,100,100
69.2153,100,100
69.215,100,100
69.2148,100,100
69.2146,100,100
69.2143,100,100
69.2141,100,100
69.2138,100,100
69.2136,100,100
69.2133,100,100
69.2131,100,100
69.2128,100,100
69.2126,100,100
69.2124,100,100
69.2121,100,100
69.2119,100,100
69.2116,100,100
69.2114,100,100
69.2111,100,100
69.2109,100,100
69.2106,100,100
69.2104,100,100
69.2102,100,100
69.2099,100,100
69.2097,100,100
69.2094,100,100
69.2092,100,100
69.2089,100,100
69.2087,100,100
69.2085,100,100
69.2082,100,100
69.208,100,100
69.2077,100,100
69.2075,100,100
69.2072,100,100
69.207,100,100
69.2067,100,100
69.2065,100,100
69.2063,100,100
69.206,100,100
69.2058,100,100
69.2055,100,100
69.2053,100,100
69.205,100,100
69.2048,100,100
69.2046,100,100
69.2043,100,100
69.2041,100,100
69.2038,100,100
69.2036,100,100
69.2033,100,100
69.2031,100,100
69.2028,100,100
69.2026,100,100
69.2024,100,100
69.2021,100,100
69.2019,100,100
69.2016,100,100
69.2014,100,100
69.2011,100,100
69.2009,100,100
69.2007,100,100
69.2004,100,100
69.2002,100,100
69.1999,100,100
69.1997,100,100
69.1994,100,100
69.1992,100,100
69.1989,100,100
69.1987,100,100
69.1985,100,100
69.1982,100,100
69.198,100,100
69.1977,100,100
69.1975,100,100
69.1972,100,100
69.197,100,100
69.1968,100,100
69.1965,100,100
69.1963,100,100
69.196,100,100
69.1958,100,100
69.1955,100,100
69.1953,100,100
69.195,100,100
69.1948,100,100
69.1946,100,100
69.1943,100,100
69.1941,100,100
69.1938,100,100
69.1936,100,100
69.1933,100,100
69.1931,100,100
69.1929,100,100
69.1926,100,100
69.1924,100,100
69.1921,100,100
69.1919,100,100
69.1916,100,100
69.1914,100,100
69.1911,100,100
69.1909,100,100
69.1907,100,100
69.1904,100,100
69.1902,100,100
69.1899,100,100
69.1897,100,100
69.1894,100,100
69.1892,100,100
69.189,100,100
69.1887,100,100
69.1885,100,100
69.1882,100,100
69.188,100,100
69.1877,100,100
69.1875,100,100
69.1872,100,100
69.187,100,100
69.1868,100,100
69.1865,100,100
69.1863,100,100
69.186,100,100
69.1858,100,100
69.1855,100,100
69.1853,100,100
69.1851,100,100
69.1848,100,100
69.1846,100,100
69.1843,100,100
69.1841,100,100
69.1838,100,100
69.1836,100,100
69.1833,100,100
69.1831,100,100
69.1829,100,100
69.1826,100,100
69.1824,100,100
69.1821,100,100
69.1819,100,100
69.1816,100,100
69.1814,100,100
69.1811,100,100
69.1809,100,100
69.1807,100,100
69.1804,100,100
69.1802,100,100
69.1799,100,100
69.1797,100,100
69.1794,100,100
69.1792,100,100
69.179,100,100
69.1787,100,100
69.1785,100,100
69.1782,100,100
69.178,100,100
69.1777,100,100
69.1775,100,100
69.1773,100,100
69.177,100,100
69.1768,100,100
69.1765,100,100
69.1763,100,100
69.176,100,100
69.1758,100,100
69.1756,100,100
69.1753,100,100
69.1751,100,100
69.1748,100,100
69.1746,100,100
69.1743,100,100
69.1741,100,100
69.1738,100,100
69.1736,100,100
69.1734,100,100
69.1731,100,100
69.1729,100,100
69.1726,100,100
69.1724,100,100
69.1721,100,100
69.1719,100,100
69.1717,100,100
69.1714,100,100
69.1712,100,100
69.1709,100,100
69.1707,100,100
69.1704,100,100
69.1702,100,100
69.17,100,100
69.1697,100,100
69.1695,100,100
69.1692,100,100
69.169,100,100
69.1687,100,100
69.1685,100,100
69.1682,100,100
69.168,100,100
69.1678,100,100
69.1675,100,100
69.1673,100,100
69.167,100,100
69.1668,100,100
69.1665,100,100
69.1663,100,100
69.1661,100,100
69.1658,100,100
69.1656,100,100
69.1653,100,100
69.1651,100,100
69.1648,100,100
69.1646,100,100
69.1644,100,100
69.1641,100,100
69.1639,100,100
69.1636,100,100
69.1634,100,100
69.1631,100,100
69.1629,100,100
69.1627,100,100
69.1624,100,100
69.1622,100,100
69.1619,100,100
69.1617,100,100
69.1614,100,100
69.1612,100,100
69.1609,100,100
69.1607,100,100
69.1605,100,100
69.1602,100,100
69.16,100,100
69.1597,100,100
69.1595,100,100
69.1592,100,100
69.159,100,100
69.1588,100,100
69.1585,100,100
69.1583,100,100
69.158,100,100
69.1578,100,100
69.1575,100,100
69.1573,100,100
69.1571,100,100
69.1568,100,100
69.1566,100,100
69.1563,100,100
69.1561,100,100
69.1558,100,100
69.1556,100,100
69.1554,100,100
69.1551,100,100
69.1549,100,100
69.1547,100,100
69.1544,100,100
69.1542,100,100
69.1539,100,100
69.1537,100,100
69.1535,100,100
69.1532,100,100
69.153,100,100
69.1527,100,100
69.1525,100,100
69.1523,100,100
69.152,100,100
69.1518,100,100
69.1515,100,100
69.1513,100,100
69.1511,100,100
69.1508,100,100
69.1506,100,100
69.1503,100,100
69.1501,100,100
69.1499,100,100
69.1496,100,100
69.1494,100,100
69.1491,100,100
69.1489,100,100
69.1487,100,100
69.1484,100,100
69.1482,100,100
69.1479,100,100
69.1477,100,100
69.1475,100,100
69.1472,100,100
69.147,100,100
69.1467,100,100
69.1465,100,100
69.1463,100,100
69.146,100,100
69.1458,100,100
69.1455,100,100
69.1453,100,100
69.1451,100,100
69.1448,100,100
69.1446,100,100
69.1443,100,100
69.1441,100,100
69.1439,100,100
69.1436,100,100
69.1434,100,100
69.1431,100,100
69.1429,100,100
69.1427,100,100
69.1424,100,100
69.1422,100,100
69.1419,100,100
69.1417,100,100
69.1415,100,100
69.1412,100,100
69.141,100,100
69.1408,100,100
69.1405,100,100
69.1403,100,100
69.14,100,100
69.1398,100,100
69.1396,100,100
69.1393,100,100
69.1391,100,100
69.1388,100,100
69.1386,100,100
69.1384,100,100
69.1381,100,100
69.1379,100,100
69.1376,100,100
69.1374,100,100
69.1372,100,100
69.1369,100,100
69.1367,100,100
69.1364,100,100
69.1362,100,100
69.136,100,100
69.1357,100,100
69.1355,100,100
69.1352,100,100
69.135,100,100
69.1348,100,100
69.1345,100,100
69.1343,100,100
69.134,100,100
69.1338,100,100
69.1336,100,100
69.1333,100,100
69.1331,100,100
69.1328,100,100
69.1326,100,100
69.1324,100,100
69.1321,100,100
69.1319,100,100
69.1317,100,100
69.1314,100,100
69.1312,100,100
69.131,100,100
69.1307,100,100
69.1305,100,100
69.1302,100,100
69.13,100,100
69.1298,100,100
69.1295,100,100
69.1293,100,100
69.1291,100,100
69.1288,100,100
69.1286,100,100
69.1284,100,100
69.1281,100,100
69.1279,100,100
69.1277,100,100
69.1274,100,100
69.1272,100,100
69.127,100,100
69.1267,100,100
69.1265,100,100
69.1262,100,100
69.126,100,100
69.1258,100,100
69.1255,100,100
69.1253,100,100
69.1251,100,100
69.1248,100,100
69.1246,100,100
69.1244,100,100
69.1241,100,100
69.1239,100,100
69.1237,100,100
69.1234,100,100
69.1232,100,100
69.1229,100,100
69.1227,100,100
69.1225,100,100
69.1222,100,100
69.122,100,100
69.1218,100,100
69.1215,100,100
69.1213,100,100
69.1211,100,100
69.1208,100,100
69.1206,100,100
69.1204,100,100
69.1201,100,100
69.1199,100,100
69.1196,100,100
69.1194,100,100
69.1192,100,100
69.1189,100,100
69.1187,100,100
69.1185,100,100
69.1182,100,100
69.118,100,100
69.1178,100,100
69.1175,100,100
69.1173,100,100
69.1171,100,100
69.1168,100,100
69.1166,100,100
69.1163,100,100
69.1161,100,100
69.1159,100,100
69.1156,100,100
69.1154,100,100
69.1152,100,100
69.1149,100,100
69.1147,100,100
69.1145,100,100
69.1142,100,100
69.114,100,100
69.1138,100,100
69.1135,100,100
69.1133,100,100
69.113,100,100
69.1128,100,100
69.1126,100,100
69.1123,100,100
69.1121,100,100
69.1119,100,100
69.1116,100,100
69.1114,100,100
69.1112,100,100
69.1109,100,100
69.1107,100,100
69.1105,100,100
69.1102,100,100
69.11,100,100
69.1097,100,100
69.1095,100,100
69.1093,100,100
69.109,100,100
69.1088,100,100
69.1086,100,100
69.1084,100,100
69.1081,100,100
69.1079,100,100
69.1077,100,100
69.1074,100,100
69.1072,100,100
69.107,100,100
69.1067,100,100
69.1065,100,100
69.1063,100,100
69.106,100,100
69.1058,100,100
69.1056,100,100
69.1053,100,100
69.1051,100,100
69.1049,100,100
69.1047,100,100
69.1044,100,100
69.1042,100,100
69.104,100,100
69.1037,100,100
69.1035,100,100
69.1033,100,100
69.103,100,100
69.1028,100,100
69.1026,100,100
69.1023,100,100
69.1021,100,100
69.1019,100,100
69.1016,100,100
69.1014,100,100
69.1012,100,100
69.101,100,100
69.1007,100,100
69.1005,100,100
69.1003,100,100
69.1,100,100
69.0998,100,100
69.0996,100,100
69.0993,100,100
69.0991,100,100
69.0989,100,100
69.0986,100,100
69.0984,100,100
69.0982,100,100
69.0979,100,100
69.0977,100,100
69.0975,100,100
69.0973,100,100
69.097,100,100
69.0968,100,100
69.0966,100,100
69.0963,100,100
69.0961,100,100
69.0959,100,100
69.0956,100,100
69.0954,100,100
69.0952,100,100
69.0949,100,100
69.0947,100,100
69.0945,100,100
69.0942,100,100
69.094,100,100
69.0938,100,100
69.0936,100,100
69.0933,100,100
69.0931,100,100
69.0929,100,100
69.0926,100,100
69.0924,100,100
69.0922,100,100
69.0919,100,100
69.0917,100,100
69.0915,100,100
69.0912,100,100
69.091,100,100
69.0908,100,100
69.0905,100,100
69.0903,100,100
69.0901,100,100
69.0899,100,100
69.0896,100,100
69.0894,100,100
69.0892,100,100
69.0889,100,100
69.0887,100,100
69.0885,100,100
69.0882,100,100
69.088,100,100
69.0878,100,100
69.0875,100,100
69.0873,100,100
69.0871,100,100
69.0868,100,100
69.0866,100,100
69.0864,100,100
69.0862,100,100
69.0859,100,100
69.0857,100,100
69.0855,100,100
69.0853,100,100
69.085,100,100
69.0848,100,100
69.0846,100,100
69.0844,100,100
69.0841,100,100
69.0839,100,100
69.0837,100,100
69.0835,100,100
69.0832,100,100
69.083,100,100
69.0828,100,100
69.0826,100,100
69.0823,100,100
69.0821,100,100
69.0819,100,100
69.0817,100,100
69.0815,100,100
69.0812,100,100
69.081,100,100
69.0808,100,100
69.0806,100,100
69.0803,100,100
69.0801,100,100
69.0799,100,100
69.0797,100,100
69.0794,100,100
69.0792,100,100
69.079,100,100
69.0788,100,100
69.0785,100,100
69.0783,100,100
69.0781,100,100
69.0779,100,100
69.0777,100,100
69.0774,100,100
69.0772,100,100
69.077,100,100
69.0768,100,100
69.0765,100,100
69.0763,100,100
69.0761,100,100
69.0759,100,100
69.0756,100,100
69.0754,100,100
69.0752,100,100
69.075,100,100
69.0747,100,100
69.0745,100,100
69.0743,100,100
69.0741,100,100
69.0738,100,100
69.0736,100,100
69.0734,100,100
69.0732,100,100
69.073,100,100
69.0727,100,100
69.0725,100,100
69.0723,100,100
69.0721,100,100
69.0718,100,100
69.0716,100,100
69.0714,100,100
69.0712,100,100
69.0709,100,100
69.0707,100,100
69.0705,100,100
69.0703,100,100
69.07,100,100
69.0698,100,100
69.0696,100,100
69.0694,100,100
69.0692,100,100
69.0689,100,100
69.0687,100,100
69.0685,100,100
69.0683,100,100
69.068,100,100
69.0678,100,100
69.0676,100,100
69.0674,100,100
69.0671,100,100
69.0669,100,100
69.0667,100,100
69.0665,100,100
69.0662,100,100
69.066,100,100
69.0658,100,100
69.0656,100,100
69.0653,100,100
69.0651,100,100
69.0649,100,100
69.0647,100,100
69.0645,100,100
69.0642,100,100
69.064,100,100
69.0638,100,100
69.0636,100,100
69.0633,100,100
69.0631,100,100
69.0629,100,100
69.0627,100,100
69.0625,100,100
69.0623,100,100
69.062,100,100
69.0618,100,100
69.0616,100,100
69.0614,100,100
69.0612,100,100
69.061,100,100
69.0607,100,100
69.0605,100,100
69.0603,100,100
69.0601,100,100
69.0599,100,100
69.0597,100,100
69.0594,100,100
69.0592,100,100
69.059,100,100
69.0588,100,100
69.0586,100,100
69.0583,100,100
69.0581,100,100
69.0579,100,100
69.0577,100,100
69.0575,100,100
69.0573,100,100
69.057,100,100
69.0568,100,100
69.0566,100,100
69.0564,100,100
69.0562,100,100
69.056,100,100
69.0557,100,100
69.0555,100,100
69.0553,100,100
69.0551,100,100
69.0549,100,100
69.0547,100,100
69.0544,100,100
69.0542,100,100
69.054,100,100
69.0538,100,100
69.0536,100,100
69.0534,100,100
69.0531,100,100
69.0529,100,100
69.0527,100,100
69.0525,100,100
69.0523,100,100
69.052,100,100
69.0518,100,100
69.0516,100,100
69.0514,100,100
69.0512,100,100
69.051,100,100
69.0507,100,100
69.0505,100,100
69.0503,100,100
69.0501,100,100
69.0499,100,100
69.0497,100,100
69.0494,100,100
69.0492,100,100
69.049,100,100
69.0488,100,100
69.0486,100,100
69.0484,100,100
69.0481,100,100
69.0479,100,100
69.0477,100,100
69.0475,100,100
69.0473,100,100
69.0471,100,100
69.0468,100,100
69.0466,100,100
69.0464,100,100
69.0462,100,100
69.046,100,100
69.0457,100,100
69.0455,100,100
69.0453,100,100
69.0451,100,100
69.0449,100,100
69.0447,100,100
69.0444,100,100
69.0442,100,100
69.044,100,100
69.0438,100,100
69.0436,100,100
69.0434,100,100
69.0431,100,100
69.0429,100,100
69.0427,100,100
69.0425,100,100
69.0423,100,100
69.0421,100,100
69.0418,100,100
69.0416,100,100
69.0414,100,100
69.0412,100,100
69.041,100,100
69.0408,100,100
69.0406,100,100
69.0404,100,100
69.0401,100,100
69.0399,100,100
69.0397,100,100
69.0395,100,100
69.0393,100,100
69.0391,100,100
69.0389,100,100
69.0387,100,100
69.0384,100,100
69.0382,100,100
69.038,100,100
69.0378,100,100
69.0376,100,100
69.0374,100,100
69.0372,100,100
69.0369,100,100
69.0367,100,100
69.0365,100,100
69.0363,100,100
69.0361,100,100
69.0359,100,100
69.0357,100,100
69.0355,100,100
69.0352,100,100
69.035,100,100
69.0348,100,100
69.0346,100,100
69.0344,100,100
69.0342,100,100
69.034,100,100
69.0338,100,100
69.0335,100,100
69.0333,100,100
69.0331,100,100
69.0329,100,100
69.0327,100,100
69.0325,100,100
69.0323,100,100
69.0321,100,100
69.0318,100,100
69.0316,100,100
69.0314,100,100
69.0312,100,100
69.031,100,100
69.0308,100,100
69.0306,100,100
69.0304,100,100
69.0301,100,100
69.0299,100,100
69.0297,100,100
69.0295,100,100
69.0293,100,100
69.0291,100,100
69.0289,100,100
69.0287,100,100
69.0284,100,100
69.0282,100,100
69.028,100,100
69.0278,100,100
69.0276,100,100
69.0274,100,100
69.0272,100,100
69.027,100,100
69.0267,100,100
69.0265,100,100
69.0263,100,100
69.0261,100,100
69.0259,100,100
69.0257,100,100
69.0255,100,100
69.0253,100,100
69.025,100,100
69.0248,100,100
69.0246,100,100
69.0244,100,100
69.0242,100,100
69.024,100,100
69.0238,100,100
69.0236,100,100
69.0233,100,100
69.0231,100,100
69.0229,100,100
69.0227,100,100
69.0225,100,100
69.0223,100,100
69.0221,100,100
69.0219,100,100
69.0216,100,100
69.0214,100,100
69.0212,100,100
69.021,100,100
69.0208,100,100
69.0206,100,100
69.0204,100,100
69.0202,100,100
69.0199,100,100
69.0197,100,100
69.0195,100,100
69.0193,100,100
69.0191,100,100
69.0189,100,100
69.0187,100,100
69.0185,100,100
69.0182,100,100
69.018,100,100
69.0178,100,100
69.0176,100,100
69.0174,100,100
69.0172,100,100
69.017,100,100
69.0168,100,100
69.0165,100,100
69.0163,100,100
69.0161,100,100
69.0159,100,100
69.0157,100,100
69.0155,100,100
69.0153,100,100
69.0151,100,100
69.0148,100,100
69.0146,100,100
69.0144,100,100
69.0142,100,100
69.014,100,100
69.0138,100,100
69.0136,100,100
69.0134,100,100
69.0131,100,100
69.0129,100,100
69.0127,100,100
69.0125,100,100
69.0123,100,100
69.0121,100,100
69.0119,100,100
69.0117,100,100
69.0114,100,100
69.0112,100,100
69.011,100,100
69.0108,100,100
69.0106,100,100
69.0104,100,100
69.0102,100,100
69.01,100,100
69.0097,100,100
69.0095,100,100
69.0093,100,100
69.0091,100,100
69.0089,100,100
69.0087,100,100
69.0085,100,100
69.0083,100,100
69.008,100,100
69.0078,100,100
69.0076,100,100
69.0074,100,100
69.0072,100,100
69.007,100,100
69.0068,100,100
69.0066,100,100
69.0063,100,100
69.0061,100,100
69.0059,100,100
69.0057,100,100
69.0055,100,100
69.0053,100,100
69.0051,100,100
69.0049,100,100
69.0046,100,100
69.0044,100,100
69.0042,100,100
69.004,100,100
69.0038,100,100
69.0036,100,100
69.0034,100,100
69.0032,100,100
69.0029,100,100
69.0027,100,100
69.0025,100,100
69.0023,100,100
69.0021,100,100
69.0019,100,100
69.0017,100,100
69.0015,100,100
69.0012,100,100
69.001,100,100
69.0008,100,100
69.0006,100,100
69.0004,100,100
69.0002,100,100
69,100,100
68.9998,100,100
68.9995,100,100
68.9993,100,100
68.9991,100,100
68.9989,100,100
68.9987,100,100
68.9985,100,100
68.9983,100,100
68.9981,100,100
68.9978,100,100
68.9976,100,100
68.9974,100,100
68.9972,100,100
68.997,100,100
68.9968,100,100
68.9966,100,100
68.9964,100,100
68.9961,100,100
68.9959,100,100
68.9957,100,100
68.9955,100,100
68.9953,100,100
68.9951,100,100
68.9949,100,100
68.9947,100,100
68.9945,100,100
68.9942,100,100
68.994,100,100
68.9938,100,100
68.9936,100,100
68.9934,100,100
68.9932,100,100
68.993,100,100
68.9928,100,100
68.9925,100,100
68.9923,100,100
68.9921,100,100
68.9919,100,100
68.9917,100,100
68.9915,100,100
68.9913,100,100
68.9911,100,100
68.9909,100,100
68.9906,100,100
68.9904,100,100
68.9902,100,100
68.99,100,100
68.9898,100,100
68.9896,100,100
68.9894,100,100
68.9892,100,100
68.9889,100,100
68.9887,100,100
68.9885,100,100
68.9883,100,100
68.9881,100,100
68.9879,100,100
68.9877,100,100
68.9875,100,100
68.9873,100,100
68.987,100,100
68.9868,100,100
68.9866,100,100
68.9864,100,100
68.9862,100,100
68.986,100,100
68.9858,100,100
68.9856,100,100
68.9853,100,100
68.9851,100,100
68.9849,100,100
68.9847,100,100
68.9845,100,100
68.9843,100,100
68.9841,100,100
68.9839,100,100
68.9837,100,100
68.9834,100,100
68.9832,100,100
68.983,100,100
68.9828,100,100
68.9826,100,100
68.9824,100,100
68.9822,100,100
68.982,100,100
68.9817,100,100
68.9815,100,100
68.9813,100,100
68.9811,100,100
68.9809,100,100
68.9807,100,100
68.9805,100,100
68.9803,100,100
68.9801,100,100
68.9798,100,100
68.9796,100,100
68.9794,100,100
68.9792,100,100
68.979,100,100
68.9788,100,100
68.9786,100,100
68.9784,100,100
68.9782,100,100
68.9779,100,100
68.9777,100,100
68.9775,100,100
68.9773,100,100
68.9771,100,100
68.9769,100,100
68.9767,100,100
68.9765,100,100
68.9763,100,100
68.9761,100,100
68.9759,100,100
68.9757,100,100
68.9755,100,100
68.9752,100,100
68.975,100,100
68.9748,100,100
68.9746,100,100
68.9744,100,100
68.9742,100,100
68.974,100,100
68.9738,100,100
68.9736,100,100
68.9734,100,100
68.9732,100,100
68.973,100,100
68.9728,100,100
68.9726,100,100
68.9723,100,100
68.9721,100,100
68.9719,100,100
68.9717,100,100
68.9715,100,100
68.9713,100,100
68.9711,100,100
68.9709,100,100
68.9707,100,100
68.9705,100,100
68.9703,100,100
68.9701,100,100
68.9699,100,100
68.9696,100,100
68.9694,100,100
68.9692,100,100
68.969,100,100
68.9688,100,100
68.9686,100,100
68.9684,100,100
68.9682,100,100
68.968,100,100
68.9678,100,100
68.9676,100,100
68.9674,100,100
68.9672,100,100
68.967,100,100
68.9667,100,100
68.9665,100,100
68.9663,100,100
68.9661,100,100
68.9659,100,100
68.9657,100,100
68.9655,100,100
68.9653,100,100
68.9651,100,100
68.9649,100,100
68.9647,100,100
68.9645,100,100
68.9643,100,100
68.964,100,100
68.9638,100,100
68.9636,100,100
68.9634,100,100
68.9632,100,100
68.963,100,100
68.9628,100,100
68.9626,100,100
68.9624,100,100
68.9622,100,100
68.962,100,100
68.9618,100,100
68.9616,100,100
68.9613,100,100
68.9611,100,100
68.9609,100,100
68.9607,100,100
68.9605,100,100
68.9603,100,100
68.9601,100,100
68.9599,100,100
68.9597,100,100
68.9595,100,100
68.9593,100,100
68.9591,100,100
68.9589,100,100
68.9587,100,100
68.9584,100,100
68.9582,100,100
68.958,100,100
68.9578,100,100
68.9576,100,100
68.9574,100,100
68.9572,100,100
68.957,100,100
68.9568,100,100
68.9566,100,100
68.9564,100,100
68.9562,100,100
68.956,100,100
68.9557,100,100
68.9555,100,100
68.9553,100,100
68.9551,100,100
68.9549,100,100
68.9547,100,100
68.9545,100,100
68.9543,100,100
68.9541,100,100
68.9539,100,100
68.9537,100,100
68.9535,100,100
68.9533,100,100
68.9531,100,100
68.9528,100,100
68.9526,100,100
68.9524,100,100
68.9522,100,100
68.952,100,100
68.9518,100,100
68.9516,100,100
68.9514,100,100
68.9512,100,100
68.951,100,100
68.9508,100,100
68.9506,100,100
68.9504,100,100
68.9501,100,100
68.9499,100,100
68.9497,100,100
68.9495,100,100
68.9493,100,100
68.9491,100,100
68.9489,100,100
68.9487,100,100
68.9485,100,100
68.9483,100,100
68.9481,100,100
68.9479,100,100
68.9477,100,100
68.9474,100,100
68.9472,100,100
68.947,100,100
68.9468,100,100
68.9466,100,100
68.9464,100,100
68.9462,100,100
68.946,100,100
68.9458,100,100
68.9456,100,100
68.9454,100,100
68.9452,100,100
68.945,100,100
68.9447,100,100
68.9445,100,100
68.9443,100,100
68.9441,100,100
68.9439,100,100
68.9437,100,100
68.9435,100,100
68.9433,100,100
68.9431,100,100
68.9429,100,100
68.9427,100,100
68.9425,100,100
68.9423,100,100
68.9421,100,100
68.9418,100,100
68.9416,100,100
68.9414,100,100
68.9412,100,100
68.941,100,100
68.9408,100,100
68.9406,100,100
68.9404,100,100
68.9402,100,100
68.94,100,100
68.9398,100,100
68.9396,100,100
68.9394,100,100
68.9391,100,100
68.9389,100,100
68.9387,100,100
68.9385,100,100
68.9383,100,100
68.9381,100,100
68.9379,100,100
68.9377,100,100
68.9375,100,100
68.9373,100,100
68.9371,100,100
68.9369,100,100
68.9367,100,100
68.9364,100,100
68.9362,100,100
68.936,100,100
68.9358,100,100
68.9356,100,100
68.9354,100,100
68.9352,100,100
68.935,100,100
68.9347,100,100
68.9345,100,100
68.9343,100,100
68.9341,100,100
68.9339,100,100
68.9337,100,100
68.9335,100,100
68.9333,100,100
68.933,100,100
68.9328,100,100
68.9326,100,100
68.9324,100,100
68.9322,100,100
68.932,100,100
68.9318,100,100
68.9316,100,100
68.9313,100,100
68.9311,100,100
68.9309,100,100
68.9307,100,100
68.9305,100,100
68.9303,100,100
68.9301,100,100
68.9298,100,100
68.9296,100,100
68.9294,100,100
68.9292,100,100
68.929,100,100
68.9288,100,100
68.9286,100,100
68.9284,100,100
68.9281,100,100
68.9279,100,100
68.9277,100,100
68.9275,100,100
68.9273,100,100
68.9271,100,100
68.9269,100,100
68.9267,100,100
68.9264,100,100
68.9262,100,100
68.926,100,100
68.9258,100,100
68.9256,100,100
68.9254,100,100
68.9252,100,100
68.925,100,100
68.9247,100,100
68.9245,100,100
68.9243,100,100
68.9241,100,100
68.9239,100,100
68.9237,100,100
68.9235,100,100
68.9233,100,100
68.923,100,100
68.9228,100,100
68.9226,100,100
68.9224,100,100
68.9222,100,100
68.922,100,100
68.9218,100,100
68.9216,100,100
68.9213,100,100
68.9211,100,100
68.9209,100,100
68.9207,100,100
68.9205,100,100
68.9203,100,100
68.9201,100,100
68.9199,100,100
68.9196,100,100
68.9194,100,100
68.9192,100,100
68.919,100,100
68.9188,100,100
68.9186,100,100
68.9184,100,100
68.9182,100,100
68.9179,100,100
68.9177,100,100
68.9175,100,100
68.9173,100,100
68.9171,100,100
68.9169,100,100
68.9167,100,100
68.9165,100,100
68.9162,100,100
68.916,100,100
68.9158,100,100
68.9156,100,100
68.9154,100,100
68.9152,100,100
68.9149,100,100
68.9147,100,100
68.9145,100,100
68.9143,100,100
68.9141,100,100
68.9138,100,100
68.9136,100,100
68.9134,100,100
68.9132,100,100
68.913,100,100
68.9127,100,100
68.9125,100,100
68.9123,100,100
68.9121,100,100
68.9119,100,100
68.9116,100,100
68.9114,100,100
68.9112,100,100
68.911,100,100
68.9108,100,100
68.9105,100,100
68.9103,100,100
68.9101,100,100
68.9099,100,100
68.9097,100,100
68.9094,100,100
68.9092,100,100
68.909,100,100
68.9088,100,100
68.9086,100,100
68.9083,100,100
68.9081,100,100
68.9079,100,100
68.9077,100,100
68.9075,100,100
68.9072,100,100
68.907,100,100
68.9068,100,100
68.9066,100,100
68.9064,100,100
68.9061,100,100
68.9059,100,100
68.9057,100,100
68.9055,100,100
68.9052,100,100
68.905,100,100
68.9048,100,100
68.9046,100,100
68.9044,100,100
68.9041,100,100
68.9039,100,100
68.9037,100,100
68.9035,100,100
68.9033,100,100
68.903,100,100
68.9028,100,100
68.9026,100,100
68.9024,100,100
68.9022,100,100
68.9019,100,100
68.9017,100,100
68.9015,100,100
68.9013,100,100
68.9011,100,100
68.9008,100,100
68.9006,100,100
68.9004,100,100
68.9002,100,100
68.9,100,100
68.8997,100,100
68.8995,100,100
68.8993,100,100
68.8991,100,100
68.8989,100,100
68.8986,100,100
68.8984,100,100
68.8982,100,100
68.898,100,100
68.8978,100,100
68.8975,100,100
68.8973,100,100
68.8971,100,100
68.8969,100,100
68.8967,100,100
68.8964,100,100
68.8962,100,100
68.896,100,100
68.8958,100,100
68.8956,100,100
68.8953,100,100
68.8951,100,100
68.8949,100,100
68.8947,100,100
68.8944,100,100
68.8942,100,100
68.894,100,100
68.8938,100,100
68.8936,100,100
68.8933,100,100
68.893,100,100
68.8927,100,100
68.8925,100,100
68.8922,100,100
68.8919,100,100
68.8916,100,100
68.8914,100,100
68.8911,100,100
68.8908,100,100
68.8905,100,100
68.8903,100,100
68.89,100,100
68.8897,100,100
68.8894,100,100
68.8892,100,100
68.8889,100,100
68.8886,100,100
68.8883,100,100
68.888,100,100
68.8878,100,100
68.8875,100,100
68.8872,100,100
68.8869,100,100
68.8867,100,100
68.8864,100,100
68.8861,100,100
68.8858,100,100
68.8856,100,100
68.8853,100,100
68.885,100,100
68.8847,100,100
68.8844,100,100
68.8842,100,100
68.8839,100,100
68.8836,100,100
68.8833,100,100
68.8831,100,100
68.8828,100,100
68.8825,100,100
68.8822,100,100
68.882,100,100
68.8817,100,100
68.8814,100,100
68.8811,100,100
68.8809,100,100
68.8806,100,100
68.8803,100,100
68.88,100,100
68.8797,100,100
68.8795,100,100
68.8792,100,100
68.8789,100,100
68.8786,100,100
68.8784,100,100
68.8781,100,100
68.8778,100,100
68.8775,100,100
68.8773,100,100
68.877,100,100
68.8767,100,100
68.8764,100,100
68.8761,100,100
68.8759,100,100
68.8756,100,100
68.8753,100,100
68.875,100,100
68.8748,100,100
68.8745,100,100
68.8742,100,100
68.8739,100,100
68.8737,100,100
68.8734,100,100
68.8731,100,100
68.8728,100,100
68.8726,100,100
68.8723,100,100
68.872,100,100
68.8717,100,100
68.8714,100,100
68.8712,100,100
68.8709,100,100
68.8706,100,100
68.8703,100,100
68.8701,100,100
68.8698,100,100
68.8695,100,100
68.8692,100,100
68.869,100,100
68.8687,100,100
68.8684,100,100
68.8681,100,100
68.8679,100,100
68.8676,100,100
68.8673,100,100
68.867,100,100
68.8667,100,100
68.8665,100,100
68.8662,100,100
68.8659,100,100
68.8656,100,100
68.8653,100,100
68.8649,100,100
68.8646,100,100
68.8643,100,100
68.8639,100,100
68.8636,100,100
68.8633,100,100
68.8629,100,100
68.8626,100,100
68.8623,100,100
68.8619,100,100
68.8616,100,100
68.8613,100,100
68.8609,100,100
68.8606,100,100
68.8603,100,100
68.8599,100,100
68.8596,100,100
68.8593,100,100
68.8589,100,100
68.8586,100,100
68.8583,100,100
68.8579,100,100
68.8576,100,100
68.8573,100,100
68.8569,100,100
68.8566,100,100
68.8563,100,100
68.8559,100,100
68.8556,100,100
68.8553,100,100
68.8549,100,100
68.8546,100,100
68.8543,100,100
68.8539,100,100
68.8536,100,100
68.8533,100,100
68.853,100,100
68.8526,100,100
68.8523,100,100
68.852,100,100
68.8516,100,100
68.8513,100,100
68.851,100,100
68.8506,100,100
68.8503,100,100
68.85,100,100
68.8496,100,100
68.8493,100,100
68.849,100,100
68.8486,100,100
68.8483,100,100
68.848,100,100
68.8476,100,100
68.8473,100,100
68.847,100,100
68.8466,100,100
68.8463,100,100
68.846,100,100
68.8456,100,100
68.8453,100,100
68.845,100,100
68.8446,100,100
68.8443,100,100
68.844,100,100
68.8436,100,100
68.8433,100,100
68.843,100,100
68.8426,100,100
68.8423,100,100
68.842,100,100
68.8416,100,100
68.8413,100,100
68.841,100,100
68.8406,100,100
68.8403,100,100
68.84,100,100
68.8396,100,100
68.8393,100,100
68.839,100,100
68.8386,100,100
68.8383,100,100
68.838,100,100
68.8377,100,100
68.8373,100,100
68.837,100,100
68.8367,100,100
68.8363,100,100
68.836,100,100
68.8357,100,100
68.8353,100,100
68.835,100,100
68.8347,100,100
68.8343,100,100
68.834,100,100
68.8337,100,100
68.8333,100,100
68.833,100,100
68.8327,100,100
68.8323,100,100
68.8319,100,100
68.8315,100,100
68.8311,100,100
68.8307,100,100
68.8303,100,100
68.8299,100,100
68.8295,100,100
68.8291,100,100
68.8288,100,100
68.8284,100,100
68.828,100,100
68.8276,100,100
68.8272,100,100
68.8268,100,100
68.8264,100,100
68.826,100,100
68.8256,100,100
68.8252,100,100
68.8248,100,100
68.8244,100,100
68.8241,100,100
68.8237,100,100
68.8233,100,100
68.8229,100,100
68.8225,100,100
68.8221,100,100
68.8217,100,100
68.8213,100,100
68.8209,100,100
68.8205,100,100
68.8201,100,100
68.8197,100,100
68.8194,100,100
68.819,100,100
68.8186,100,100
68.8182,100,100
68.8178,100,100
68.8174,100,100
68.817,100,100
68.8166,100,100
68.8162,100,100
68.8158,100,100
68.8154,100,100
68.815,100,100
68.8147,100,100
68.8143,100,100
68.8139,100,100
68.8135,100,100
68.8131,100,100
68.8127,100,100
68.8123,100,100
68.8119,100,100
68.8115,100,100
68.8111,100,100
68.8107,100,100
68.8104,100,100
68.81,100,100
68.8096,100,100
68.8092,100,100
68.8088,100,100
68.8084,100,100
68.808,100,100
68.8076,100,100
68.8072,100,100
68.8068,100,100
68.8064,100,100
68.806,100,100
68.8057,100,100
68.8053,100,100
68.8049,100,100
68.8045,100,100
68.8041,100,100
68.8037,100,100
68.8033,100,100
68.8029,100,100
68.8025,100,100
68.8021,100,100
68.8017,100,100
68.8013,100,100
68.801,100,100
68.8006,100,100
68.8002,100,100
68.7998,100,100
68.7994,100,100
68.799,100,100
68.7986,100,100
68.7982,100,100
68.7978,100,100
68.7974,100,100
68.797,100,100
68.7966,100,100
68.7963,100,100
68.7959,100,100
68.7955,100,100
68.7951,100,100
68.7947,100,100
68.7943,100,100
68.7939,100,100
68.7935,100,100
68.7931,100,100
68.7927,100,100
68.7923,100,100
68.7919,100,100
68.7915,100,100
68.7911,100,100
68.7906,100,100
68.7902,100,100
68.7898,100,100
68.7894,100,100
68.789,100,100
68.7886,100,100
68.7882,100,100
68.7878,100,100
68.7874,100,100
68.787,100,100
68.7865,100,100
68.7861,100,100
68.7857,100,100
68.7853,100,100
68.7849,100,100
68.7845,100,100
68.7841,100,100
68.7837,100,100
68.7833,100,100
68.7828,100,100
68.7824,100,100
68.782,100,100
68.7816,100,100
68.7812,100,100
68.7808,100,100
68.7804,100,100
68.78,100,100
68.7796,100,100
68.7792,100,100
68.7787,100,100
68.7783,100,100
68.7779,100,100
68.7775,100,100
68.7771,100,100
68.7767,100,100
68.7763,100,100
68.7759,100,100
68.7755,100,100
68.7751,100,100
68.7746,100,100
68.7742,100,100
68.7738,100,100
68.7734,100,100
68.773,100,100
68.7726,100,100
68.7722,100,100
68.7718,100,100
68.7714,100,100
68.7709,100,100
68.7705,100,100
68.7701,100,100
68.7697,100,100
68.7693,100,100
68.7689,100,100
68.7685,100,100
68.7681,100,100
68.7677,100,100
68.7673,100,100
68.7668,100,100
68.7664,100,100
68.766,100,100
68.7656,100,100
68.7652,100,100
68.7648,100,100
68.7644,100,100
68.764,100,100
68.7636,100,100
68.7632,100,100
68.7627,100,100
68.7623,100,100
68.7619,100,100
68.7615,100,100
68.7611,100,100
68.7607,100,100
68.7603,100,100
68.7599,100,100
68.7595,100,100
68.759,100,100
68.7586,100,100
68.7582,100,100
68.7578,100,100
68.7574,100,100
68.757,100,100
68.7566,100,100
68.7562,100,100
68.7558,100,100
68.7554,100,100
68.7549,100,100
68.7545,100,100
68.7541,100,100
68.7537,100,100
68.7533,100,100
68.7529,100,100
68.7525,100,100
68.7521,100,100
68.7517,100,100
68.7513,100,100
68.7509,100,100
68.7505,100,100
68.7501,100,100
68.7497,100,100
68.7493,100,100
68.7489,100,100
68.7486,100,100
68.7482,100,100
68.7478,100,100
68.7474,100,100
68.747,100,100
68.7466,100,100
68.7462,100,100
68.7458,100,100
68.7454,100,100
68.745,100,100
68.7446,100,100
68.7442,100,100
68.7438,100,100
68.7434,100,100
68.7431,100,100
68.7427,100,100
68.7423,100,100
68.7419,100,100
68.7415,100,100
68.7411,100,100
68.7407,100,100
68.7403,100,100
68.7399,100,100
68.7395,100,100
68.7391,100,100
68.7387,100,100
68.7383,100,100
68.7379,100,100
68.7375,100,100
68.7372,100,100
68.7368,100,100
68.7364,100,100
68.736,100,100
68.7356,100,100
68.7352,100,100
68.7348,100,100
68.7344,100,100
68.734,100,100
68.7336,100,100
68.7332,100,100
68.7328,100,100
68.7324,100,100
68.732,100,100
68.7317,100,100
68.7313,100,100
68.7309,100,100
68.7305,100,100
68.7301,100,100
68.7297,100,100
68.7293,100,100
68.7289,100,100
68.7285,100,100
68.7281,100,100
68.7277,100,100
68.7273,100,100
68.7269,100,100
68.7265,100,100
68.7262,100,100
68.7258,100,100
68.7254,100,100
68.725,100,100
68.7246,100,100
68.7242,100,100
68.7238,100,100
68.7234,100,100
68.723,100,100
68.7226,100,100
68.7222,100,100
68.7218,100,100
68.7214,100,100
68.721,100,100
68.7207,100,100
68.7203,100,100
68.7199,100,100
68.7195,100,100
68.7191,100,100
68.7187,100,100
68.7183,100,100
68.7179,100,100
68.7175,100,100
68.7171,100,100
68.7167,100,100
68.7163,100,100
68.7159,100,100
68.7155,100,100
68.7152,100,100
68.7148,100,100
68.7144,100,100
68.714,100,100
68.7136,100,100
68.7132,100,100
68.7128,100,100
68.7125,100,100
68.7121,100,100
68.7117,100,100
68.7114,100,100
68.711,100,100
68.7107,100,100
68.7103,100,100
68.71,100,100
68.7096,100,100
68.7092,100,100
68.7089,100,100
68.7085,100,100
68.7082,100,100
68.7078,100,100
68.7075,100,100
68.7071,100,100
68.7067,100,100
68.7064,100,100
68.706,100,100
68.7057,100,100
68.7053,100,100
68.705,100,100
68.7046,100,100
68.7042,100,100
68.7039,100,100
68.7035,100,100
68.7032,100,100
68.7028,100,100
68.7025,100,100
68.7021,100,100
68.7017,100,100
68.7014,100,100
68.701,100,100
68.7007,100,100
68.7003,100,100
68.6999,100,100
68.6996,100,100
68.6992,100,100
68.6989,100,100
68.6985,100,100
68.6982,100,100
68.6978,100,100
68.6974,100,100
68.6971,100,100
68.6967,100,100
68.6964,100,100
68.696,100,100
68.6957,100,100
68.6953,100,100
68.6949,100,100
68.6946,100,100
68.6942,100,100
68.6939,100,100
68.6935,100,100
68.6932,100,100
68.6928,100,100
68.6924,100,100
68.6921,100,100
68.6917,100,100
68.6914,100,100
68.691,100,100
68.6907,100,100
68.6903,100,100
68.6899,100,100
68.6896,100,100
68.6892,100,100
68.6889,100,100
68.6885,100,100
68.6882,100,100
68.6878,100,100
68.6874,100,100
68.6871,100,100
68.6867,100,100
68.6864,100,100
68.686,100,100
68.6856,100,100
68.6853,100,100
68.6849,100,100
68.6846,100,100
68.6842,100,100
68.6839,100,100
68.6835,100,100
68.6831,100,100
68.6828,100,100
68.6824,100,100
68.6821,100,100
68.6817,100,100
68.6814,100,100
68.681,100,100
68.6806,100,100
68.6803,100,100
68.6799,100,100
68.6796,100,100
68.6792,100,100
68.6789,100,100
68.6785,100,100
68.6781,100,100
68.6778,100,100
68.6774,100,100
68.6771,100,100
68.6768,100,100
68.6764,100,100
68.6761,100,100
68.6758,100,100
68.6755,100,100
68.6751,100,100
68.6748,100,100
68.6745,100,100
68.6741,100,100
68.6738,100,100
68.6735,100,100
68.6732,100,100
68.6728,100,100
68.6725,100,100
68.6722,100,100
68.6718,100,100
68.6715,100,100
68.6712,100,100
68.6709,100,100
68.6705,100,100
68.6702,100,100
68.6699,100,100
68.6696,100,100
68.6692,100,100
68.6689,100,100
68.6686,100,100
68.6682,100,100
68.6679,100,100
68.6676,100,100
68.6673,100,100
68.6669,100,100
68.6666,100,100
68.6663,100,100
68.666,100,100
68.6656,100,100
68.6653,100,100
68.665,100,100
68.6646,100,100
68.6643,100,100
68.664,100,100
68.6637,100,100
68.6633,100,100
68.663,100,100
68.6627,100,100
68.6623,100,100
68.662,100,100
68.6617,100,100
68.6614,100,100
68.661,100,100
68.6607,100,100
68.6604,100,100
68.6601,100,100
68.6597,100,100
68.6594,100,100
68.6591,100,100
68.6587,100,100
68.6584,100,100
68.6581,100,100
68.6578,100,100
68.6574,100,100
68.6571,100,100
68.6568,100,100
68.6564,100,100
68.6561,100,100
68.6558,100,100
68.6555,100,100
68.6551,100,100
68.6548,100,100
68.6545,100,100
68.6542,100,100
68.6538,100,100
68.6535,100,100
68.6532,100,100
68.6528,100,100
68.6525,100,100
68.6522,100,100
68.6519,100,100
68.6515,100,100
68.6512,100,100
68.6509,100,100
68.6506,100,100
68.6502,100,100
68.6499,100,100
68.6496,100,100
68.6492,100,100
68.6489,100,100
68.6486,100,100
68.6483,100,100
68.6479,100,100
68.6476,100,100
68.6473,100,100
68.6469,100,100
68.6466,100,100
68.6463,100,100
68.646,100,100
68.6456,100,100
68.6453,100,100
68.645,100,100
68.6447,100,100
68.6443,100,100
68.644,100,100
68.6437,100,100
68.6434,100,100
68.6431,100,100
68.6428,100,100
68.6425,100,100
68.6422,100,100
68.6419,100,100
68.6416,100,100
68.6413,100,100
68.641,100,100
68.6407,100,100
68.6404,100,100
68.6401,100,100
68.6398,100,100
68.6395,100,100
68.6392,100,100
68.6389,100,100
68.6386,100,100
68.6383,100,100
68.638,100,100
68.6377,100,100
68.6374,100,100
68.6371,100,100
68.6368,100,100
68.6365,100,100
68.6362,100,100
68.6359,100,100
68.6356,100,100
68.6353,100,100
68.635,100,100
68.6347,100,100
68.6343,100,100
68.634,100,100
68.6337,100,100
68.6334,100,100
68.6331,100,100
68.6328,100,100
68.6325,100,100
68.6322,100,100
68.6319,100,100
68.6316,100,100
68.6313,100,100
68.631,100,100
68.6307,100,100
68.6304,100,100
68.6301,100,100
68.6298,100,100
68.6295,100,100
68.6292,100,100
68.6289,100,100
68.6286,100,100
68.6283,100,100
68.628,100,100
68.6277,100,100
68.6274,100,100
68.6271,100,100
68.6268,100,100
68.6265,100,100
68.6262,100,100
68.6259,100,100
68.6256,100,100
68.6253,100,100
68.625,100,100
68.6247,100,100
68.6244,100,100
68.624,100,100
68.6237,100,100
68.6234,100,100
68.6231,100,100
68.6228,100,100
68.6225,100,100
68.6222,100,100
68.6219,100,100
68.6216,100,100
68.6213,100,100
68.621,100,100
68.6207,100,100
68.6204,100,100
68.6201,100,100
68.6198,100,100
68.6195,100,100
68.6192,100,100
68.6189,100,100
68.6186,100,100
68.6183,100,100
68.618,100,100
68.6177,100,100
68.6174,100,100
68.6171,100,100
68.6168,100,100
68.6165,100,100
68.6162,100,100
68.6159,100,100
68.6156,100,100
68.6153,100,100
68.615,100,100
68.6147,100,100
68.6144,100,100
68.6141,100,100
68.6138,100,100
68.6135,100,100
68.6132,100,100
68.6129,100,100
68.6126,100,100
68.6123,100,100
68.6121,100,100
68.6118,100,100
68.6115,100,100
68.6112,100,100
68.6109,100,100
68.6106,100,100
68.6103,100,100
68.6101,100,100
68.6098,100,100
68.6095,100,100
68.6092,100,100
68.6089,100,100
68.6086,100,100
68.6083,100,100
68.608,100,100
68.6078,100,100
68.6075,100,100
68.6072,100,100
68.6069,100,100
68.6066,100,100
68.6063,100,100
68.606,100,100
68.6057,100,100
68.6055,100,100
68.6052,100,100
68.6049,100,100
68.6046,100,100
68.6043,100,100
68.604,100,100
68.6037,100,100
68.6035,100,100
68.6032,100,100
68.6029,100,100
68.6026,100,100
68.6023,100,100
68.602,100,100
68.6017,100,100
68.6014,100,100
68.6012,100,100
68.6009,100,100
68.6006,100,100
68.6003,100,100
68.6,100,100
68.5997,100,100
68.5994,100,100
68.5992,100,100
68.5989,100,100
68.5986,100,100
68.5983,100,100
68.598,100,100
68.5977,100,100
68.5974,100,100
68.5971,100,100
68.5969,100,100
68.5966,100,100
68.5963,100,100
68.596,100,100
68.5957,100,100
68.5954,100,100
68.5951,100,100
68.5948,100,100
68.5946,100,100
68.5943,100,100
68.594,100,100
68.5937,100,100
68.5934,100,100
68.5931,100,100
68.5928,100,100
68.5926,100,100
68.5923,100,100
68.592,100,100
68.5917,100,100
68.5914,100,100
68.5911,100,100
68.5908,100,100
68.5905,100,100
68.5903,100,100
68.59,100,100
68.5897,100,100
68.5894,100,100
68.5891,100,100
68.5888,100,100
68.5885,100,100
68.5883,100,100
68.588,100,100
68.5877,100,100
68.5874,100,100
68.5871,100,100
68.5868,100,100
68.5865,100,100
68.5862,100,100
68.586,100,100
68.5857,100,100
68.5854,100,100
68.5851,100,100
68.5848,100,100
68.5845,100,100
68.5842,100,100
68.5839,100,100
68.5836,100,100
68.5834,100,100
68.5831,100,100
68.5828,100,100
68.5825,100,100
68.5822,100,100
68.5819,100,100
68.5816,100,100
68.5813,100,100
68.581,100,100
68.5807,100,100
68.5805,100,100
68.5802,100,100
68.5799,100,100
68.5796,100,100
68.5793,100,100
68.579,100,100
68.5787,100,100
68.5784,100,100
68.5781,100,100
68.5778,100,100
68.5776,100,100
68.5773,100,100
68.577,100,100
68.5767,100,100
68.5764,100,100
68.5761,100,100
68.5758,100,100
68.5755,100,100
68.5752,100,100
68.5749,100,100
68.5746,100,100
68.5744,100,100
68.5741,100,100
68.5738,100,100
68.5735,100,100
68.5732,100,100
68.5729,100,100
68.5726,100,100
68.5723,100,100
68.572,100,100
68.5717,100,100
68.5715,100,100
68.5712,100,100
68.5709,100,100
68.5706,100,100
68.5703,100,100
68.57,100,100
68.5697,100,100
68.5694,100,100
68.5691,100,100
68.5688,100,100
68.5686,100,100
68.5683,100,100
68.568,100,100
68.5677,100,100
68.5674,100,100
68.5671,100,100
68.5668,100,100
68.5665,100,100
68.5662,100,100
68.5659,100,100
68.5657,100,100
68.5654,100,100
68.5651,100,100
68.5648,100,100
68.5645,100,100
68.5642,100,100
68.5639,100,100
68.5636,100,100
68.5633,100,100
68.563,100,100
68.5628,100,100
68.5625,100,100
68.5622,100,100
68.5619,100,100
68.5616,100,100
68.5613,100,100
68.561,100,100
68.5607,100,100
68.5604,100,100
68.5601,100,100
68.5599,100,100
68.5596,100,100
68.5593,100,100
68.559,100,100
68.5587,100,100
68.5584,100,100
68.5581,100,100
68.5578,100,100
68.5575,100,100
68.5572,100,100
68.557,100,100
68.5567,100,100
68.5563,100,100
68.556,100,100
68.5557,100,100
68.5553,100,100
68.555,100,100
68.5547,100,100
68.5543,100,100
68.554,100,100
68.5537,100,100
68.5533,100,100
68.553,100,100
68.5527,100,100
68.5523,100,100
68.552,100,100
68.5517,100,100
68.5513,100,100
68.551,100,100
68.5507,100,100
68.5504,100,100
68.55,100,100
68.5497,100,100
68.5494,100,100
68.549,100,100
68.5487,100,100
68.5484,100,100
68.548,100,100
68.5477,100,100
68.5474,100,100
68.547,100,100
68.5467,100,100
68.5464,100,100
68.546,100,100
68.5457,100,100
68.5454,100,100
68.545,100,100
68.5447,100,100
68.5444,100,100
68.544,100,100
68.5437,100,100
68.5434,100,100
68.543,100,100
68.5427,100,100
68.5424,100,100
68.542,100,100
68.5417,100,100
68.5414,100,100
68.541,100,100
68.5407,100,100
68.5404,100,100
68.54,100,100
68.5397,100,100
68.5394,100,100
68.539,100,100
68.5387,100,100
68.5384,100,100
68.538,100,100
68.5377,100,100
68.5374,100,100
68.537,100,100
68.5367,100,100
68.5364,100,100
68.536,100,100
68.5357,100,100
68.5354,100,100
68.535,100,100
68.5347,100,100
68.5344,100,100
68.534,100,100
68.5337,100,100
68.5334,100,100
68.533,100,100
68.5327,100,100
68.5324,100,100
68.532,100,100
68.5317,100,100
68.5314,100,100
68.531,100,100
68.5307,100,100
68.5304,100,100
68.53,100,100
68.5297,100,100
68.5294,100,100
68.5291,100,100
68.5287,100,100
68.5284,100,100
68.5281,100,100
68.5277,100,100
68.5274,100,100
68.5271,100,100
68.5267,100,100
68.5264,100,100
68.5261,100,100
68.5257,100,100
68.5254,100,100
68.5251,100,100
68.5247,100,100
68.5244,100,100
68.5241,100,100
68.5237,100,100
68.5234,100,100
68.523,100,100
68.5226,100,100
68.5222,100,100
68.5218,100,100
68.5214,100,100
68.521,100,100
68.5206,100,100
68.5202,100,100
68.5198,100,100
68.5194,100,100
68.519,100,100
68.5186,100,100
68.5181,100,100
68.5177,100,100
68.5173,100,100
68.5169,100,100
68.5165,100,100
68.5161,100,100
68.5157,100,100
68.5153,100,100
68.5149,100,100
68.5145,100,100
68.5141,100,100
68.5137,100,100
68.5133,100,100
68.5129,100,100
68.5125,100,100
68.5121,100,100
68.5117,100,100
68.5113,100,100
68.5109,100,100
68.5105,100,100
68.5101,100,100
68.5097,100,100
68.5093,100,100
68.5088,100,100
68.5084,100,100
68.508,100,100
68.5076,100,100
68.5072,100,100
68.5068,100,100
68.5064,100,100
68.506,100,100
68.5056,100,100
68.5052,100,100
68.5048,100,100
68.5044,100,100
68.504,100,100
68.5036,100,100
68.5032,100,100
68.5028,100,100
68.5024,100,100
68.502,100,100
68.5016,100,100
68.5012,100,100
68.5008,100,100
68.5004,100,100
68.4999,100,100
68.4995,100,100
68.4991,100,100
68.4987,100,100
68.4983,100,100
68.4979,100,100
68.4975,100,100
68.4971,100,100
68.4967,100,100
68.4963,100,100
68.4959,100,100
68.4955,100,100
68.4951,100,100
68.4947,100,100
68.4943,100,100
68.4939,100,100
68.4935,100,100
68.4931,100,100
68.4927,100,100
68.4923,100,100
68.4919,100,100
68.4915,100,100
68.4911,100,100
68.4906,100,100
68.4902,100,100
68.4898,100,100
68.4894,100,100
68.489,100,100
68.4886,100,100
68.4882,100,100
68.4878,100,100
68.4874,100,100
68.487,100,100
68.4866,100,100
68.4862,100,100
68.4858,100,100
68.4854,100,100
68.485,100,100
68.4846,100,100
68.4842,100,100
68.4838,100,100
68.4834,100,100
68.483,100,100
68.4825,100,100
68.4821,100,100
68.4816,100,100
68.4811,100,100
68.4807,100,100
68.4802,100,100
68.4798,100,100
68.4793,100,100
68.4789,100,100
68.4784,100,100
68.4779,100,100
68.4775,100,100
68.477,100,100
68.4766,100,100
68.4761,100,100
68.4757,100,100
68.4752,100,100
68.4747,100,100
68.4743,100,100
68.4738,100,100
68.4734,100,100
68.4729,100,100
68.4724,100,100
68.472,100,100
68.4715,100,100
68.4711,100,100
68.4706,100,100
68.4702,100,100
68.4697,100,100
68.4692,100,100
68.4688,100,100
68.4683,100,100
68.4679,100,100
68.4674,100,100
68.467,100,100
68.4665,100,100
68.466,100,100
68.4656,100,100
68.4651,100,100
68.4647,100,100
68.4642,100,100
68.4638,100,100
68.4633,100,100
68.4628,100,100
68.4624,100,100
68.4619,100,100
68.4615,100,100
68.461,100,100
68.4605,100,100
68.4601,100,100
68.4596,100,100
68.4592,100,100
68.4587,100,100
68.4583,100,100
68.4578,100,100
68.4573,100,100
68.4569,100,100
68.4564,100,100
68.456,100,100
68.4555,100,100
68.4551,100,100
68.4546,100,100
68.4541,100,100
68.4537,100,100
68.4532,100,100
68.4528,100,100
68.4523,100,100
68.4519,100,100
68.4514,100,100
68.4509,100,100
68.4505,100,100
68.45,100,100
68.4496,100,100
68.4491,100,100
68.4486,100,100
68.4482,100,100
68.4477,100,100
68.4473,100,100
68.4468,100,100
68.4464,100,100
68.4459,100,100
68.4454,100,100
68.445,100,100
68.4445,100,100
68.4441,100,100
68.4436,100,100
68.4432,100,100
68.4427,100,100
68.4422,100,100
68.4418,100,100
68.4413,100,100
68.4409,100,100
68.4404,100,100
68.44,100,100
68.4395,100,100
68.439,100,100
68.4386,100,100
68.4381,100,100
68.4377,100,100
68.4372,100,100
68.4367,100,100
68.4362,100,100
68.4357,100,100
68.4352,100,100
68.4348,100,100
68.4343,100,100
68.4338,100,100
68.4333,100,100
68.4328,100,100
68.4323,100,100
68.4318,100,100
68.4313,100,100
68.4308,100,100
68.4303,100,100
68.4298,100,100
68.4294,100,100
68.4289,100,100
68.4284,100,100
68.4279,100,100
68.4274,100,100
68.4269,100,100
68.4264,100,100
68.4259,100,100
68.4254,100,100
68.4249,100,100
68.4244,100,100
68.424,100,100
68.4235,100,100
68.423,100,100
68.4225,100,100
68.422,100,100
68.4215,100,100
68.421,100,100
68.4205,100,100
68.42,100,100
68.4195,100,100
68.419,100,100
68.4186,100,100
68.4181,100,100
68.4176,100,100
68.4171,100,100
68.4166,100,100
68.4161,100,100
68.4156,100,100
68.4151,100,100
68.4146,100,100
68.4141,100,100
68.4136,100,100
68.4132,100,100
68.4127,100,100
68.4122,100,100
68.4117,100,100
68.4112,100,100
68.4107,100,100
68.4102,100,100
68.4097,100,100
68.4092,100,100
68.4087,100,100
68.4082,100,100
68.4077,100,100
68.4073,100,100
68.4068,100,100
68.4063,100,100
68.4058,100,100
68.4053,100,100
68.4048,100,100
68.4043,100,100
68.4038,100,100
68.4033,100,100
68.4028,100,100
68.4023,100,100
68.4019,100,100
68.4014,100,100
68.4009,100,100
68.4004,100,100
68.3999,100,100
68.3994,100,100
68.3989,100,100
68.3984,100,100
68.3979,100,100
68.3974,100,100
68.3969,100,100
68.3965,100,100
68.396,100,100
68.3955,100,100
68.395,100,100
68.3945,100,100
68.394,100,100
68.3935,100,100
68.393,100,100
68.3925,100,100
68.392,100,100
68.3915,100,100
68.3911,100,100
68.3906,100,100
68.3901,100,100
68.3896,100,100
68.3891,100,100
68.3886,100,100
68.3881,100,100
68.3876,100,100
68.3871,100,100
68.3866,100,100
68.3861,100,100
68.3856,100,100
68.3852,100,100
68.3847,100,100
68.3842,100,100
68.3837,100,100
68.3832,100,100
68.3827,100,100
68.3822,100,100
68.3817,100,100
68.3812,100,100
68.3807,100,100
68.3802,100,100
68.3797,100,100
68.3792,100,100
68.3788,100,100
68.3783,100,100
68.3778,100,100
68.3773,100,100
68.3768,100,100
68.3763,100,100
68.3758,100,100
68.3753,100,100
68.3748,100,100
68.3743,100,100
68.3738,100,100
68.3733,100,100
68.3728,100,100
68.3724,100,100
68.3719,100,100
68.3714,100,100
68.3709,100,100
68.3704,100,100
68.3699,100,100
68.3694,100,100
68.3689,100,100
68.3684,100,100
68.3679,100,100
68.3674,100,100
68.3669,100,100
68.3664,100,100
68.3659,100,100
68.3655,100,100
68.365,100,100
68.3645,100,100
68.364,100,100
68.3635,100,100
68.363,100,100
68.3625,100,100
68.362,100,100
68.3615,100,100
68.361,100,100
68.3605,100,100
68.36,100,100
68.3595,100,100
68.3591,100,100
68.3586,100,100
68.3581,100,100
68.3576,100,100
68.3571,100,100
68.3566,100,100
68.3561,100,100
68.3556,100,100
68.3551,100,100
68.3546,100,100
68.3541,100,100
68.3536,100,100
68.3531,100,100
68.3527,100,100
68.3522,100,100
68.3517,100,100
68.3512,100,100
68.3507,100,100
68.3502,100,100
68.3497,100,100
68.3492,100,100
68.3487,100,100
68.3482,100,100
68.3477,100,100
68.3472,100,100
68.3467,100,100
68.3463,100,100
68.3458,100,100
68.3453,100,100
68.3448,100,100
68.3443,100,100
68.3438,100,100
68.3433,100,100
68.3428,100,100
68.3423,100,100
68.3418,100,100
68.3413,100,100
68.3408,100,100
68.3403,100,100
68.3398,100,100
68.3394,100,100
68.3389,100,100
68.3384,100,100
68.3379,100,100
68.3374,100,100
68.3369,100,100
68.3364,100,100
68.3359,100,100
68.3354,100,100
68.3349,100,100
68.3344,100,100
68.3339,100,100
68.3334,100,100
68.3329,100,100
68.3324,100,100
68.3319,100,100
68.3314,100,100
68.3309,100,100
68.3304,100,100
68.3299,100,100
68.3294,100,100
68.3289,100,100
68.3284,100,100
68.3279,100,100
68.3274,100,100
68.3269,100,100
68.3264,100,100
68.3259,100,100
68.3254,100,100
68.3249,100,100
68.3244,100,100
68.3239,100,100
68.3234,100,100
68.3229,100,100
68.3224,100,100
68.3219,100,100
68.3214,100,100
68.3209,100,100
68.3204,100,100
68.3199,100,100
68.3194,100,100
68.3189,100,100
68.3184,100,100
68.3179,100,100
68.3175,100,100
68.317,100,100
68.3165,100,100
68.316,100,100
68.3155,100,100
68.315,100,100
68.3145,100,100
68.314,100,100
68.3135,100,100
68.313,100,100
68.3125,100,100
68.312,100,100
68.3115,100,100
68.311,100,100
68.3105,100,100
68.31,100,100
68.3095,100,100
68.309,100,100
68.3085,100,100
68.308,100,100
68.3075,100,100
68.307,100,100
68.3065,100,100
68.306,100,100
68.3055,100,100
68.305,100,100
68.3045,100,100
68.304,100,100
68.3035,100,100
68.303,100,100
68.3025,100,100
68.302,100,100
68.3015,100,100
68.301,100,100
68.3005,100,100
68.3,100,100
68.2995,100,100
68.299,100,100
68.2985,100,100
68.298,100,100
68.2975,100,100
68.297,100,100
68.2965,100,100
68.296,100,100
68.2955,100,100
68.295,100,100
68.2945,100,100
68.294,100,100
68.2935,100,100
68.293,100,100
68.2926,100,100
68.2921,100,100
68.2916,100,100
68.2911,100,100
68.2906,100,100
68.2901,100,100
68.2896,100,100
68.2891,100,100
68.2886,100,100
68.2881,100,100
68.2876,100,100
68.2871,100,100
68.2866,100,100
68.2861,100,100
68.2856,100,100
68.2851,100,100
68.2846,100,100
68.284,100,100
68.2835,100,100
68.283,100,100
68.2825,100,100
68.282,100,100
68.2815,100,100
68.281,100,100
68.2805,100,100
68.28,100,100
68.2795,100,100
68.279,100,100
68.2785,100,100
68.278,100,100
68.2775,100,100
68.277,100,100
68.2765,100,100
68.276,100,100
68.2755,100,100
68.275,100,100
68.2745,100,100
68.274,100,100
68.2735,100,100
68.273,100,100
68.2725,100,100
68.272,100,100
68.2715,100,100
68.271,100,100
68.2705,100,100
68.27,100,100
68.2695,100,100
68.269,100,100
68.2685,100,100
68.268,100,100
68.2675,100,100
68.267,100,100
68.2665,100,100
68.266,100,100
68.2655,100,100
68.265,100,100
68.2645,100,100
68.264,100,100
68.2635,100,100
68.263,100,100
68.2625,100,100
68.262,100,100
68.2615,100,100
68.261,100,100
68.2605,100,100
68.26,100,100
68.2595,100,100
68.259,100,100
68.2585,100,100
68.258,100,100
68.2575,100,100
68.257,100,100
68.2565,100,100
68.256,100,100
68.2554,100,100
68.2549,100,100
68.2544,100,100
68.2539,100,100
68.2534,100,100
68.2529,100,100
68.2524,100,100
68.2519,100,100
68.2514,100,100
68.2509,100,100
68.2504,100,100
68.2499,100,100
68.2494,100,100
68.2489,100,100
68.2484,100,100
68.2479,100,100
68.2474,100,100
68.2469,100,100
68.2464,100,100
68.2459,100,100
68.2454,100,100
68.2449,100,100
68.2444,100,100
68.2439,100,100
68.2434,100,100
68.2429,100,100
68.2424,100,100
68.2419,100,100
68.2414,100,100
68.2409,100,100
68.2404,100,100
68.2399,100,100
68.2394,100,100
68.2389,100,100
68.2384,100,100
68.2378,100,100
68.2373,100,100
68.2368,100,100
68.2362,100,100
68.2357,100,100
68.2352,100,100
68.2346,100,100
68.2341,100,100
68.2336,100,100
68.2331,100,100
68.2325,100,100
68.232,100,100
68.2315,100,100
68.2309,100,100
68.2304,100,100
68.2299,100,100
68.2293,100,100
68.2288,100,100
68.2283,100,100
68.2277,100,100
68.2272,100,100
68.2267,100,100
68.2261,100,100
68.2256,100,100
68.2251,100,100
68.2246,100,100
68.224,100,100
68.2235,100,100
68.223,100,100
68.2224,100,100
68.2219,100,100
68.2214,100,100
68.2208,100,100
68.2203,100,100
68.2198,100,100
68.2192,100,100
68.2187,100,100
68.2182,100,100
68.2177,100,100
68.2171,100,100
68.2166,100,100
68.2161,100,100
68.2155,100,100
68.215,100,100
68.2145,100,100
68.2139,100,100
68.2134,100,100
68.2129,100,100
68.2123,100,100
68.2118,100,100
68.2113,100,100
68.2107,100,100
68.2102,100,100
68.2097,100,100
68.2092,100,100
68.2086,100,100
68.2081,100,100
68.2076,100,100
68.207,100,100
68.2065,100,100
68.206,100,100
68.2054,100,100
68.2049,100,100
68.2044,100,100
68.2038,100,100
68.2033,100,100
68.2028,100,100
68.2022,100,100
68.2017,100,100
68.2012,100,100
68.2007,100,100
68.2001,100,100
68.1996,100,100
68.1991,100,100
68.1985,100,100
68.198,100,100
68.1975,100,100
68.1969,100,100
68.1964,100,100
68.1959,100,100
68.1953,100,100
68.1948,100,100
68.1943,100,100
68.1937,100,100
68.1932,100,100
68.1927,100,100
68.1922,100,100
68.1916,100,100
68.1911,100,100
68.1906,100,100
68.19,100,100
68.1895,100,100
68.189,100,100
68.1884,100,100
68.1879,100,100
68.1874,100,100
68.1868,100,100
68.1863,100,100
68.1858,100,100
68.1852,100,100
68.1847,100,100
68.1842,100,100
68.1836,100,100
68.1831,100,100
68.1825,100,100
68.182,100,100
68.1814,100,100
68.1809,100,100
68.1803,100,100
68.1798,100,100
68.1793,100,100
68.1787,100,100
68.1782,100,100
68.1776,100,100
68.1771,100,100
68.1765,100,100
68.176,100,100
68.1754,100,100
68.1749,100,100
68.1744,100,100
68.1738,100,100
68.1733,100,100
68.1727,100,100
68.1722,100,100
68.1716,100,100
68.1711,100,100
68.1705,100,100
68.17,100,100
68.1695,100,100
68.1689,100,100
68.1684,100,100
68.1678,100,100
68.1673,100,100
68.1667,100,100
68.1662,100,100
68.1656,100,100
68.1651,100,100
68.1646,100,100
68.164,100,100
68.1635,100,100
68.1629,100,100
68.1624,100,100
68.1618,100,100
68.1613,100,100
68.1607,100,100
68.1602,100,100
68.1597,100,100
68.1591,100,100
68.1586,100,100
68.158,100,100
68.1575,100,100
68.1569,100,100
68.1564,100,100
68.1558,100,100
68.1553,100,100
68.1548,100,100
68.1542,100,100
68.1537,100,100
68.1531,100,100
68.1526,100,100
68.152,100,100
68.1515,100,100
68.1509,100,100
68.1504,100,100
68.1499,100,100
68.1493,100,100
68.1488,100,100
68.1482,100,100
68.1477,100,100
68.1471,100,100
68.1466,100,100
68.146,100,100
68.1455,100,100
68.145,100,100
68.1444,100,100
68.1439,100,100
68.1433,100,100
68.1428,100,100
68.1422,100,100
68.1417,100,100
68.1411,100,100
68.1406,100,100
68.1401,100,100
68.1395,100,100
68.139,100,100
68.1384,100,100
68.1379,100,100
68.1373,100,100
68.1368,100,100
68.1362,100,100
68.1357,100,100
68.1352,100,100
68.1346,100,100
68.1341,100,100
68.1335,100,100
68.133,100,100
68.1324,100,100
68.1319,100,100
68.1314,100,100
68.1308,100,100
68.1303,100,100
68.1298,100,100
68.1292,100,100
68.1287,100,100
68.1282,100,100
68.1276,100,100
68.1271,100,100
68.1266,100,100
68.126,100,100
68.1255,100,100
68.125,100,100
68.1244,100,100
68.1239,100,100
68.1234,100,100
68.1228,100,100
68.1223,100,100
68.1218,100,100
68.1212,100,100
68.1207,100,100
68.1202,100,100
68.1196,100,100
68.1191,100,100
68.1186,100,100
68.118,100,100
68.1175,100,100
68.117,100,100
68.1164,100,100
68.1159,100,100
68.1154,100,100
68.1148,100,100
68.1143,100,100
68.1138,100,100
68.1133,100,100
68.1127,100,100
68.1122,100,100
68.1117,100,100
68.1111,100,100
68.1106,100,100
68.1101,100,100
68.1095,100,100
68.109,100,100
68.1085,100,100
68.1079,100,100
68.1074,100,100
68.1069,100,100
68.1063,100,100
68.1058,100,100
68.1053,100,100
68.1047,100,100
68.1042,100,100
68.1037,100,100
68.1031,100,100
68.1026,100,100
68.1021,100,100
68.1015,100,100
68.101,100,100
68.1005,100,100
68.0999,100,100
68.0994,100,100
68.0989,100,100
68.0983,100,100
68.0978,100,100
68.0973,100,100
68.0968,100,100
68.0962,100,100
68.0957,100,100
68.0952,100,100
68.0946,100,100
68.0941,100,100
68.0936,100,100
68.093,100,100
68.0925,100,100
68.092,100,100
68.0914,100,100
68.0909,100,100
68.0904,100,100
68.0898,100,100
68.0893,100,100
68.0888,100,100
68.0882,100,100
68.0877,100,100
68.0872,100,100
68.0866,100,100
68.0861,100,100
68.0856,100,100
68.085,100,100
68.0845,100,100
68.084,100,100
68.0834,100,100
68.0829,100,100
68.0824,100,100
68.0818,100,100
68.0813,100,100
68.0808,100,100
68.0803,100,100
68.0797,100,100
68.0792,100,100
68.0787,100,100
68.0781,100,100
68.0776,100,100
68.077,100,100
68.0765,100,100
68.0759,100,100
68.0754,100,100
68.0748,100,100
68.0743,100,100
68.0737,100,100
68.0732,100,100
68.0726,100,100
68.0721,100,100
68.0716,100,100
68.071,100,100
68.0705,100,100
68.0699,100,100
68.0694,100,100
68.0688,100,100
68.0683,100,100
68.0677,100,100
68.0672,100,100
68.0666,100,100
68.0661,100,100
68.0655,100,100
68.065,100,100
68.0644,100,100
68.0639,100,100
68.0633,100,100
68.0628,100,100
68.0622,100,100
68.0617,100,100
68.0611,100,100
68.0606,100,100
68.0601,100,100
68.0595,100,100
68.059,100,100
68.0584,100,100
68.0579,100,100
68.0573,100,100
68.0568,100,100
68.0562,100,100
68.0557,100,100
68.0551,100,100
68.0546,100,100
68.054,100,100
68.0535,100,100
68.0529,100,100
68.0524,100,100
68.0518,100,100
68.0513,100,100
68.0507,100,100
68.0502,100,100
68.0496,100,100
68.0491,100,100
68.0486,100,100
68.048,100,100
68.0475,100,100
68.0469,100,100
68.0464,100,100
68.0458,100,100
68.0453,100,100
68.0447,100,100
68.0442,100,100
68.0436,100,100
68.0431,100,100
68.0425,100,100
68.042,100,100
68.0414,100,100
68.0409,100,100
68.0403,100,100
68.0398,100,100
68.0392,100,100
68.0387,100,100
68.0381,100,100
68.0376,100,100
68.037,100,100
68.0365,100,100
68.036,100,100
68.0354,100,100
68.0349,100,100
68.0343,100,100
68.0338,100,100
68.0332,100,100
68.0327,100,100
68.0321,100,100
68.0316,100,100
68.031,100,100
68.0305,100,100
68.0299,100,100
68.0294,100,100
68.0288,100,100
68.0283,100,100
68.0277,100,100
68.0272,100,100
68.0266,100,100
68.0261,100,100
68.0255,100,100
68.025,100,100
68.0245,100,100
68.0239,100,100
68.0234,100,100
68.0227,100,100
68.0221,100,100
68.0214,100,100
68.0208,100,100
68.0202,100,100
68.0195,100,100
68.0189,100,100
68.0182,100,100
68.0176,100,100
68.0169,100,100
68.0163,100,100
68.0157,100,100
68.015,100,100
68.0144,100,100
68.0137,100,100
68.0131,100,100
68.0124,100,100
68.0118,100,100
68.0112,100,100
68.0105,100,100
68.0099,100,100
68.0092,100,100
68.0086,100,100
68.0079,100,100
68.0073,100,100
68.0067,100,100
68.006,100,100
68.0054,100,100
68.0047,100,100
68.0041,100,100
68.0034,100,100
68.0028,100,100
68.0022,100,100
68.0015,100,100
68.0009,100,100
68.0002,100,100
67.9996,100,100
67.999,100,100
67.9983,100,100
67.9977,100,100
67.997,100,100
67.9964,100,100
67.9957,100,100
67.9951,100,100
67.9945,100,100
67.9938,100,100
67.9932,100,100
67.9925,100,100
67.9919,100,100
67.9912,100,100
67.9906,100,100
67.99,100,100
67.9893,100,100
67.9887,100,100
67.988,100,100
67.9874,100,100
67.9867,100,100
67.9861,100,100
67.9855,100,100
67.9848,100,100
67.9842,100,100
67.9835,100,100
67.9829,100,100
67.9822,100,100
67.9816,100,100
67.981,100,100
67.9803,100,100
67.9797,100,100
67.979,100,100
67.9784,100,100
67.9777,100,100
67.9771,100,100
67.9765,100,100
67.9758,100,100
67.9752,100,100
67.9745,100,100
67.9739,100,100
67.9732,100,100
67.9726,100,100
67.972,100,100
67.9713,100,100
67.9707,100,100
67.97,100,100
67.9694,100,100
67.9687,100,100
67.9681,100,100
67.9675,100,100
67.9668,100,100
67.9662,100,100
67.9655,100,100
67.9649,100,100
67.9642,100,100
67.9636,100,100
67.963,100,100
67.9623,100,100
67.9617,100,100
67.961,100,100
67.9604,100,100
67.9597,100,100
67.9591,100,100
67.9584,100,100
67.9576,100,100
67.9569,100,100
67.9561,100,100
67.9554,100,100
67.9546,100,100
67.9538,100,100
67.9531,100,100
67.9523,100,100
67.9516,100,100
67.9508,100,100
67.9501,100,100
67.9493,100,100
67.9486,100,100
67.9478,100,100
67.947,100,100
67.9463,100,100
67.9455,100,100
67.9448,100,100
67.944,100,100
67.9433,100,100
67.9425,100,100
67.9418,100,100
67.941,100,100
67.9403,100,100
67.9395,100,100
67.9387,100,100
67.938,100,100
67.9372,100,100
67.9365,100,100
67.9357,100,100
67.935,100,100
67.9342,100,100
67.9335,100,100
67.9327,100,100
67.932,100,100
67.9312,100,100
67.9304,100,100
67.9297,100,100
67.9289,100,100
67.9282,100,100
67.9274,100,100
67.9267,100,100
67.9259,100,100
67.9252,100,100
67.9244,100,100
67.9237,100,100
67.9229,100,100
67.9221,100,100
67.9214,100,100
67.9206,100,100
67.9199,100,100
67.9191,100,100
67.9184,100,100
67.9176,100,100
67.9169,100,100
67.9161,100,100
67.9153,100,100
67.9146,100,100
67.9138,100,100
67.9131,100,100
67.9123,100,100
67.9116,100,100
67.9108,100,100
67.9101,100,100
67.9093,100,100
67.9086,100,100
67.9078,100,100
67.907,100,100
67.9063,100,100
67.9055,100,100
67.9048,100,100
67.904,100,100
67.9033,100,100
67.9025,100,100
67.9018,100,100
67.901,100,100
67.9003,100,100
67.8995,100,100
67.8987,100,100
67.898,100,100
67.8972,100,100
67.8965,100,100
67.8957,100,100
67.895,100,100
67.8942,100,100
67.8935,100,100
67.8927,100,100
67.892,100,100
67.8912,100,100
67.8904,100,100
67.8897,100,100
67.8889,100,100
67.8882,100,100
67.8874,100,100
67.8867,100,100
67.8859,100,100
67.8852,100,100
67.8844,100,100
67.8836,100,100
67.8828,100,100
67.882,100,100
67.8811,100,100
67.8803,100,100
67.8794,100,100
67.8786,100,100
67.8777,100,100
67.8769,100,100
67.876,100,100
67.8752,100,100
67.8743,100,100
67.8735,100,100
67.8726,100,100
67.8718,100,100
67.871,100,100
67.8701,100,100
67.8693,100,100
67.8684,100,100
67.8676,100,100
67.8667,100,100
67.8659,100,100
67.865,100,100
67.8642,100,100
67.8633,100,100
67.8625,100,100
67.8616,100,100
67.8608,100,100
67.8599,100,100
67.8591,100,100
67.8582,100,100
67.8574,100,100
67.8565,100,100
67.8557,100,100
67.8548,100,100
67.854,100,100
67.8532,100,100
67.8523,100,100
67.8515,100,100
67.8506,100,100
67.8498,100,100
67.8489,100,100
67.8481,100,100
67.8472,100,100
67.8464,100,100
67.8455,100,100
67.8447,100,100
67.8438,100,100
67.843,100,100
67.8421,100,100
67.8413,100,100
67.8404,100,100
67.8396,100,100
67.8387,100,100
67.8379,100,100
67.837,100,100
67.8362,100,100
67.8354,100,100
67.8345,100,100
67.8337,100,100
67.8328,100,100
67.832,100,100
67.8311,100,100
67.8303,100,100
67.8294,100,100
67.8286,100,100
67.8277,100,100
67.8269,100,100
67.826,100,100
67.8252,100,100
67.8243,100,100
67.8235,100,100
67.8226,100,100
67.8218,100,100
67.8209,100,100
67.8201,100,100
67.8192,100,100
67.8184,100,100
67.8176,100,100
67.8167,100,100
67.8159,100,100
67.815,100,100
67.8142,100,100
67.8133,100,100
67.8125,100,100
67.8116,100,100
67.8108,100,100
67.8099,100,100
67.8091,100,100
67.8082,100,100
67.8074,100,100
67.8065,100,100
67.8057,100,100
67.8048,100,100
67.804,100,100
67.8031,100,100
67.8023,100,100
67.8014,100,100
67.8006,100,100
67.7998,100,100
67.7989,100,100
67.798,100,100
67.7971,100,100
67.7962,100,100
67.7953,100,100
67.7943,100,100
67.7934,100,100
67.7925,100,100
67.7916,100,100
67.7907,100,100
67.7898,100,100
67.7888,100,100
67.7879,100,100
67.787,100,100
67.7861,100,100
67.7852,100,100
67.7843,100,100
67.7834,100,100
67.7824,100,100
67.7815,100,100
67.7806,100,100
67.7797,100,100
67.7788,100,100
67.7779,100,100
67.7769,100,100
67.776,100,100
67.7751,100,100
67.7742,100,100
67.7733,100,100
67.7724,100,100
67.7715,100,100
67.7705,100,100
67.7696,100,100
67.7687,100,100
67.7678,100,100
67.7669,100,100
67.766,100,100
67.765,100,100
67.7641,100,100
67.7632,100,100
67.7623,100,100
67.7614,100,100
67.7605,100,100
67.7596,100,100
67.7586,100,100
67.7577,100,100
67.7568,100,100
67.7559,100,100
67.755,100,100
67.7541,100,100
67.7531,100,100
67.7522,100,100
67.7513,100,100
67.7504,100,100
67.7495,100,100
67.7486,100,100
67.7477,100,100
67.7467,100,100
67.7458,100,100
67.7449,100,100
67.744,100,100
67.7431,100,100
67.7422,100,100
67.7412,100,100
67.7403,100,100
67.7394,100,100
67.7385,100,100
67.7376,100,100
67.7367,100,100
67.7358,100,100
67.7348,100,100
67.7339,100,100
67.733,100,100
67.7321,100,100
67.7312,100,100
67.7303,100,100
67.7293,100,100
67.7284,100,100
67.7275,100,100
67.7266,100,100
67.7257,100,100
67.7248,100,100
67.7239,100,100
67.7229,100,100
67.722,100,100
67.7211,100,100
67.7202,100,100
67.7193,100,100
67.7184,100,100
67.7174,100,100
67.7165,100,100
67.7156,100,100
67.7147,100,100
67.7138,100,100
67.7129,100,100
67.712,100,100
67.711,100,100
67.7101,100,100
67.7092,100,100
67.7083,100,100
67.7074,100,100
67.7064,100,100
67.7054,100,100
67.7045,100,100
67.7035,100,100
67.7025,100,100
67.7016,100,100
67.7006,100,100
67.6996,100,100
67.6987,100,100
67.6977,100,100
67.6967,100,100
67.6957,100,100
67.6948,100,100
67.6938,100,100
67.6928,100,100
67.6919,100,100
67.6909,100,100
67.6899,100,100
67.689,100,100
67.688,100,100
67.687,100,100
67.686,100,100
67.6851,100,100
67.6841,100,100
67.6831,100,100
67.6822,100,100
67.6812,100,100
67.6802,100,100
67.6792,100,100
67.6783,100,100
67.6773,100,100
67.6763,100,100
67.6754,100,100
67.6744,100,100
67.6734,100,100
67.6725,100,100
67.6715,100,100
67.6705,100,100
67.6695,100,100
67.6686,100,100
67.6676,100,100
67.6666,100,100
67.6657,100,100
67.6647,100,100
67.6637,100,100
67.6628,100,100
67.6618,100,100
67.6608,100,100
67.6598,100,100
67.6589,100,100
67.6579,100,100
67.6569,100,100
67.656,100,100
67.655,100,100
67.654,100,100
67.653,100,100
67.6521,100,100
67.6511,100,100
67.6501,100,100
67.6492,100,100
67.6482,100,100
67.6472,100,100
67.6463,100,100
67.6453,100,100
67.6443,100,100
67.6433,100,100
67.6424,100,100
67.6414,100,100
67.6404,100,100
67.6395,100,100
67.6385,100,100
67.6375,100,100
67.6366,100,100
67.6356,100,100
67.6346,100,100
67.6336,100,100
67.6327,100,100
67.6317,100,100
67.6307,100,100
67.6298,100,100
67.6288,100,100
67.6278,100,100
67.6269,100,100
67.6259,100,100
67.6249,100,100
67.6239,100,100
67.623,100,100
67.622,100,100
67.621,100,100
67.6201,100,100
67.6191,100,100
67.6181,100,100
67.6171,100,100
67.6162,100,100
67.6152,100,100
67.6142,100,100
67.6133,100,100
67.6123,100,100
67.6113,100,100
67.6104,100,100
67.6093,100,100
67.6083,100,100
67.6073,100,100
67.6063,100,100
67.6053,100,100
67.6043,100,100
67.6033,100,100
67.6022,100,100
67.6012,100,100
67.6002,100,100
67.5992,100,100
67.5982,100,100
67.5972,100,100
67.5962,100,100
67.5951,100,100
67.5941,100,100
67.5931,100,100
67.5921,100,100
67.5911,100,100
67.5901,100,100
67.5891,100,100
67.588,100,100
67.587,100,100
67.586,100,100
67.585,100,100
67.584,100,100
67.583,100,100
67.582,100,100
67.5809,100,100
67.5799,100,100
67.5789,100,100
67.5779,100,100
67.5769,100,100
67.5759,100,100
67.5749,100,100
67.5738,100,100
67.5728,100,100
67.5718,100,100
67.5708,100,100
67.5698,100,100
67.5688,100,100
67.5678,100,100
67.5667,100,100
67.5657,100,100
67.5647,100,100
67.5637,100,100
67.5627,100,100
67.5617,100,100
67.5606,100,100
67.5596,100,100
67.5586,100,100
67.5576,100,100
67.5566,100,100
67.5556,100,100
67.5546,100,100
67.5535,100,100
67.5525,100,100
67.5515,100,100
67.5505,100,100
67.5495,100,100
67.5485,100,100
67.5475,100,100
67.5464,100,100
67.5454,100,100
67.5444,100,100
67.5434,100,100
67.5424,100,100
67.5414,100,100
67.5404,100,100
67.5393,100,100
67.5383,100,100
67.5373,100,100
67.5363,100,100
67.5353,100,100
67.5343,100,100
67.5333,100,100
67.5322,100,100
67.5312,100,100
67.5302,100,100
67.5292,100,100
67.5282,100,100
67.5272,100,100
67.5262,100,100
67.5251,100,100
67.5241,100,100
67.5231,100,100
67.5221,100,100
67.5211,100,100
67.5201,100,100
67.5191,100,100
67.518,100,100
67.517,100,100
67.516,100,100
67.515,100,100
67.514,100,100
67.513,100,100
67.5119,100,100
67.5109,100,100
67.5099,100,100
67.5089,100,100
67.5079,100,100
67.5068,100,100
67.5058,100,100
67.5047,100,100
67.5037,100,100
67.5026,100,100
67.5016,100,100
67.5005,100,100
67.4995,100,100
67.4984,100,100
67.4974,100,100
67.4963,100,100
67.4953,100,100
67.4942,100,100
67.4932,100,100
67.4921,100,100
67.4911,100,100
67.49,100,100
67.489,100,100
67.488,100,100
67.4869,100,100
67.4859,100,100
67.4848,100,100
67.4838,100,100
67.4827,100,100
67.4817,100,100
67.4806,100,100
67.4796,100,100
67.4785,100,100
67.4775,100,100
67.4764,100,100
67.4754,100,100
67.4743,100,100
67.4733,100,100
67.4722,100,100
67.4712,100,100
67.4701,100,100
67.4691,100,100
67.468,100,100
67.467,100,100
67.4659,100,100
67.4649,100,100
67.4638,100,100
67.4628,100,100
67.4618,100,100
67.4607,100,100
67.4597,100,100
67.4586,100,100
67.4576,100,100
67.4565,100,100
67.4555,100,100
67.4544,100,100
67.4534,100,100
67.4523,100,100
67.4513,100,100
67.4502,100,100
67.4492,100,100
67.4481,100,100
67.4471,100,100
67.446,100,100
67.445,100,100
67.4439,100,100
67.4429,100,100
67.4418,100,100
67.4408,100,100
67.4397,100,100
67.4387,100,100
67.4376,100,100
67.4366,100,100
67.4355,100,100
67.4345,100,100
67.4335,100,100
67.4324,100,100
67.4314,100,100
67.4303,100,100
67.4293,100,100
67.4282,100,100
67.4272,100,100
67.4261,100,100
67.4251,100,100
67.424,100,100
67.423,100,100
67.4219,100,100
67.4209,100,100
67.4198,100,100
67.4188,100,100
67.4177,100,100
67.4167,100,100
67.4156,100,100
67.4146,100,100
67.4135,100,100
67.4125,100,100
67.4114,100,100
67.4104,100,100
67.4093,100,100
67.4083,100,100
67.4073,100,100
67.4062,100,100
67.4052,100,100
67.4041,100,100
67.403,100,100
67.402,100,100
67.4009,100,100
67.3998,100,100
67.3987,100,100
67.3977,100,100
67.3966,100,100
67.3955,100,100
67.3945,100,100
67.3934,100,100
67.3923,100,100
67.3912,100,100
67.3902,100,100
67.3891,100,100
67.388,100,100
67.3869,100,100
67.3859,100,100
67.3848,100,100
67.3837,100,100
67.3827,100,100
67.3816,100,100
67.3805,100,100
67.3794,100,100
67.3784,100,100
67.3773,100,100
67.3762,100,100
67.3751,100,100
67.3741,100,100
67.373,100,100
67.3719,100,100
67.3709,100,100
67.3698,100,100
67.3687,100,100
67.3676,100,100
67.3666,100,100
67.3655,100,100
67.3644,100,100
67.3633,100,100
67.3623,100,100
67.3612,100,100
67.3601,100,100
67.3591,100,100
67.358,100,100
67.3569,100,100
67.3558,100,100
67.3548,100,100
67.3537,100,100
67.3526,100,100
67.3515,100,100
67.3505,100,100
67.3494,100,100
67.3483,100,100
67.3473,100,100
67.3462,100,100
67.3451,100,100
67.344,100,100
67.343,100,100
67.3419,100,100
67.3408,100,100
67.3397,100,100
67.3387,100,100
67.3376,100,100
67.3365,100,100
67.3355,100,100
67.3344,100,100
67.3333,100,100
67.3322,100,100
67.3312,100,100
67.3301,100,100
67.329,100,100
67.3279,100,100
67.3269,100,100
67.3258,100,100
67.3247,100,100
67.3237,100,100
67.3226,100,100
67.3215,100,100
67.3204,100,100
67.3194,100,100
67.3183,100,100
67.3172,100,100
67.3161,100,100
67.3151,100,100
67.314,100,100
67.3129,100,100
67.3119,100,100
67.3108,100,100
67.3097,100,100
67.3086,100,100
67.3076,100,100
67.3065,100,100
67.3054,100,100
67.3043,100,100
67.3033,100,100
67.3022,100,100
67.3011,100,100
67.3001,100,100
67.299,100,100
67.2979,100,100
67.2968,100,100
67.2957,100,100
67.2947,100,100
67.2936,100,100
67.2925,100,100
67.2914,100,100
67.2903,100,100
67.2892,100,100
67.2881,100,100
67.287,100,100
67.2859,100,100
67.2848,100,100
67.2837,100,100
67.2826,100,100
67.2816,100,100
67.2805,100,100
67.2794,100,100
67.2783,100,100
67.2772,100,100
67.2761,100,100
67.275,100,100
67.2739,100,100
67.2728,100,100
67.2717,100,100
67.2706,100,100
67.2695,100,100
67.2684,100,100
67.2674,100,100
67.2663,100,100
67.2652,100,100
67.2641,100,100
67.263,100,100
67.2619,100,100
67.2608,100,100
67.2597,100,100
67.2586,100,100
67.2575,100,100
67.2564,100,100
67.2553,100,100
67.2543,100,100
67.2532,100,100
67.2521,100,100
67.251,100,100
67.2499,100,100
67.2488,100,100
67.2477,100,100
67.2466,100,100
67.2455,100,100
67.2444,100,100
67.2433,100,100
67.2422,100,100
67.2411,100,100
67.2401,100,100
67.239,100,100
67.2379,100,100
67.2368,100,100
67.2357,100,100
67.2346,100,100
67.2335,100,100
67.2324,100,100
67.2313,100,100
67.2302,100,100
67.2291,100,100
67.228,100,100
67.227,100,100
67.2259,100,100
67.2248,100,100
67.2237,100,100
67.2226,100,100
67.2215,100,100
67.2204,100,100
67.2193,100,100
67.2182,100,100
67.2171,100,100
67.216,100,100
67.2149,100,100
67.2138,100,100
67.2128,100,100
67.2117,100,100
67.2106,100,100
67.2095,100,100
67.2084,100,100
67.2073,100,100
67.2062,100,100
67.2051,100,100
67.204,100,100
67.2029,100,100
67.2018,100,100
67.2007,100,100
67.1997,100,100
67.1986,100,100
67.1975,100,100
67.1964,100,100
67.1953,100,100
67.1942,100,100
67.1931,100,100
67.192,100,100
67.1909,100,100
67.1898,100,100
67.1887,100,100
67.1876,100,100
67.1865,100,100
67.1854,100,100
67.1843,100,100
67.1832,100,100
67.1821,100,100
67.181,100,100
67.1799,100,100
67.1788,100,100
67.1777,100,100
67.1766,100,100
67.1754,100,100
67.1743,100,100
67.1732,100,100
67.1721,100,100
67.171,100,100
67.1699,100,100
67.1688,100,100
67.1677,100,100
67.1666,100,100
67.1655,100,100
67.1644,100,100
67.1633,100,100
67.1621,100,100
67.161,100,100
67.1599,100,100
67.1588,100,100
67.1577,100,100
67.1566,100,100
67.1555,100,100
67.1544,100,100
67.1533,100,100
67.1522,100,100
67.1511,100,100
67.15,100,100
67.1488,100,100
67.1477,100,100
67.1466,100,100
67.1455,100,100
67.1444,100,100
67.1433,100,100
67.1422,100,100
67.1411,100,100
67.14,100,100
67.1389,100,100
67.1378,100,100
67.1367,100,100
67.1355,100,100
67.1344,100,100
67.1333,100,100
67.1322,100,100
67.1311,100,100
67.13,100,100
67.1289,100,100
67.1278,100,100
67.1267,100,100
67.1256,100,100
67.1245,100,100
67.1234,100,100
67.1223,100,100
67.1211,100,100
67.12,100,100
67.1189,100,100
67.1178,100,100
67.1167,100,100
67.1156,100,100
67.1145,100,100
67.1134,100,100
67.1123,100,100
67.1112,100,100
67.1101,100,100
67.109,100,100
67.1078,100,100
67.1067,100,100
67.1056,100,100
67.1045,100,100
67.1034,100,100
67.1023,100,100
67.1012,100,100
67.1001,100,100
67.099,100,100
67.0979,100,100
67.0968,100,100
67.0957,100,100
67.0945,100,100
67.0934,100,100
67.0923,100,100
67.0912,100,100
67.0901,100,100
67.089,100,100
67.0879,100,100
67.0868,100,100
67.0857,100,100
67.0846,100,100
67.0835,100,100
67.0824,100,100
67.0812,100,100
67.0801,100,100
67.079,100,100
67.0779,100,100
67.0768,100,100
67.0757,100,100
67.0746,100,100
67.0734,100,100
67.0723,100,100
67.0712,100,100
67.0701,100,100
67.0689,100,100
67.0678,100,100
67.0667,100,100
67.0656,100,100
67.0645,100,100
67.0633,100,100
67.0622,100,100
67.0611,100,100
67.06,100,100
67.0588,100,100
67.0577,100,100
67.0566,100,100
67.0555,100,100
67.0543,100,100
67.0532,100,100
67.0521,100,100
67.051,100,100
67.0499,100,100
67.0487,100,100
67.0476,100,100
67.0465,100,100
67.0454,100,100
67.0442,100,100
67.0431,100,100
67.042,100,100
67.0409,100,100
67.0397,100,100
67.0386,100,100
67.0375,100,100
67.0364,100,100
67.0352,100,100
67.0341,100,100
67.033,100,100
67.0319,100,100
67.0308,100,100
67.0296,100,100
67.0285,100,100
67.0274,100,100
67.0263,100,100
67.0251,100,100
67.024,100,100
67.0229,100,100
67.0218,100,100
67.0206,100,100
67.0195,100,100
67.0184,100,100
67.0173,100,100
67.0162,100,100
67.015,100,100
67.0139,100,100
67.0128,100,100
67.0117,100,100
67.0105,100,100
67.0094,100,100
67.0083,100,100
67.0072,100,100
67.006,100,100
67.0049,100,100
67.0038,100,100
67.0027,100,100
67.0015,100,100
67.0004,100,100
66.9993,100,100
66.9982,100,100
66.9971,100,100
66.9959,100,100
66.9948,100,100
66.9937,100,100
66.9926,100,100
66.9914,100,100
66.9903,100,100
66.9892,100,100
66.9881,100,100
66.9869,100,100
66.9858,100,100
66.9847,100,100
66.9836,100,100
66.9824,100,100
66.9813,100,100
66.9802,100,100
66.9791,100,100
66.978,100,100
66.9768,100,100
66.9757,100,100
66.9746,100,100
66.9735,100,100
66.9723,100,100
66.9712,100,100
66.9701,100,100
66.969,100,100
66.9678,100,100
66.9667,100,100
66.9656,100,100
66.9645,100,100
66.9633,100,100
66.9622,100,100
66.9611,100,100
66.9599,100,100
66.9588,100,100
66.9577,100,100
66.9565,100,100
66.9554,100,100
66.9543,100,100
66.9531,100,100
66.952,100,100
66.9509,100,100
66.9497,100,100
66.9486,100,100
66.9474,100,100
66.9463,100,100
66.9452,100,100
66.944,100,100
66.9429,100,100
66.9418,100,100
66.9406,100,100
66.9395,100,100
66.9384,100,100
66.9372,100,100
66.9361,100,100
66.935,100,100
66.9338,100,100
66.9327,100,100
66.9316,100,100
66.9304,100,100
66.9293,100,100
66.9281,100,100
66.927,100,100
66.9259,100,100
66.9247,100,100
66.9236,100,100
66.9225,100,100
66.9213,100,100
66.9202,100,100
66.9191,100,100
66.9179,100,100
66.9168,100,100
66.9157,100,100
66.9145,100,100
66.9134,100,100
66.9122,100,100
66.9111,100,100
66.91,100,100
66.9088,100,100
66.9077,100,100
66.9066,100,100
66.9054,100,100
66.9043,100,100
66.9032,100,100
66.902,100,100
66.9009,100,100
66.8998,100,100
66.8986,100,100
66.8975,100,100
66.8964,100,100
66.8952,100,100
66.8941,100,100
66.8929,100,100
66.8918,100,100
66.8907,100,100
66.8895,100,100
66.8884,100,100
66.8873,100,100
66.8861,100,100
66.885,100,100
66.8839,100,100
66.8827,100,100
66.8816,100,100
66.8805,100,100
66.8793,100,100
66.8782,100,100
66.8771,100,100
66.8759,100,100
66.8748,100,100
66.8736,100,100
66.8725,100,100
66.8714,100,100
66.8702,100,100
66.8691,100,100
66.868,100,100
66.8668,100,100
66.8657,100,100
66.8646,100,100
66.8634,100,100
66.8623,100,100
66.8612,100,100
66.86,100,100
66.8589,100,100
66.8577,100,100
66.8566,100,100
66.8555,100,100
66.8543,100,100
66.8532,100,100
66.8521,100,100
66.8509,100,100
66.8498,100,100
66.8487,100,100
66.8475,100,100
66.8464,100,100
66.8452,100,100
66.8441,100,100
66.8429,100,100
66.8418,100,100
66.8406,100,100
66.8395,100,100
66.8384,100,100
66.8372,100,100
66.8361,100,100
66.8349,100,100
66.8338,100,100
66.8326,100,100
66.8315,100,100
66.8304,100,100
66.8292,100,100
66.8281,100,100
66.8269,100,100
66.8258,100,100
66.8246,100,100
66.8235,100,100
66.8224,100,100
66.8212,100,100
66.8201,100,100
66.8189,100,100
66.8178,100,100
66.8166,100,100
66.8155,100,100
66.8144,100,100
66.8132,100,100
66.8121,100,100
66.8109,100,100
66.8098,100,100
66.8086,100,100
66.8075,100,100
66.8063,100,100
66.8052,100,100
66.8041,100,100
66.8029,100,100
66.8018,100,100
66.8006,100,100
66.7995,100,100
66.7983,100,100
66.7972,100,100
66.7961,100,100
66.7949,100,100
66.7938,100,100
66.7926,100,100
66.7915,100,100
66.7903,100,100
66.7892,100,100
66.7881,100,100
66.7869,100,100
66.7858,100,100
66.7846,100,100
66.7835,100,100
66.7823,100,100
66.7812,100,100
66.7801,100,100
66.7789,100,100
66.7778,100,100
66.7766,100,100
66.7755,100,100
66.7743,100,100
66.7732,100,100
66.772,100,100
66.7709,100,100
66.7698,100,100
66.7686,100,100
66.7675,100,100
66.7663,100,100
66.7652,100,100
66.764,100,100
66.7629,100,100
66.7618,100,100
66.7606,100,100
66.7595,100,100
66.7583,100,100
66.7572,100,100
66.756,100,100
66.7549,100,100
66.7538,100,100
66.7526,100,100
66.7515,100,100
66.7503,100,100
66.7492,100,100
66.748,100,100
66.7469,100,100
66.7458,100,100
66.7446,100,100
66.7435,100,100
66.7423,100,100
66.7412,100,100
66.74,100,100
66.7389,100,100
66.7377,100,100
66.7366,100,100
66.7355,100,100
66.7343,100,100
66.7332,100,100
66.732,100,100
66.7309,100,100
66.7297,100,100
66.7286,100,100
66.7274,100,100
66.7263,100,100
66.7251,100,100
66.724,100,100
66.7228,100,100
66.7217,100,100
66.7205,100,100
66.7194,100,100
66.7182,100,100
66.7171,100,100
66.7159,100,100
66.7148,100,100
66.7136,100,100
66.7125,100,100
66.7113,100,100
66.7102,100,100
66.709,100,100
66.7079,100,100
66.7067,100,100
66.7056,100,100
66.7044,100,100
66.7033,100,100
66.7021,100,100
66.701,100,100
66.6998,100,100
66.6987,100,100
66.6975,100,100
66.6964,100,100
66.6952,100,100
66.6941,100,100
66.6929,100,100
66.6918,100,100
66.6906,100,100
66.6895,100,100
66.6883,100,100
66.6872,100,100
66.686,100,100
66.6849,100,100
66.6837,100,100
66.6826,100,100
66.6814,100,100
66.6803,100,100
66.6791,100,100
66.678,100,100
66.6769,100,100
66.6757,100,100
66.6746,100,100
66.6734,100,100
66.6723,100,100
66.6711,100,100
66.67,100,100
66.6688,100,100
66.6677,100,100
66.6665,100,100
66.6654,100,100
66.6642,100,100
66.6631,100,100
66.6619,100,100
66.6608,100,100
66.6596,100,100
66.6585,100,100
66.6573,100,100
66.6562,100,100
66.655,100,100
66.6539,100,100
66.6527,100,100
66.6516,100,100
66.6504,100,100
66.6493,100,100
66.6481,100,100
66.647,100,100
66.6458,100,100
66.6447,100,100
66.6435,100,100
66.6424,100,100
66.6412,100,100
66.6401,100,100
66.6389,100,100
66.6378,100,100
66.6366,100,100
66.6355,100,100
66.6343,100,100
66.6332,100,100
66.632,100,100
66.6309,100,100
66.6297,100,100
66.6286,100,100
66.6274,100,100
66.6263,100,100
66.6251,100,100
66.624,100,100
66.6228,100,100
66.6217,100,100
66.6205,100,100
66.6194,100,100
66.6182,100,100
66.6171,100,100
66.6159,100,100
66.6148,100,100
66.6136,100,100
66.6125,100,100
66.6113,100,100
66.6102,100,100
66.609,100,100
66.6079,100,100
66.6067,100,100
66.6055,100,100
66.6044,100,100
66.6032,100,100
66.6021,100,100
66.6009,100,100
66.5998,100,100
66.5986,100,100
66.5975,100,100
66.5963,100,100
66.5952,100,100
66.594,100,100
66.5929,100,100
66.5917,100,100
66.5906,100,100
66.5894,100,100
66.5882,100,100
66.5871,100,100
66.5859,100,100
66.5848,100,100
66.5836,100,100
66.5825,100,100
66.5813,100,100
66.5802,100,100
66.579,100,100
66.5779,100,100
66.5767,100,100
66.5756,100,100
66.5744,100,100
66.5733,100,100
66.5721,100,100
66.5709,100,100
66.5698,100,100
66.5686,100,100
66.5675,100,100
66.5663,100,100
66.5652,100,100
66.564,100,100
66.5629,100,100
66.5617,100,100
66.5606,100,100
66.5594,100,100
66.5583,100,100
66.5571,100,100
66.556,100,100
66.5548,100,100
66.5536,100,100
66.5525,100,100
66.5513,100,100
66.5502,100,100
66.549,100,100
66.5479,100,100
66.5467,100,100
66.5456,100,100
66.5444,100,100
66.5433,100,100
66.5421,100,100
66.541,100,100
66.5398,100,100
66.5387,100,100
66.5375,100,100
66.5363,100,100
66.5352,100,100
66.534,100,100
66.5329,100,100
66.5317,100,100
66.5306,100,100
66.5294,100,100
66.5283,100,100
66.5271,100,100
66.526,100,100
66.5248,100,100
66.5237,100,100
66.5225,100,100
66.5214,100,100
66.5202,100,100
66.519,100,100
66.5179,100,100
66.5167,100,100
66.5156,100,100
66.5144,100,100
66.5133,100,100
66.5121,100,100
66.511,100,100
66.5098,100,100
66.5087,100,100
66.5075,100,100
66.5064,100,100
66.5052,100,100
66.5041,100,100
66.5029,100,100
66.5017,100,100
66.5006,100,100
66.4994,100,100
66.4983,100,100
66.4971,100,100
66.496,100,100
66.4948,100,100
66.4937,100,100
66.4925,100,100
66.4914,100,100
66.4902,100,100
66.489,100,100
66.4879,100,100
66.4867,100,100
66.4856,100,100
66.4844,100,100
66.4833,100,100
66.4821,100,100
66.481,100,100
66.4798,100,100
66.4787,100,100
66.4775,100,100
66.4764,100,100
66.4752,100,100
66.474,100,100
66.4729,100,100
66.4717,100,100
66.4706,100,100
66.4694,100,100
66.4683,100,100
66.4671,100,100
66.466,100,100
66.4648,100,100
66.4637,100,100
66.4625,100,100
66.4613,100,100
66.4602,100,100
66.459,100,100
66.4579,100,100
66.4567,100,100
66.4556,100,100
66.4544,100,100
66.4533,100,100
66.4521,100,100
66.451,100,100
66.4498,100,100
66.4487,100,100
66.4475,100,100
66.4463,100,100
66.4452,100,100
66.444,100,100
66.4429,100,100
66.4417,100,100
66.4406,100,100
66.4394,100,100
66.4383,100,100
66.4371,100,100
66.436,100,100
66.4348,100,100
66.4336,100,100
66.4325,100,100
66.4313,100,100
66.4302,100,100
66.429,100,100
66.4279,100,100
66.4267,100,100
66.4256,100,100
66.4244,100,100
66.4233,100,100
66.4221,100,100
66.4209,100,100
66.4198,100,100
66.4186,100,100
66.4175,100,100
66.4163,100,100
66.4152,100,100
66.414,100,100
66.4129,100,100
66.4117,100,100
66.4106,100,100
66.4094,100,100
66.4083,100,100
66.4071,100,100
66.4059,100,100
66.4048,100,100
66.4036,100,100
66.4025,100,100
66.4013,100,100
66.4002,100,100
66.399,100,100
66.3979,100,100
66.3967,100,100
66.3956,100,100
66.3944,100,100
66.3932,100,100
66.3921,100,100
66.3909,100,100
66.3898,100,100
66.3886,100,100
66.3875,100,100
66.3863,100,100
66.3851,100,100
66.384,100,100
66.3828,100,100
66.3817,100,100
66.3805,100,100
66.3794,100,100
66.3782,100,100
66.377,100,100
66.3759,100,100
66.3747,100,100
66.3736,100,100
66.3724,100,100
66.3713,100,100
66.3701,100,100
66.3689,100,100
66.3678,100,100
66.3666,100,100
66.3655,100,100
66.3643,100,100
66.3631,100,100
66.362,100,100
66.3608,100,100
66.3597,100,100
66.3585,100,100
66.3574,100,100
66.3562,100,100
66.355,100,100
66.3539,100,100
66.3527,100,100
66.3516,100,100
66.3504,100,100
66.3492,100,100
66.3481,100,100
66.3469,100,100
66.3458,100,100
66.3446,100,100
66.3435,100,100
66.3423,100,100
66.3411,100,100
66.34,100,100
66.3388,100,100
66.3377,100,100
66.3365,100,100
66.3353,100,100
66.3342,100,100
66.333,100,100
66.3319,100,100
66.3307,100,100
66.3296,100,100
66.3284,100,100
66.3272,100,100
66.3261,100,100
66.3249,100,100
66.3238,100,100
66.3226,100,100
66.3214,100,100
66.3203,100,100
66.3191,100,100
66.318,100,100
66.3168,100,100
66.3157,100,100
66.3145,100,100
66.3133,100,100
66.3122,100,100
66.311,100,100
66.3099,100,100
66.3087,100,100
66.3076,100,100
66.3064,100,100
66.3052,100,100
66.3041,100,100
66.3029,100,100
66.3018,100,100
66.3006,100,100
66.2994,100,100
66.2983,100,100
66.2971,100,100
66.296,100,100
66.2948,100,100
66.2937,100,100
66.2925,100,100
66.2913,100,100
66.2902,100,100
66.289,100,100
66.2879,100,100
66.2867,100,100
66.2855,100,100
66.2844,100,100
66.2832,100,100
66.2821,100,100
66.2809,100,100
66.2798,100,100
66.2786,100,100
66.2774,100,100
66.2763,100,100
66.2751,100,100
66.274,100,100
66.2728,100,100
66.2716,100,100
66.2705,100,100
66.2693,100,100
66.2682,100,100
66.267,100,100
66.2658,100,100
66.2647,100,100
66.2635,100,100
66.2624,100,100
66.2612,100,100
66.26,100,100
66.2589,100,100
66.2577,100,100
66.2566,100,100
66.2554,100,100
66.2543,100,100
66.2531,100,100
66.2519,100,100
66.2508,100,100
66.2496,100,100
66.2485,100,100
66.2473,100,100
66.2461,100,100
66.245,100,100
66.2438,100,100
66.2427,100,100
66.2415,100,100
66.2403,100,100
66.2392,100,100
66.238,100,100
66.2369,100,100
66.2357,100,100
66.2345,100,100
66.2334,100,100
66.2322,100,100
66.2311,100,100
66.2299,100,100
66.2287,100,100
66.2276,100,100
66.2264,100,100
66.2253,100,100
66.2241,100,100
66.2229,100,100
66.2218,100,100
66.2206,100,100
66.2195,100,100
66.2183,100,100
66.2171,100,100
66.216,100,100
66.2148,100,100
66.2137,100,100
66.2125,100,100
66.2113,100,100
66.2102,100,100
66.209,100,100
66.2079,100,100
66.2067,100,100
66.2056,100,100
66.2044,100,100
66.2032,100,100
66.2021,100,100
66.2009,100,100
66.1998,100,100
66.1986,100,100
66.1974,100,100
66.1963,100,100
66.1951,100,100
66.194,100,100
66.1928,100,100
66.1916,100,100
66.1905,100,100
66.1893,100,100
66.1882,100,100
66.187,100,100
66.1858,100,100
66.1847,100,100
66.1835,100,100
66.1824,100,100
66.1812,100,100
66.18,100,100
66.1789,100,100
66.1777,100,100
66.1766,100,100
66.1754,100,100
66.1742,100,100
66.1731,100,100
66.1719,100,100
66.1708,100,100
66.1696,100,100
66.1684,100,100
66.1673,100,100
66.1661,100,100
66.165,100,100
66.1638,100,100
66.1626,100,100
66.1615,100,100
66.1603,100,100
66.1592,100,100
66.158,100,100
66.1568,100,100
66.1557,100,100
66.1545,100,100
66.1533,100,100
66.1521,100,100
66.151,100,100
66.1498,100,100
66.1486,100,100
66.1475,100,100
66.1463,100,100
66.1451,100,100
66.144,100,100
66.1428,100,100
66.1416,100,100
66.1404,100,100
66.1393,100,100
66.1381,100,100
66.1369,100,100
66.1358,100,100
66.1346,100,100
66.1334,100,100
66.1322,100,100
66.1311,100,100
66.1299,100,100
66.1287,100,100
66.1276,100,100
66.1264,100,100
66.1252,100,100
66.124,100,100
66.1229,100,100
66.1217,100,100
66.1205,100,100
66.1194,100,100
66.1182,100,100
66.117,100,100
66.1158,100,100
66.1147,100,100
66.1135,100,100
66.1123,100,100
66.1112,100,100
66.11,100,100
66.1088,100,100
66.1077,100,100
66.1065,100,100
66.1053,100,100
66.1041,100,100
66.103,100,100
66.1018,100,100
66.1006,100,100
66.0995,100,100
66.0983,100,100
66.0971,100,100
66.0959,100,100
66.0948,100,100
66.0936,100,100
66.0924,100,100
66.0913,100,100
66.0901,100,100
66.0889,100,100
66.0877,100,100
66.0866,100,100
66.0854,100,100
66.0842,100,100
66.0831,100,100
66.0819,100,100
66.0807,100,100
66.0796,100,100
66.0784,100,100
66.0772,100,100
66.076,100,100
66.0749,100,100
66.0737,100,100
66.0725,100,100
66.0714,100,100
66.0702,100,100
66.069,100,100
66.0678,100,100
66.0667,100,100
66.0655,100,100
66.0643,100,100
66.0632,100,100
66.062,100,100
66.0608,100,100
66.0596,100,100
66.0585,100,100
66.0573,100,100
66.0561,100,100
66.055,100,100
66.0538,100,100
66.0526,100,100
66.0514,100,100
66.0503,100,100
66.0491,100,100
66.0479,100,100
66.0468,100,100
66.0456,100,100
66.0444,100,100
66.0433,100,100
66.0421,100,100
66.0409,100,100
66.0397,100,100
66.0385,100,100
66.0373,100,100
66.0361,100,100
66.0349,100,100
66.0338,100,100
66.0326,100,100
66.0314,100,100
66.0302,100,100
66.029,100,100
66.0278,100,100
66.0266,100,100
66.0254,100,100
66.0242,100,100
66.023,100,100
66.0219,100,100
66.0207,100,100
66.0195,100,100
66.0183,100,100
66.0171,100,100
66.0159,100,100
66.0147,100,100
66.0135,100,100
66.0123,100,100
66.0111,100,100
66.01,100,100
66.0088,100,100
66.0076,100,100
66.0064,100,100
66.0052,100,100
66.004,100,100
66.0028,100,100
66.0016,100,100
66.0004,100,100
65.9993,100,100
65.9981,100,100
65.9969,100,100
65.9957,100,100
65.9945,100,100
65.9933,100,100
65.9921,100,100
65.9909,100,100
65.9897,100,100
65.9885,100,100
65.9874,100,100
65.9862,100,100
65.985,100,100
65.9838,100,100
65.9826,100,100
65.9814,100,100
65.9802,100,100
65.979,100,100
65.9778,100,100
65.9766,100,100
65.9755,100,100
65.9743,100,100
65.9731,100,100
65.9719,100,100
65.9707,100,100
65.9695,100,100
65.9683,100,100
65.9671,100,100
65.9659,100,100
65.9647,100,100
65.9636,100,100
65.9624,100,100
65.9612,100,100
65.96,100,100
65.9588,100,100
65.9576,100,100
65.9564,100,100
65.9552,100,100
65.954,100,100
65.9529,100,100
65.9517,100,100
65.9505,100,100
65.9493,100,100
65.9481,100,100
65.9469,100,100
65.9457,100,100
65.9445,100,100
65.9433,100,100
65.9421,100,100
65.941,100,100
65.9398,100,100
65.9386,100,100
65.9374,100,100
65.9362,100,100
65.935,100,100
65.9338,100,100
65.9326,100,100
65.9314,100,100
65.9302,100,100
65.9291,100,100
65.9279,100,100
65.9267,100,100
65.9255,100,100
65.9243,100,100
65.9231,100,100
65.9219,100,100
65.9207,100,100
65.9195,100,100
65.9183,100,100
65.9172,100,100
65.916,100,100
65.9148,100,100
65.9136,100,100
65.9124,100,100
65.9112,100,100
65.91,100,100
65.9088,100,100
65.9076,100,100
65.9064,100,100
65.9053,100,100
65.9041,100,100
65.9029,100,100
65.9017,100,100
65.9005,100,100
65.8993,100,100
65.8981,100,100
65.8969,100,100
65.8957,100,100
65.8946,100,100
65.8934,100,100
65.8922,100,100
65.891,100,100
65.8898,100,100
65.8886,100,100
65.8874,100,100
65.8862,100,100
65.885,100,100
65.8838,100,100
65.8827,100,100
65.8815,100,100
65.8803,100,100
65.8791,100,100
65.8779,100,100
65.8767,100,100
65.8755,100,100
65.8743,100,100
65.8731,100,100
65.8719,100,100
65.8708,100,100
65.8696,100,100
65.8684,100,100
65.8672,100,100
65.866,100,100
65.8648,100,100
65.8636,100,100
65.8624,100,100
65.8612,100,100
65.86,100,100
65.8589,100,100
65.8577,100,100
65.8565,100,100
65.8553,100,100
65.8541,100,100
65.8529,100,100
65.8517,100,100
65.8505,100,100
65.8493,100,100
65.8481,100,100
65.847,100,100
65.8458,100,100
65.8446,100,100
65.8434,100,100
65.8422,100,100
65.841,100,100
65.8398,100,100
65.8386,100,100
65.8374,100,100
65.8362,100,100
65.8351,100,100
65.8339,100,100
65.8327,100,100
65.8315,100,100
65.8303,100,100
65.8291,100,100
65.8279,100,100
65.8267,100,100
65.8255,100,100
65.8243,100,100
65.8232,100,100
65.822,100,100
65.8208,100,100
65.8196,100,100
65.8184,100,100
65.8172,100,100
65.816,100,100
65.8148,100,100
65.8136,100,100
65.8124,100,100
65.8113,100,100
65.8101,100,100
65.8089,100,100
65.8077,100,100
65.8065,100,100
65.8053,100,100
65.8041,100,100
65.8029,100,100
65.8017,100,100
65.8006,100,100
65.7994,100,100
65.7982,100,100
65.797,100,100
65.7958,100,100
65.7946,100,100
65.7935,100,100
65.7923,100,100
65.7911,100,100
65.7899,100,100
65.7887,100,100
65.7875,100,100
65.7863,100,100
65.7852,100,100
65.784,100,100
65.7828,100,100
65.7816,100,100
65.7804,100,100
65.7792,100,100
65.778,100,100
65.7769,100,100
65.7757,100,100
65.7745,100,100
65.7733,100,100
65.7721,100,100
65.7709,100,100
65.7697,100,100
65.7686,100,100
65.7674,100,100
65.7662,100,100
65.765,100,100
65.7638,100,100
65.7626,100,100
65.7614,100,100
65.7603,100,100
65.7591,100,100
65.7579,100,100
65.7567,100,100
65.7555,100,100
65.7543,100,100
65.7532,100,100
65.752,100,100
65.7508,100,100
65.7496,100,100
65.7484,100,100
65.7472,100,100
65.746,100,100
65.7449,100,100
65.7437,100,100
65.7425,100,100
65.7413,100,100
65.7401,100,100
65.7389,100,100
65.7377,100,100
65.7366,100,100
65.7354,100,100
65.7342,100,100
65.733,100,100
65.7318,100,100
65.7306,100,100
65.7294,100,100
65.7283,100,100
65.7271,100,100
65.7259,100,100
65.7247,100,100
65.7235,100,100
65.7223,100,100
65.7211,100,100
65.72,100,100
65.7188,100,100
65.7176,100,100
65.7164,100,100
65.7152,100,100
65.714,100,100
65.7128,100,100
65.7117,100,100
65.7105,100,100
65.7093,100,100
65.7081,100,100
65.7069,100,100
65.7057,100,100
65.7046,100,100
65.7034,100,100
65.7022,100,100
65.701,100,100
65.6998,100,100
65.6986,100,100
65.6974,100,100
65.6963,100,100
65.6951,100,100
65.6939,100,100
65.6927,100,100
65.6915,100,100
65.6903,100,100
65.6891,100,100
65.688,100,100
65.6868,100,100
65.6856,100,100
65.6844,100,100
65.6832,100,100
65.682,100,100
65.6809,100,100
65.6797,100,100
65.6785,100,100
65.6773,100,100
65.6761,100,100
65.675,100,100
65.6738,100,100
65.6726,100,100
65.6714,100,100
65.6702,100,100
65.6691,100,100
65.6679,100,100
65.6667,100,100
65.6655,100,100
65.6643,100,100
65.6632,100,100
65.662,100,100
65.6608,100,100
65.6596,100,100
65.6584,100,100
65.6572,100,100
65.6561,100,100
65.6549,100,100
65.6537,100,100
65.6525,100,100
65.6513,100,100
65.6502,100,100
65.649,100,100
65.6478,100,100
65.6466,100,100
65.6454,100,100
65.6443,100,100
65.6431,100,100
65.6419,100,100
65.6407,100,100
65.6395,100,100
65.6384,100,100
65.6372,100,100
65.636,100,100
65.6348,100,100
65.6336,100,100
65.6325,100,100
65.6313,100,100
65.6301,100,100
65.6289,100,100
65.6277,100,100
65.6265,100,100
65.6254,100,100
65.6242,100,100
65.623,100,100
65.6218,100,100
65.6206,100,100
65.6195,100,100
65.6183,100,100
65.6171,100,100
65.6159,100,100
65.6147,100,100
65.6136,100,100
65.6124,100,100
65.6112,100,100
65.61,100,100
65.6088,100,100
65.6077,100,100
65.6065,100,100
65.6053,100,100
65.6041,100,100
65.6029,100,100
65.6018,100,100
65.6006,100,100
65.5994,100,100
65.5982,100,100
65.597,100,100
65.5959,100,100
65.5947,100,100
65.5935,100,100
65.5923,100,100
65.5911,100,100
65.5899,100,100
65.5888,100,100
65.5876,100,100
65.5864,100,100
65.5852,100,100
65.584,100,100
65.5829,100,100
65.5817,100,100
65.5805,100,100
65.5793,100,100
65.5781,100,100
65.577,100,100
65.5758,100,100
65.5746,100,100
65.5734,100,100
65.5722,100,100
65.5711,100,100
65.5699,100,100
65.5687,100,100
65.5675,100,100
65.5663,100,100
65.5652,100,100
65.564,100,100
65.5628,100,100
65.5616,100,100
65.5604,100,100
65.5593,100,100
65.5581,100,100
65.5569,100,100
65.5557,100,100
65.5546,100,100
65.5534,100,100
65.5522,100,100
65.551,100,100
65.5498,100,100
65.5487,100,100
65.5475,100,100
65.5463,100,100
65.5451,100,100
65.5439,100,100
65.5428,100,100
65.5416,100,100
65.5404,100,100
65.5392,100,100
65.5381,100,100
65.5369,100,100
65.5357,100,100
65.5345,100,100
65.5333,100,100
65.5322,100,100
65.531,100,100
65.5298,100,100
65.5286,100,100
65.5275,100,100
65.5263,100,100
65.5251,100,100
65.5239,100,100
65.5227,100,100
65.5216,100,100
65.5204,100,100
65.5192,100,100
65.518,100,100
65.5168,100,100
65.5157,100,100
65.5145,100,100
65.5133,100,100
65.5121,100,100
65.511,100,100
65.5098,100,100
65.5086,100,100
65.5074,100,100
65.5062,100,100
65.5051,100,100
65.5039,100,100
65.5027,100,100
65.5015,100,100
65.5004,100,100
65.4992,100,100
65.498,100,100
65.4968,100,100
65.4956,100,100
65.4945,100,100
65.4933,100,100
65.4921,100,100
65.4909,100,100
65.4897,100,100
65.4886,100,100
65.4874,100,100
65.4862,100,100
65.485,100,100
65.4839,100,100
65.4827,100,100
65.4815,100,100
65.4803,100,100
65.4791,100,100
65.478,100,100
65.4768,100,100
65.4756,100,100
65.4744,100,100
65.4733,100,100
65.4721,100,100
65.4709,100,100
65.4697,100,100
65.4685,100,100
65.4674,100,100
65.4662,100,100
65.465,100,100
65.4638,100,100
65.4627,100,100
65.4615,100,100
65.4603,100,100
65.4591,100,100
65.4579,100,100
65.4568,100,100
65.4556,100,100
65.4544,100,100
65.4532,100,100
65.452,100,100
65.4509,100,100
65.4497,100,100
65.4485,100,100
65.4473,100,100
65.4462,100,100
65.445,100,100
65.4438,100,100
65.4426,100,100
65.4415,100,100
65.4403,100,100
65.4391,100,100
65.4379,100,100
65.4368,100,100
65.4356,100,100
65.4344,100,100
65.4332,100,100
65.4321,100,100
65.4309,100,100
65.4297,100,100
65.4285,100,100
65.4274,100,100
65.4262,100,100
65.425,100,100
65.4238,100,100
65.4227,100,100
65.4215,100,100
65.4203,100,100
65.4191,100,100
65.418,100,100
65.4168,100,100
65.4156,100,100
65.4144,100,100
65.4133,100,100
65.4121,100,100
65.4109,100,100
65.4097,100,100
65.4086,100,100
65.4074,100,100
65.4062,100,100
65.405,100,100
65.4039,100,100
65.4027,100,100
65.4015,100,100
65.4003,100,100
65.3992,100,100
65.398,100,100
65.3968,100,100
65.3956,100,100
65.3945,100,100
65.3933,100,100
65.3921,100,100
65.3909,100,100
65.3898,100,100
65.3886,100,100
65.3874,100,100
65.3862,100,100
65.3851,100,100
65.3839,100,100
65.3827,100,100
65.3815,100,100
65.3804,100,100
65.3792,100,100
65.378,100,100
65.3768,100,100
65.3757,100,100
65.3745,100,100
65.3733,100,100
65.3721,100,100
65.371,100,100
65.3698,100,100
65.3686,100,100
65.3674,100,100
65.3663,100,100
65.3651,100,100
65.3639,100,100
65.3627,100,100
65.3616,100,100
65.3604,100,100
65.3592,100,100
65.358,100,100
65.3569,100,100
65.3557,100,100
65.3545,100,100
65.3533,100,100
65.3522,100,100
65.351,100,100
65.3498,100,100
65.3486,100,100
65.3475,100,100
65.3463,100,100
65.3451,100,100
65.3439,100,100
65.3428,100,100
65.3416,100,100
65.3404,100,100
65.3392,100,100
65.3381,100,100
65.3369,100,100
65.3357,100,100
65.3345,100,100
65.3334,100,100
65.3322,100,100
65.331,100,100
65.3298,100,100
65.3287,100,100
65.3275,100,100
65.3263,100,100
65.3251,100,100
65.324,100,100
65.3228,100,100
65.3216,100,100
65.3204,100,100
65.3193,100,100
65.3181,100,100
65.3169,100,100
65.3157,100,100
65.3146,100,100
65.3134,100,100
65.3122,100,100
65.311,100,100
65.3099,100,100
65.3087,100,100
65.3075,100,100
65.3063,100,100
65.3052,100,100
65.304,100,100
65.3028,100,100
65.3016,100,100
65.3005,100,100
65.2993,100,100
65.2981,100,100
65.2969,100,100
65.2958,100,100
65.2946,100,100
65.2934,100,100
65.2922,100,100
65.2911,100,100
65.2899,100,100
65.2887,100,100
65.2875,100,100
65.2864,100,100
65.2852,100,100
65.284,100,100
65.2828,100,100
65.2817,100,100
65.2805,100,100
65.2793,100,100
65.2781,100,100
65.277,100,100
65.2758,100,100
65.2746,100,100
65.2734,100,100
65.2723,100,100
65.2711,100,100
65.2699,100,100
65.2687,100,100
65.2676,100,100
65.2664,100,100
65.2652,100,100
65.264,100,100
65.2629,100,100
65.2617,100,100
65.2605,100,100
65.2593,100,100
65.2582,100,100
65.257,100,100
65.2558,100,100
65.2546,100,100
65.2535,100,100
65.2523,100,100
65.2511,100,100
65.2499,100,100
65.2488,100,100
65.2476,100,100
65.2464,100,100
65.2452,100,100
65.2441,100,100
65.2429,100,100
65.2417,100,100
65.2405,100,100
65.2394,100,100
65.2382,100,100
65.237,100,100
65.2358,100,100
65.2347,100,100
65.2335,100,100
65.2323,100,100
65.2311,100,100
65.23,100,100
65.2288,100,100
65.2276,100,100
65.2264,100,100
65.2253,100,100
65.2241,100,100
65.2229,100,100
65.2217,100,100
65.2206,100,100
65.2194,100,100
65.2182,100,100
65.217,100,100
65.2159,100,100
65.2147,100,100
65.2135,100,100
65.2123,100,100
65.2112,100,100
65.21,100,100
65.2088,100,100
65.2076,100,100
65.2065,100,100
65.2053,100,100
65.2041,100,100
65.2029,100,100
65.2018,100,100
65.2006,100,100
65.1994,100,100
65.1982,100,100
65.1971,100,100
65.1959,100,100
65.1947,100,100
65.1935,100,100
65.1924,100,100
65.1912,100,100
65.19,100,100
65.1888,100,100
65.1877,100,100
65.1865,100,100
65.1853,100,100
65.1841,100,100
65.183,100,100
65.1818,100,100
65.1806,100,100
65.1794,100,100
65.1783,100,100
65.1771,100,100
65.1759,100,100
65.1747,100,100
65.1736,100,100
65.1724,100,100
65.1712,100,100
65.17,100,100
65.1689,100,100
65.1677,100,100
65.1665,100,100
65.1653,100,100
65.1642,100,100
65.163,100,100
65.1618,100,100
65.1606,100,100
65.1595,100,100
65.1583,100,100
65.1571,100,100
65.1559,100,100
65.1548,100,100
65.1536,100,100
65.1524,100,100
65.1512,100,100
65.1501,100,100
65.1489,100,100
65.1477,100,100
65.1465,100,100
65.1453,100,100
65.1442,100,100
65.143,100,100
65.1418,100,100
65.1406,100,100
65.1395,100,100
65.1383,100,100
65.1371,100,100
65.1359,100,100
65.1348,100,100
65.1336,100,100
65.1324,100,100
65.1312,100,100
65.1301,100,100
65.1289,100,100
65.1277,100,100
65.1265,100,100
65.1254,100,100
65.1242,100,100
65.123,100,100
65.1218,100,100
65.1207,100,100
65.1195,100,100
65.1183,100,100
65.1171,100,100
65.116,100,100
65.1148,100,100
65.1136,100,100
65.1124,100,100
65.1113,100,100
65.1101,100,100
65.1089,100,100
65.1077,100,100
65.1066,100,100
65.1054,100,100
65.1042,100,100
65.103,100,100
65.1019,100,100
65.1007,100,100
65.0995,100,100
65.0983,100,100
65.0972,100,100
65.096,100,100
65.0948,100,100
65.0936,100,100
65.0925,100,100
65.0913,100,100
65.0901,100,100
65.0889,100,100
65.0878,100,100
65.0866,100,100
65.0854,100,100
65.0842,100,100
65.0831,100,100
65.0819,100,100
65.0807,100,100
65.0795,100,100
65.0784,100,100
65.0772,100,100
65.076,100,100
65.0748,100,100
65.0737,100,100
65.0725,100,100
65.0713,100,100
65.0701,100,100
65.069,100,100
65.0678,100,100
65.0666,100,100
65.0654,100,100
65.0643,100,100
65.0631,100,100
65.0619,100,100
65.0607,100,100
65.0596,100,100
65.0584,100,100
65.0572,100,100
65.056,100,100
65.0549,100,100
65.0537,100,100
65.0525,100,100
65.0513,100,100
65.0502,100,100
65.049,100,100
65.0478,100,100
65.0466,100,100
65.0455,100,100
65.0443,100,100
65.0431,100,100
65.0419,100,100
65.0408,100,100
65.0396,100,100
65.0384,100,100
65.0372,100,100
65.0361,100,100
65.0349,100,100
65.0337,100,100
65.0325,100,100
65.0314,100,100
65.0302,100,100
65.029,100,100
65.0278,100,100
65.0267,100,100
65.0255,100,100
65.0243,100,100
65.0231,100,100
65.022,100,100
65.0208,100,100
65.0196,100,100
65.0184,100,100
65.0173,100,100
65.0161,100,100
65.0149,100,100
65.0137,100,100
65.0126,100,100
65.0114,100,100
65.0102,100,100
65.009,100,100
65.0079,100,100
65.0067,100,100
65.0055,100,100
65.0043,100,100
65.0032,100,100
65.002,100,100
65.0008,100,100
64.9996,100,100
64.9985,100,100
64.9973,100,100
64.9961,100,100
64.9949,100,100
64.9938,100,100
64.9926,100,100
64.9914,100,100
64.9902,100,100
64.9891,100,100
64.9879,100,100
64.9867,100,100
64.9855,100,100
64.9844,100,100
64.9832,100,100
64.982,100,100
64.9808,100,100
64.9797,100,100
64.9785,100,100
64.9773,100,100
64.9762,100,100
64.975,100,100
64.9738,100,100
64.9726,100,100
64.9715,100,100
64.9703,100,100
64.9691,100,100
64.968,100,100
64.9668,100,100
64.9656,100,100
64.9644,100,100
64.9633,100,100
64.9621,100,100
64.9609,100,100
64.9598,100,100
64.9586,100,100
64.9574,100,100
64.9562,100,100
64.9551,100,100
64.9539,100,100
64.9527,100,100
64.9516,100,100
64.9504,100,100
64.9492,100,100
64.948,100,100
64.9469,100,100
64.9457,100,100
64.9445,100,100
64.9434,100,100
64.9422,100,100
64.941,100,100
64.9398,100,100
64.9387,100,100
64.9375,100,100
64.9363,100,100
64.9352,100,100
64.934,100,100
64.9328,100,100
64.9316,100,100
64.9305,100,100
64.9293,100,100
64.9281,100,100
64.927,100,100
64.9258,100,100
64.9246,100,100
64.9234,100,100
64.9223,100,100
64.9211,100,100
64.9199,100,100
64.9188,100,100
64.9176,100,100
64.9164,100,100
64.9152,100,100
64.9141,100,100
64.9129,100,100
64.9117,100,100
64.9106,100,100
64.9094,100,100
64.9082,100,100
64.907,100,100
64.9059,100,100
64.9047,100,100
64.9035,100,100
64.9024,100,100
64.9012,100,100
64.9,100,100
64.8988,100,100
64.8977,100,100
64.8965,100,100
64.8953,100,100
64.8942,100,100
64.893,100,100
64.8918,100,100
64.8906,100,100
64.8895,100,100
64.8883,100,100
64.8871,100,100
64.886,100,100
64.8848,100,100
64.8836,100,100
64.8824,100,100
64.8813,100,100
64.8801,100,100
64.8789,100,100
64.8778,100,100
64.8766,100,100
64.8754,100,100
64.8742,100,100
64.8731,100,100
64.8719,100,100
64.8707,100,100
64.8696,100,100
64.8684,100,100
64.8672,100,100
64.8661,100,100
64.8649,100,100
64.8637,100,100
64.8625,100,100
64.8614,100,100
64.8602,100,100
64.859,100,100
64.8579,100,100
64.8567,100,100
64.8555,100,100
64.8543,100,100
64.8532,100,100
64.852,100,100
64.8508,100,100
64.8497,100,100
64.8485,100,100
64.8473,100,100
64.8462,100,100
64.845,100,100
64.8438,100,100
64.8426,100,100
64.8415,100,100
64.8403,100,100
64.8391,100,100
64.838,100,100
64.8368,100,100
64.8356,100,100
64.8345,100,100
64.8333,100,100
64.8321,100,100
64.831,100,100
64.8298,100,100
64.8286,100,100
64.8274,100,100
64.8263,100,100
64.8251,100,100
64.8239,100,100
64.8228,100,100
64.8216,100,100
64.8204,100,100
64.8193,100,100
64.8181,100,100
64.8169,100,100
64.8157,100,100
64.8146,100,100
64.8134,100,100
64.8122,100,100
64.8111,100,100
64.8099,100,100
64.8087,100,100
64.8076,100,100
64.8064,100,100
64.8052,100,100
64.804,100,100
64.8029,100,100
64.8017,100,100
64.8005,100,100
64.7994,100,100
64.7982,100,100
64.797,100,100
64.7959,100,100
64.7947,100,100
64.7935,100,100
64.7923,100,100
64.7912,100,100
64.79,100,100
64.7888,100,100
64.7877,100,100
64.7865,100,100
64.7853,100,100
64.7842,100,100
64.783,100,100
64.7818,100,100
64.7807,100,100
64.7795,100,100
64.7783,100,100
64.7771,100,100
64.776,100,100
64.7748,100,100
64.7736,100,100
64.7725,100,100
64.7713,100,100
64.7701,100,100
64.769,100,100
64.7678,100,100
64.7666,100,100
64.7654,100,100
64.7643,100,100
64.7631,100,100
64.7619,100,100
64.7608,100,100
64.7596,100,100
64.7584,100,100
64.7573,100,100
64.7561,100,100
64.7549,100,100
64.7537,100,100
64.7526,100,100
64.7514,100,100
64.7502,100,100
64.7491,100,100
64.7479,100,100
64.7467,100,100
64.7456,100,100
64.7444,100,100
64.7432,100,100
64.742,100,100
64.7409,100,100
64.7397,100,100
64.7385,100,100
64.7374,100,100
64.7362,100,100
64.735,100,100
64.7339,100,100
64.7327,100,100
64.7315,100,100
64.7304,100,100
64.7292,100,100
64.728,100,100
64.7268,100,100
64.7257,100,100
64.7245,100,100
64.7233,100,100
64.7222,100,100
64.721,100,100
64.7198,100,100
64.7187,100,100
64.7175,100,100
64.7163,100,100
64.7151,100,100
64.714,100,100
64.7128,100,100
64.7116,100,100
64.7105,100,100
64.7093,100,100
64.7081,100,100
64.707,100,100
64.7058,100,100
64.7046,100,100
64.7034,100,100
64.7023,100,100
64.7011,100,100
64.6999,100,100
64.6988,100,100
64.6976,100,100
64.6964,100,100
64.6953,100,100
64.6941,100,100
64.6929,100,100
64.6917,100,100
64.6906,100,100
64.6894,100,100
64.6882,100,100
64.6871,100,100
64.6859,100,100
64.6847,100,100
64.6836,100,100
64.6824,100,100
64.6812,100,100
64.68,100,100
64.6789,100,100
64.6777,100,100
64.6765,100,100
64.6754,100,100
64.6742,100,100
64.673,100,100
64.6719,100,100
64.6707,100,100
64.6695,100,100
64.6684,100,100
64.6672,100,100
64.666,100,100
64.6648,100,100
64.6637,100,100
64.6625,100,100
64.6613,100,100
64.6602,100,100
64.659,100,100
64.6578,100,100
64.6567,100,100
64.6555,100,100
64.6543,100,100
64.6531,100,100
64.652,100,100
64.6508,100,100
64.6496,100,100
64.6485,100,100
64.6473,100,100
64.6461,100,100
64.645,100,100
64.6438,100,100
64.6426,100,100
64.6414,100,100
64.6403,100,100
64.6391,100,100
64.6379,100,100
64.6368,100,100
64.6356,100,100
64.6344,100,100
64.6333,100,100
64.6321,100,100
64.6309,100,100
64.6297,100,100
64.6286,100,100
64.6274,100,100
64.6262,100,100
64.6251,100,100
64.6239,100,100
64.6228,100,100
64.6216,100,100
64.6204,100,100
64.6193,100,100
64.6181,100,100
64.6169,100,100
64.6158,100,100
64.6146,100,100
64.6134,100,100
64.6123,100,100
64.6111,100,100
64.6099,100,100
64.6088,100,100
64.6076,100,100
64.6064,100,100
64.6053,100,100
64.6041,100,100
64.6029,100,100
64.6018,100,100
64.6006,100,100
64.5994,100,100
64.5983,100,100
64.5971,100,100
64.596,100,100
64.5948,100,100
64.5936,100,100
64.5925,100,100
64.5913,100,100
64.5901,100,100
64.589,100,100
64.5878,100,100
64.5866,100,100
64.5855,100,100
64.5843,100,100
64.5831,100,100
64.582,100,100
64.5808,100,100
64.5796,100,100
64.5785,100,100
64.5773,100,100
64.5761,100,100
64.575,100,100
64.5738,100,100
64.5726,100,100
64.5715,100,100
64.5703,100,100
64.5692,100,100
64.568,100,100
64.5668,100,100
64.5657,100,100
64.5645,100,100
64.5633,100,100
64.5622,100,100
64.561,100,100
64.5598,100,100
64.5587,100,100
64.5575,100,100
64.5563,100,100
64.5552,100,100
64.554,100,100
64.5528,100,100
64.5517,100,100
64.5505,100,100
64.5493,100,100
64.5482,100,100
64.547,100,100
64.5458,100,100
64.5447,100,100
64.5435,100,100
64.5424,100,100
64.5412,100,100
64.54,100,100
64.5389,100,100
64.5377,100,100
64.5365,100,100
64.5354,100,100
64.5342,100,100
64.533,100,100
64.5319,100,100
64.5307,100,100
64.5295,100,100
64.5284,100,100
64.5272,100,100
64.526,100,100
64.5249,100,100
64.5237,100,100
64.5225,100,100
64.5214,100,100
64.5202,100,100
64.5191,100,100
64.5179,100,100
64.5167,100,100
64.5156,100,100
64.5144,100,100
64.5132,100,100
64.5121,100,100
64.5109,100,100
64.5097,100,100
64.5086,100,100
64.5074,100,100
64.5062,100,100
64.505,100,100
64.5039,100,100
64.5027,100,100
64.5015,100,100
64.5004,100,100
64.4992,100,100
64.498,100,100
64.4969,100,100
64.4957,100,100
64.4945,100,100
64.4933,100,100
64.4922,100,100
64.491,100,100
64.4898,100,100
64.4887,100,100
64.4875,100,100
64.4863,100,100
64.4852,100,100
64.484,100,100
64.4828,100,100
64.4817,100,100
64.4805,100,100
64.4793,100,100
64.4781,100,100
64.477,100,100
64.4758,100,100
64.4746,100,100
64.4735,100,100
64.4723,100,100
64.4711,100,100
64.47,100,100
64.4688,100,100
64.4676,100,100
64.4664,100,100
64.4653,100,100
64.4641,100,100
64.4629,100,100
64.4618,100,100
64.4606,100,100
64.4594,100,100
64.4583,100,100
64.4571,100,100
64.4559,100,100
64.4547,100,100
64.4536,100,100
64.4524,100,100
64.4512,100,100
64.4501,100,100
64.4489,100,100
64.4477,100,100
64.4466,100,100
64.4454,100,100
64.4442,100,100
64.4431,100,100
64.4419,100,100
64.4407,100,100
64.4395,100,100
64.4384,100,100
64.4372,100,100
64.436,100,100
64.4349,100,100
64.4337,100,100
64.4325,100,100
64.4314,100,100
64.4302,100,100
64.429,100,100
64.4278,100,100
64.4267,100,100
64.4255,100,100
64.4243,100,100
64.4232,100,100
64.422,100,100
64.4208,100,100
64.4197,100,100
64.4185,100,100
64.4173,100,100
64.4162,100,100
64.415,100,100
64.4138,100,100
64.4126,100,100
64.4115,100,100
64.4103,100,100
64.4091,100,100
64.408,100,100
64.4068,100,100
64.4056,100,100
64.4045,100,100
64.4033,100,100
64.4021,100,100
64.4009,100,100
64.3998,100,100
64.3986,100,100
64.3974,100,100
64.3963,100,100
64.3951,100,100
64.3939,100,100
64.3928,100,100
64.3916,100,100
64.3904,100,100
64.3892,100,100
64.3881,100,100
64.3869,100,100
64.3857,100,100
64.3846,100,100
64.3834,100,100
64.3822,100,100
64.3811,100,100
64.3799,100,100
64.3787,100,100
64.3776,100,100
64.3764,100,100
64.3752,100,100
64.374,100,100
64.3729,100,100
64.3717,100,100
64.3705,100,100
64.3694,100,100
64.3682,100,100
64.367,100,100
64.3659,100,100
64.3647,100,100
64.3635,100,100
64.3623,100,100
64.3612,100,100
64.36,100,100
64.3588,100,100
64.3577,100,100
64.3565,100,100
64.3553,100,100
64.3542,100,100
64.353,100,100
64.3518,100,100
64.3506,100,100
64.3495,100,100
64.3483,100,100
64.3471,100,100
64.346,100,100
64.3448,100,100
64.3436,100,100
64.3425,100,100
64.3413,100,100
64.3401,100,100
64.3389,100,100
64.3378,100,100
64.3366,100,100
64.3354,100,100
64.3343,100,100
64.3331,100,100
64.3319,100,100
64.3308,100,100
64.3296,100,100
64.3284,100,100
64.3273,100,100
64.3261,100,100
64.3249,100,100
64.3237,100,100
64.3226,100,100
64.3214,100,100
64.3202,100,100
64.3191,100,100
64.3179,100,100
64.3167,100,100
64.3156,100,100
64.3144,100,100
64.3132,100,100
64.312,100,100
64.3109,100,100
64.3097,100,100
64.3085,100,100
64.3074,100,100
64.3062,100,100
64.305,100,100
64.3039,100,100
64.3027,100,100
64.3015,100,100
64.3003,100,100
64.2992,100,100
64.298,100,100
64.2968,100,100
64.2957,100,100
64.2945,100,100
64.2933,100,100
64.2922,100,100
64.291,100,100
64.2898,100,100
64.2886,100,100
64.2875,100,100
64.2863,100,100
64.2851,100,100
64.284,100,100
64.2828,100,100
64.2816,100,100
64.2805,100,100
64.2793,100,100
64.2781,100,100
64.277,100,100
64.2758,100,100
64.2746,100,100
64.2734,100,100
64.2723,100,100
64.2711,100,100
64.2699,100,100
64.2688,100,100
64.2676,100,100
64.2664,100,100
64.2653,100,100
64.2641,100,100
64.2629,100,100
64.2617,100,100
64.2606,100,100
64.2594,100,100
64.2582,100,100
64.2571,100,100
64.2559,100,100
64.2547,100,100
64.2536,100,100
64.2524,100,100
64.2512,100,100
64.25,100,100
64.2489,100,100
64.2477,100,100
64.2465,100,100
64.2454,100,100
64.2442,100,100
64.243,100,100
64.2419,100,100
64.2407,100,100
64.2395,100,100
64.2383,100,100
64.2372,100,100
64.236,100,100
64.2348,100,100
64.2337,100,100
64.2325,100,100
64.2313,100,100
64.2302,100,100
64.229,100,100
64.2278,100,100
64.2266,100,100
64.2255,100,100
64.2243,100,100
64.2231,100,100
64.222,100,100
64.2208,100,100
64.2196,100,100
64.2185,100,100
64.2173,100,100
64.2161,100,100
64.215,100,100
64.2138,100,100
64.2126,100,100
64.2114,100,100
64.2103,100,100
64.2091,100,100
64.2079,100,100
64.2068,100,100
64.2056,100,100
64.2044,100,100
64.2033,100,100
64.2021,100,100
64.2009,100,100
64.1997,100,100
64.1986,100,100
64.1974,100,100
64.1962,100,100
64.1951,100,100
64.1939,100,100
64.1927,100,100
64.1916,100,100
64.1904,100,100
64.1892,100,100
64.188,100,100
64.1869,100,100
64.1857,100,100
64.1845,100,100
64.1834,100,100
64.1822,100,100
64.181,100,100
64.1799,100,100
64.1787,100,100
64.1775,100,100
64.1763,100,100
64.1752,100,100
64.174,100,100
64.1728,100,100
64.1717,100,100
64.1705,100,100
64.1693,100,100
64.1682,100,100
64.167,100,100
64.1658,100,100
64.1647,100,100
64.1635,100,100
64.1623,100,100
64.1611,100,100
64.16,100,100
64.1588,100,100
64.1576,100,100
64.1564,100,100
64.1553,100,100
64.1541,100,100
64.1529,100,100
64.1517,100,100
64.1505,100,100
64.1494,100,100
64.1482,100,100
64.147,100,100
64.1458,100,100
64.1447,100,100
64.1435,100,100
64.1423,100,100
64.1411,100,100
64.1399,100,100
64.1388,100,100
64.1376,100,100
64.1364,100,100
64.1352,100,100
64.134,100,100
64.1329,100,100
64.1317,100,100
64.1305,100,100
64.1293,100,100
64.1282,100,100
64.127,100,100
64.1258,100,100
64.1246,100,100
64.1234,100,100
64.1223,100,100
64.1211,100,100
64.1199,100,100
64.1187,100,100
64.1176,100,100
64.1164,100,100
64.1152,100,100
64.114,100,100
64.1128,100,100
64.1117,100,100
64.1105,100,100
64.1093,100,100
64.1081,100,100
64.107,100,100
64.1058,100,100
64.1046,100,100
64.1034,100,100
64.1022,100,100
64.1011,100,100
64.0999,100,100
64.0987,100,100
64.0975,100,100
64.0964,100,100
64.0952,100,100
64.094,100,100
64.0928,100,100
64.0916,100,100
64.0905,100,100
64.0893,100,100
64.0881,100,100
64.0869,100,100
64.0858,100,100
64.0846,100,100
64.0834,100,100
64.0822,100,100
64.081,100,100
64.0799,100,100
64.0787,100,100
64.0775,100,100
64.0763,100,100
64.0752,100,100
64.074,100,100
64.0728,100,100
64.0716,100,100
64.0704,100,100
64.0693,100,100
64.0681,100,100
64.0669,100,100
64.0657,100,100
64.0645,100,100
64.0634,100,100
64.0622,100,100
64.061,100,100
64.0598,100,100
64.0587,100,100
64.0575,100,100
64.0563,100,100
64.0551,100,100
64.0539,100,100
64.0528,100,100
64.0516,100,100
64.0504,100,100
64.0492,100,100
64.0481,100,100
64.0469,100,100
64.0457,100,100
64.0445,100,100
64.0433,100,100
64.0422,100,100
64.041,100,100
64.0398,100,100
64.0386,100,100
64.0374,100,100
64.0363,100,100
64.0351,100,100
64.0339,100,100
64.0327,100,100
64.0315,100,100
64.0304,100,100
64.0292,100,100
64.028,100,100
64.0268,100,100
64.0256,100,100
64.0245,100,100
64.0233,100,100
64.0221,100,100
64.0209,100,100
64.0197,100,100
64.0186,100,100
64.0174,100,100
64.0162,100,100
64.015,100,100
64.0139,100,100
64.0127,100,100
64.0115,100,100
64.0103,100,100
64.0091,100,100
64.008,100,100
64.0068,100,100
64.0056,100,100
64.0044,100,100
64.0032,100,100
64.0021,100,100
64.0009,100,100
63.9997,100,100
63.9985,100,100
63.9973,100,100
63.9962,100,100
63.995,100,100
63.9938,100,100
63.9926,100,100
63.9914,100,100
63.9903,100,100
63.9891,100,100
63.9879,100,100
63.9867,100,100
63.9855,100,100
63.9844,100,100
63.9832,100,100
63.982,100,100
63.9808,100,100
63.9796,100,100
63.9785,100,100
63.9773,100,100
63.9761,100,100
63.9749,100,100
63.9737,100,100
63.9726,100,100
63.9714,100,100
63.9702,100,100
63.969,100,100
63.9678,100,100
63.9667,100,100
63.9655,100,100
63.9643,100,100
63.9631,100,100
63.9619,100,100
63.9608,100,100
63.9596,100,100
63.9584,100,100
63.9572,100,100
63.956,100,100
63.9549,100,100
63.9537,100,100
63.9525,100,100
63.9513,100,100
63.9501,100,100
63.949,100,100
63.9478,100,100
63.9466,100,100
63.9454,100,100
63.9442,100,100
63.9431,100,100
63.9419,100,100
63.9407,100,100
63.9395,100,100
63.9383,100,100
63.9372,100,100
63.936,100,100
63.9348,100,100
63.9336,100,100
63.9324,100,100
63.9313,100,100
63.9301,100,100
63.9289,100,100
63.9277,100,100
63.9265,100,100
63.9254,100,100
63.9242,100,100
63.923,100,100
63.9218,100,100
63.9207,100,100
63.9195,100,100
63.9183,100,100
63.9171,100,100
63.916,100,100
63.9148,100,100
63.9136,100,100
63.9124,100,100
63.9113,100,100
63.9101,100,100
63.9089,100,100
63.9077,100,100
63.9066,100,100
63.9054,100,100
63.9042,100,100
63.903,100,100
63.9019,100,100
63.9007,100,100
63.8995,100,100
63.8983,100,100
63.8971,100,100
63.896,100,100
63.8948,100,100
63.8936,100,100
63.8924,100,100
63.8913,100,100
63.8901,100,100
63.8889,100,100
63.8877,100,100
63.8866,100,100
63.8854,100,100
63.8842,100,100
63.883,100,100
63.8819,100,100
63.8807,100,100
63.8795,100,100
63.8783,100,100
63.8772,100,100
63.876,100,100
63.8748,100,100
63.8736,100,100
63.8725,100,100
63.8713,100,100
63.8701,100,100
63.8689,100,100
63.8678,100,100
63.8666,100,100
63.8654,100,100
63.8642,100,100
63.8631,100,100
63.8619,100,100
63.8607,100,100
63.8595,100,100
63.8584,100,100
63.8572,100,100
63.856,100,100
63.8548,100,100
63.8536,100,100
63.8525,100,100
63.8513,100,100
63.8501,100,100
63.8489,100,100
63.8478,100,100
63.8466,100,100
63.8454,100,100
63.8442,100,100
63.8431,100,100
63.8419,100,100
63.8407,100,100
63.8395,100,100
63.8384,100,100
63.8372,100,100
63.836,100,100
63.8348,100,100
63.8337,100,100
63.8325,100,100
63.8313,100,100
63.8301,100,100
63.829,100,100
63.8278,100,100
63.8266,100,100
63.8254,100,100
63.8243,100,100
63.8231,100,100
63.8219,100,100
63.8207,100,100
63.8196,100,100
63.8184,100,100
63.8172,100,100
63.816,100,100
63.8149,100,100
63.8137,100,100
63.8125,100,100
63.8113,100,100
63.8102,100,100
63.809,100,100
63.8078,100,100
63.8066,100,100
63.8054,100,100
63.8043,100,100
63.8031,100,100
63.8019,100,100
63.8007,100,100
63.7995,100,100
63.7984,100,100
63.7972,100,100
63.796,100,100
63.7948,100,100
63.7936,100,100
63.7925,100,100
63.7913,100,100
63.7901,100,100
63.7889,100,100
63.7877,100,100
63.7866,100,100
63.7854,100,100
63.7842,100,100
63.783,100,100
63.7818,100,100
63.7807,100,100
63.7795,100,100
63.7783,100,100
63.7771,100,100
63.7759,100,100
63.7748,100,100
63.7736,100,100
63.7724,100,100
63.7712,100,100
63.7701,100,100
63.7689,100,100
63.7677,100,100
63.7665,100,100
63.7653,100,100
63.7642,100,100
63.763,100,100
63.7618,100,100
63.7606,100,100
63.7594,100,100
63.7583,100,100
63.7571,100,100
63.7559,100,100
63.7547,100,100
63.7535,100,100
63.7524,100,100
63.7512,100,100
63.75,100,100
63.7488,100,100
63.7476,100,100
63.7465,100,100
63.7453,100,100
63.7441,100,100
63.7429,100,100
63.7417,100,100
63.7406,100,100
63.7394,100,100
63.7382,100,100
63.737,100,100
63.7358,100,100
63.7347,100,100
63.7335,100,100
63.7323,100,100
63.7311,100,100
63.7299,100,100
63.7288,100,100
63.7276,100,100
63.7264,100,100
63.7252,100,100
63.724,100,100
63.7229,100,100
63.7217,100,100
63.7205,100,100
63.7193,100,100
63.7181,100,100
63.717,100,100
63.7158,100,100
63.7146,100,100
63.7134,100,100
63.7122,100,100
63.7111,100,100
63.7099,100,100
63.7087,100,100
63.7075,100,100
63.7064,100,100
63.7052,100,100
63.704,100,100
63.7028,100,100
63.7016,100,100
63.7005,100,100
63.6993,100,100
63.6981,100,100
63.6969,100,100
63.6957,100,100
63.6946,100,100
63.6934,100,100
63.6922,100,100
63.691,100,100
63.6898,100,100
63.6887,100,100
63.6875,100,100
63.6863,100,100
63.6851,100,100
63.6839,100,100
63.6828,100,100
63.6816,100,100
63.6804,100,100
63.6792,100,100
63.678,100,100
63.6769,100,100
63.6757,100,100
63.6745,100,100
63.6733,100,100
63.6721,100,100
63.671,100,100
63.6698,100,100
63.6686,100,100
63.6674,100,100
63.6662,100,100
63.6651,100,100
63.6639,100,100
63.6627,100,100
63.6615,100,100
63.6603,100,100
63.6592,100,100
63.658,100,100
63.6568,100,100
63.6556,100,100
63.6545,100,100
63.6533,100,100
63.6521,100,100
63.6509,100,100
63.6497,100,100
63.6486,100,100
63.6474,100,100
63.6462,100,100
63.645,100,100
63.6438,100,100
63.6427,100,100
63.6415,100,100
63.6403,100,100
63.6391,100,100
63.6379,100,100
63.6368,100,100
63.6356,100,100
63.6344,100,100
63.6332,100,100
63.632,100,100
63.6309,100,100
63.6297,100,100
63.6285,100,100
63.6273,100,100
63.6261,100,100
63.625,100,100
63.6238,100,100
63.6226,100,100
63.6214,100,100
63.6202,100,100
63.6191,100,100
63.6179,100,100
63.6167,100,100
63.6155,100,100
63.6143,100,100
63.6132,100,100
63.612,100,100
63.6108,100,100
63.6096,100,100
63.6085,100,100
63.6073,100,100
63.6061,100,100
63.6049,100,100
63.6037,100,100
63.6026,100,100
63.6014,100,100
63.6002,100,100
63.599,100,100
63.5978,100,100
63.5967,100,100
63.5955,100,100
63.5943,100,100
63.5931,100,100
63.5919,100,100
63.5908,100,100
63.5896,100,100
63.5884,100,100
63.5872,100,100
63.586,100,100
63.5849,100,100
63.5837,100,100
63.5825,100,100
63.5813,100,100
63.5801,100,100
63.579,100,100
63.5778,100,100
63.5766,100,100
63.5754,100,100
63.5742,100,100
63.5731,100,100
63.5719,100,100
63.5707,100,100
63.5695,100,100
63.5683,100,100
63.5672,100,100
63.566,100,100
63.5648,100,100
63.5636,100,100
63.5624,100,100
63.5613,100,100
63.5601,100,100
63.5589,100,100
63.5577,100,100
63.5565,100,100
63.5554,100,100
63.5542,100,100
63.553,100,100
63.5518,100,100
63.5506,100,100
63.5495,100,100
63.5483,100,100
63.5471,100,100
63.5459,100,100
63.5447,100,100
63.5436,100,100
63.5424,100,100
63.5412,100,100
63.54,100,100
63.5388,100,100
63.5377,100,100
63.5365,100,100
63.5353,100,100
63.5341,100,100
63.5329,100,100
63.5318,100,100
63.5306,100,100
63.5294,100,100
63.5282,100,100
63.527,100,100
63.5259,100,100
63.5247,100,100
63.5235,100,100
63.5223,100,100
63.5211,100,100
63.52,100,100
63.5188,100,100
63.5176,100,100
63.5164,100,100
63.5152,100,100
63.5141,100,100
63.5129,100,100
63.5117,100,100
63.5105,100,100
63.5093,100,100
63.5082,100,100
63.507,100,100
63.5058,100,100
63.5046,100,100
63.5034,100,100
63.5023,100,100
63.5011,100,100
63.4999,100,100
63.4987,100,100
63.4975,100,100
63.4964,100,100
63.4952,100,100
63.494,100,100
63.4928,100,100
63.4916,100,100
63.4905,100,100
63.4893,100,100
63.4881,100,100
63.4869,100,100
63.4857,100,100
63.4846,100,100
63.4834,100,100
63.4822,100,100
63.481,100,100
63.4798,100,100
63.4787,100,100
63.4775,100,100
63.4763,100,100
63.4751,100,100
63.4739,100,100
63.4728,100,100
63.4716,100,100
63.4704,100,100
63.4692,100,100
63.468,100,100
63.4669,100,100
63.4657,100,100
63.4645,100,100
63.4633,100,100
63.4621,100,100
63.4609,100,100
63.4598,100,100
63.4586,100,100
63.4574,100,100
63.4562,100,100
63.455,100,100
63.4539,100,100
63.4527,100,100
63.4515,100,100
63.4503,100,100
63.4492,100,100
63.448,100,100
63.4468,100,100
63.4456,100,100
63.4444,100,100
63.4433,100,100
63.4421,100,100
63.4409,100,100
63.4397,100,100
63.4385,100,100
63.4374,100,100
63.4362,100,100
63.435,100,100
63.4338,100,100
63.4327,100,100
63.4315,100,100
63.4303,100,100
63.4291,100,100
63.4279,100,100
63.4268,100,100
63.4256,100,100
63.4244,100,100
63.4232,100,100
63.4221,100,100
63.4209,100,100
63.4197,100,100
63.4185,100,100
63.4173,100,100
63.4162,100,100
63.415,100,100
63.4138,100,100
63.4126,100,100
63.4114,100,100
63.4103,100,100
63.4091,100,100
63.4079,100,100
63.4067,100,100
63.4056,100,100
63.4044,100,100
63.4032,100,100
63.402,100,100
63.4008,100,100
63.3997,100,100
63.3985,100,100
63.3973,100,100
63.3961,100,100
63.395,100,100
63.3938,100,100
63.3926,100,100
63.3914,100,100
63.3902,100,100
63.3891,100,100
63.3879,100,100
63.3867,100,100
63.3855,100,100
63.3843,100,100
63.3832,100,100
63.382,100,100
63.3808,100,100
63.3796,100,100
63.3785,100,100
63.3773,100,100
63.3761,100,100
63.3749,100,100
63.3737,100,100
63.3726,100,100
63.3714,100,100
63.3702,100,100
63.369,100,100
63.3679,100,100
63.3667,100,100
63.3655,100,100
63.3643,100,100
63.3631,100,100
63.362,100,100
63.3608,100,100
63.3596,100,100
63.3584,100,100
63.3572,100,100
63.3561,100,100
63.3549,100,100
63.3537,100,100
63.3525,100,100
63.3514,100,100
63.3502,100,100
63.349,100,100
63.3478,100,100
63.3466,100,100
63.3455,100,100
63.3443,100,100
63.3431,100,100
63.3419,100,100
63.3408,100,100
63.3396,100,100
63.3384,100,100
63.3372,100,100
63.336,100,100
63.3349,100,100
63.3337,100,100
63.3325,100,100
63.3313,100,100
63.3302,100,100
63.329,100,100
63.3278,100,100
63.3266,100,100
63.3255,100,100
63.3243,100,100
63.3231,100,100
63.3219,100,100
63.3208,100,100
63.3196,100,100
63.3184,100,100
63.3172,100,100
63.3161,100,100
63.3149,100,100
63.3137,100,100
63.3125,100,100
63.3114,100,100
63.3102,100,100
63.309,100,100
63.3078,100,100
63.3067,100,100
63.3055,100,100
63.3043,100,100
63.3031,100,100
63.302,100,100
63.3008,100,100
63.2996,100,100
63.2984,100,100
63.2973,100,100
63.2961,100,100
63.2949,100,100
63.2937,100,100
63.2926,100,100
63.2914,100,100
63.2902,100,100
63.289,100,100
63.2879,100,100
63.2867,100,100
63.2855,100,100
63.2843,100,100
63.2832,100,100
63.282,100,100
63.2808,100,100
63.2796,100,100
63.2785,100,100
63.2773,100,100
63.2761,100,100
63.2749,100,100
63.2738,100,100
63.2726,100,100
63.2714,100,100
63.2702,100,100
63.2691,100,100
63.2679,100,100
63.2667,100,100
63.2655,100,100
63.2644,100,100
63.2632,100,100
63.262,100,100
63.2608,100,100
63.2597,100,100
63.2585,100,100
63.2573,100,100
63.2561,100,100
63.255,100,100
63.2538,100,100
63.2526,100,100
63.2514,100,100
63.2503,100,100
63.2491,100,100
63.2479,100,100
63.2467,100,100
63.2456,100,100
63.2444,100,100
63.2432,100,100
63.242,100,100
63.2409,100,100
63.2397,100,100
63.2385,100,100
63.2373,100,100
63.2362,100,100
63.235,100,100
63.2338,100,100
63.2326,100,100
63.2315,100,100
63.2303,100,100
63.2291,100,100
63.2279,100,100
63.2268,100,100
63.2256,100,100
63.2244,100,100
63.2232,100,100
63.2221,100,100
63.2209,100,100
63.2197,100,100
63.2185,100,100
63.2174,100,100
63.2162,100,100
63.215,100,100
63.2138,100,100
63.2127,100,100
63.2115,100,100
63.2103,100,100
63.2091,100,100
63.208,100,100
63.2068,100,100
63.2056,100,100
63.2044,100,100
63.2033,100,100
63.2021,100,100
63.2009,100,100
63.1997,100,100
63.1986,100,100
63.1974,100,100
63.1962,100,100
63.195,100,100
63.1939,100,100
63.1927,100,100
63.1915,100,100
63.1903,100,100
63.1892,100,100
63.188,100,100
63.1868,100,100
63.1856,100,100
63.1845,100,100
63.1833,100,100
63.1821,100,100
63.1809,100,100
63.1798,100,100
63.1786,100,100
63.1774,100,100
63.1762,100,100
63.1751,100,100
63.1739,100,100
63.1727,100,100
63.1715,100,100
63.1704,100,100
63.1692,100,100
63.168,100,100
63.1668,100,100
63.1657,100,100
63.1645,100,100
63.1633,100,100
63.1621,100,100
63.161,100,100
63.1598,100,100
63.1586,100,100
63.1574,100,100
63.1563,100,100
63.1551,100,100
63.1539,100,100
63.1527,100,100
63.1516,100,100
63.1504,100,100
63.1492,100,100
63.148,100,100
63.1469,100,100
63.1457,100,100
63.1445,100,100
63.1433,100,100
63.1422,100,100
63.141,100,100
63.1398,100,100
63.1386,100,100
63.1375,100,100
63.1363,100,100
63.1351,100,100
63.1339,100,100
63.1328,100,100
63.1316,100,100
63.1304,100,100
63.1292,100,100
63.1281,100,100
63.1269,100,100
63.1257,100,100
63.1245,100,100
63.1234,100,100
63.1222,100,100
63.121,100,100
63.1198,100,100
63.1187,100,100
63.1175,100,100
63.1163,100,100
63.1151,100,100
63.114,100,100
63.1128,100,100
63.1116,100,100
63.1104,100,100
63.1093,100,100
63.1081,100,100
63.1069,100,100
63.1057,100,100
63.1046,100,100
63.1034,100,100
63.1022,100,100
63.101,100,100
63.0999,100,100
63.0987,100,100
63.0975,100,100
63.0963,100,100
63.0952,100,100
63.094,100,100
63.0928,100,100
63.0917,100,100
63.0905,100,100
63.0893,100,100
63.0881,100,100
63.087,100,100
63.0858,100,100
63.0846,100,100
63.0834,100,100
63.0823,100,100
63.0811,100,100
63.0799,100,100
63.0788,100,100
63.0776,100,100
63.0764,100,100
63.0752,100,100
63.0741,100,100
63.0729,100,100
63.0717,100,100
63.0706,100,100
63.0694,100,100
63.0682,100,100
63.067,100,100
63.0659,100,100
63.0647,100,100
63.0635,100,100
63.0624,100,100
63.0612,100,100
63.06,100,100
63.0588,100,100
63.0577,100,100
63.0565,100,100
63.0553,100,100
63.0542,100,100
63.053,100,100
63.0518,100,100
63.0506,100,100
63.0495,100,100
63.0483,100,100
63.0471,100,100
63.046,100,100
63.0448,100,100
63.0436,100,100
63.0424,100,100
63.0413,100,100
63.0401,100,100
63.0389,100,100
63.0378,100,100
63.0366,100,100
63.0354,100,100
63.0342,100,100
63.0331,100,100
63.0319,100,100
63.0307,100,100
63.0296,100,100
63.0284,100,100
63.0272,100,100
63.026,100,100
63.0249,100,100
63.0237,100,100
63.0225,100,100
63.0213,100,100
63.0202,100,100
63.019,100,100
63.0178,100,100
63.0167,100,100
63.0155,100,100
63.0143,100,100
63.0131,100,100
63.012,100,100
63.0108,100,100
63.0096,100,100
63.0085,100,100
63.0073,100,100
63.0061,100,100
63.0049,100,100
63.0038,100,100
63.0026,100,100
63.0014,100,100
63.0003,100,100
62.9991,100,100
62.9979,100,100
62.9967,100,100
62.9956,100,100
62.9944,100,100
62.9932,100,100
62.9921,100,100
62.9909,100,100
62.9897,100,100
62.9885,100,100
62.9874,100,100
62.9862,100,100
62.985,100,100
62.9839,100,100
62.9827,100,100
62.9815,100,100
62.9803,100,100
62.9792,100,100
62.978,100,100
62.9768,100,100
62.9757,100,100
62.9745,100,100
62.9733,100,100
62.9722,100,100
62.971,100,100
62.9698,100,100
62.9686,100,100
62.9675,100,100
62.9663,100,100
62.9651,100,100
62.964,100,100
62.9628,100,100
62.9616,100,100
62.9605,100,100
62.9593,100,100
62.9581,100,100
62.9569,100,100
62.9558,100,100
62.9546,100,100
62.9534,100,100
62.9523,100,100
62.9511,100,100
62.9499,100,100
62.9488,100,100
62.9476,100,100
62.9464,100,100
62.9452,100,100
62.9441,100,100
62.9429,100,100
62.9417,100,100
62.9406,100,100
62.9394,100,100
62.9382,100,100
62.9371,100,100
62.9359,100,100
62.9347,100,100
62.9336,100,100
62.9324,100,100
62.9312,100,100
62.93,100,100
62.9289,100,100
62.9277,100,100
62.9265,100,100
62.9254,100,100
62.9242,100,100
62.923,100,100
62.9219,100,100
62.9207,100,100
62.9195,100,100
62.9183,100,100
62.9172,100,100
62.916,100,100
62.9148,100,100
62.9137,100,100
62.9125,100,100
62.9113,100,100
62.9102,100,100
62.909,100,100
62.9078,100,100
62.9066,100,100
62.9055,100,100
62.9043,100,100
62.9031,100,100
62.902,100,100
62.9008,100,100
62.8996,100,100
62.8985,100,100
62.8973,100,100
62.8961,100,100
62.8949,100,100
62.8938,100,100
62.8926,100,100
62.8914,100,100
62.8903,100,100
62.8891,100,100
62.8879,100,100
62.8868,100,100
62.8856,100,100
62.8844,100,100
62.8833,100,100
62.8821,100,100
62.8809,100,100
62.8797,100,100
62.8786,100,100
62.8774,100,100
62.8762,100,100
62.8751,100,100
62.8739,100,100
62.8727,100,100
62.8716,100,100
62.8704,100,100
62.8692,100,100
62.868,100,100
62.8669,100,100
62.8657,100,100
62.8645,100,100
62.8634,100,100
62.8622,100,100
62.861,100,100
62.8599,100,100
62.8587,100,100
62.8575,100,100
62.8563,100,100
62.8552,100,100
62.854,100,100
62.8528,100,100
62.8517,100,100
62.8505,100,100
62.8493,100,100
62.8482,100,100
62.847,100,100
62.8458,100,100
62.8446,100,100
62.8435,100,100
62.8423,100,100
62.8411,100,100
62.84,100,100
62.8388,100,100
62.8376,100,100
62.8365,100,100
62.8353,100,100
62.8341,100,100
62.833,100,100
62.8318,100,100
62.8306,100,100
62.8294,100,100
62.8283,100,100
62.8271,100,100
62.8259,100,100
62.8248,100,100
62.8236,100,100
62.8224,100,100
62.8213,100,100
62.8201,100,100
62.8189,100,100
62.8177,100,100
62.8166,100,100
62.8154,100,100
62.8142,100,100
62.8131,100,100
62.8119,100,100
62.8107,100,100
62.8096,100,100
62.8084,100,100
62.8072,100,100
62.806,100,100
62.8049,100,100
62.8037,100,100
62.8025,100,100
62.8014,100,100
62.8002,100,100
62.799,100,100
62.7979,100,100
62.7967,100,100
62.7955,100,100
62.7943,100,100
62.7932,100,100
62.792,100,100
62.7908,100,100
62.7897,100,100
62.7885,100,100
62.7873,100,100
62.7862,100,100
62.785,100,100
62.7838,100,100
62.7826,100,100
62.7815,100,100
62.7803,100,100
62.7791,100,100
62.778,100,100
62.7768,100,100
62.7756,100,100
62.7745,100,100
62.7733,100,100
62.7721,100,100
62.771,100,100
62.7698,100,100
62.7686,100,100
62.7674,100,100
62.7663,100,100
62.7651,100,100
62.7639,100,100
62.7628,100,100
62.7616,100,100
62.7604,100,100
62.7593,100,100
62.7581,100,100
62.7569,100,100
62.7557,100,100
62.7546,100,100
62.7534,100,100
62.7522,100,100
62.7511,100,100
62.7499,100,100
62.7487,100,100
62.7476,100,100
62.7464,100,100
62.7452,100,100
62.744,100,100
62.7429,100,100
62.7417,100,100
62.7405,100,100
62.7394,100,100
62.7382,100,100
62.737,100,100
62.7359,100,100
62.7347,100,100
62.7335,100,100
62.7323,100,100
62.7312,100,100
62.73,100,100
62.7288,100,100
62.7277,100,100
62.7265,100,100
62.7253,100,100
62.7242,100,100
62.723,100,100
62.7218,100,100
62.7207,100,100
62.7195,100,100
62.7183,100,100
62.7171,100,100
62.716,100,100
62.7148,100,100
62.7136,100,100
62.7125,100,100
62.7113,100,100
62.7101,100,100
62.709,100,100
62.7078,100,100
62.7066,100,100
62.7054,100,100
62.7043,100,100
62.7031,100,100
62.7019,100,100
62.7008,100,100
62.6996,100,100
62.6984,100,100
62.6973,100,100
62.6961,100,100
62.6949,100,100
62.6937,100,100
62.6926,100,100
62.6914,100,100
62.6902,100,100
62.6891,100,100
62.6879,100,100
62.6867,100,100
62.6856,100,100
62.6844,100,100
62.6832,100,100
62.682,100,100
62.6809,100,100
62.6797,100,100
62.6785,100,100
62.6774,100,100
62.6762,100,100
62.675,100,100
62.6739,100,100
62.6727,100,100
62.6715,100,100
62.6704,100,100
62.6692,100,100
62.668,100,100
62.6668,100,100
62.6657,100,100
62.6645,100,100
62.6633,100,100
62.6622,100,100
62.661,100,100
62.6598,100,100
62.6587,100,100
62.6575,100,100
62.6563,100,100
62.6551,100,100
62.654,100,100
62.6528,100,100
62.6516,100,100
62.6505,100,100
62.6493,100,100
62.6481,100,100
62.647,100,100
62.6458,100,100
62.6446,100,100
62.6434,100,100
62.6423,100,100
62.6411,100,100
62.6399,100,100
62.6388,100,100
62.6376,100,100
62.6364,100,100
62.6353,100,100
62.6341,100,100
62.6329,100,100
62.6317,100,100
62.6306,100,100
62.6294,100,100
62.6282,100,100
62.6271,100,100
62.6259,100,100
62.6247,100,100
62.6236,100,100
62.6224,100,100
62.6212,100,100
62.62,100,100
62.6189,100,100
62.6177,100,100
62.6165,100,100
62.6154,100,100
62.6142,100,100
62.613,100,100
62.6119,100,100
62.6107,100,100
62.6095,100,100
62.6084,100,100
62.6072,100,100
62.606,100,100
62.6048,100,100
62.6037,100,100
62.6025,100,100
62.6013,100,100
62.6002,100,100
62.599,100,100
62.5978,100,100
62.5967,100,100
62.5955,100,100
62.5943,100,100
62.5931,100,100
62.592,100,100
62.5908,100,100
62.5896,100,100
62.5885,100,100
62.5873,100,100
62.5861,100,100
62.585,100,100
62.5838,100,100
62.5826,100,100
62.5814,100,100
62.5803,100,100
62.5791,100,100
62.5779,100,100
62.5768,100,100
62.5756,100,100
62.5744,100,100
62.5733,100,100
62.5721,100,100
62.5709,100,100
62.5697,100,100
62.5686,100,100
62.5674,100,100
62.5662,100,100
62.5651,100,100
62.5639,100,100
62.5627,100,100
62.5616,100,100
62.5604,100,100
62.5592,100,100
62.5581,100,100
62.5569,100,100
62.5557,100,100
62.5545,100,100
62.5534,100,100
62.5522,100,100
62.551,100,100
62.5499,100,100
62.5487,100,100
62.5475,100,100
62.5464,100,100
62.5452,100,100
62.544,100,100
62.5428,100,100
62.5417,100,100
62.5405,100,100
62.5393,100,100
62.5382,100,100
62.537,100,100
62.5358,100,100
62.5347,100,100
62.5335,100,100
62.5323,100,100
62.5311,100,100
62.53,100,100
62.5288,100,100
62.5276,100,100
62.5265,100,100
62.5253,100,100
62.5241,100,100
62.523,100,100
62.5218,100,100
62.5206,100,100
62.5194,100,100
62.5183,100,100
62.5171,100,100
62.5159,100,100
62.5148,100,100
62.5136,100,100
62.5124,100,100
62.5113,100,100
62.5101,100,100
62.5089,100,100
62.5077,100,100
62.5066,100,100
62.5054,100,100
62.5042,100,100
62.5031,100,100
62.5019,100,100
62.5007,100,100
62.4996,100,100
62.4984,100,100
62.4972,100,100
62.4961,100,100
62.4949,100,100
62.4937,100,100
62.4925,100,100
62.4914,100,100
62.4902,100,100
62.489,100,100
62.4879,100,100
62.4867,100,100
62.4855,100,100
62.4844,100,100
62.4832,100,100
62.482,100,100
62.4808,100,100
62.4797,100,100
62.4785,100,100
62.4773,100,100
62.4762,100,100
62.475,100,100
62.4738,100,100
62.4727,100,100
62.4715,100,100
62.4703,100,100
62.4691,100,100
62.468,100,100
62.4668,100,100
62.4656,100,100
62.4645,100,100
62.4633,100,100
62.4621,100,100
62.461,100,100
62.4598,100,100
62.4586,100,100
62.4574,100,100
62.4563,100,100
62.4551,100,100
62.4539,100,100
62.4528,100,100
62.4516,100,100
62.4504,100,100
62.4493,100,100
62.4481,100,100
62.4469,100,100
62.4458,100,100
62.4446,100,100
62.4434,100,100
62.4422,100,100
62.4411,100,100
62.4399,100,100
62.4387,100,100
62.4376,100,100
62.4364,100,100
62.4352,100,100
62.4341,100,100
62.4329,100,100
62.4317,100,100
62.4305,100,100
62.4294,100,100
62.4282,100,100
62.427,100,100
62.4259,100,100
62.4247,100,100
62.4235,100,100
62.4224,100,100
62.4212,100,100
62.42,100,100
62.4188,100,100
62.4177,100,100
62.4165,100,100
62.4153,100,100
62.4142,100,100
62.413,100,100
62.4118,100,100
62.4107,100,100
62.4095,100,100
62.4083,100,100
62.4071,100,100
62.406,100,100
62.4048,100,100
62.4036,100,100
62.4025,100,100
62.4013,100,100
62.4001,100,100
62.399,100,100
62.3978,100,100
62.3966,100,100
62.3955,100,100
62.3943,100,100
62.3931,100,100
62.3919,100,100
62.3908,100,100
62.3896,100,100
62.3884,100,100
62.3873,100,100
62.3861,100,100
62.3849,100,100
62.3838,100,100
62.3826,100,100
62.3814,100,100
62.3802,100,100
62.3791,100,100
62.3779,100,100
62.3767,100,100
62.3756,100,100
62.3744,100,100
62.3732,100,100
62.3721,100,100
62.3709,100,100
62.3697,100,100
62.3685,100,100
62.3674,100,100
62.3662,100,100
62.365,100,100
62.3639,100,100
62.3627,100,100
62.3615,100,100
62.3604,100,100
62.3592,100,100
62.358,100,100
62.3568,100,100
62.3557,100,100
62.3545,100,100
62.3533,100,100
62.3522,100,100
62.351,100,100
62.3498,100,100
62.3487,100,100
62.3475,100,100
62.3463,100,100
62.3451,100,100
62.344,100,100
62.3428,100,100
62.3416,100,100
62.3405,100,100
62.3393,100,100
62.3381,100,100
62.337,100,100
62.3358,100,100
62.3346,100,100
62.3335,100,100
62.3323,100,100
62.3311,100,100
62.3299,100,100
62.3288,100,100
62.3276,100,100
62.3264,100,100
62.3253,100,100
62.3241,100,100
62.3229,100,100
62.3218,100,100
62.3206,100,100
62.3194,100,100
62.3182,100,100
62.3171,100,100
62.3159,100,100
62.3147,100,100
62.3136,100,100
62.3124,100,100
62.3112,100,100
62.3101,100,100
62.3089,100,100
62.3077,100,100
62.3065,100,100
62.3054,100,100
62.3042,100,100
62.303,100,100
62.3019,100,100
62.3007,100,100
62.2995,100,100
62.2984,100,100
62.2972,100,100
62.296,100,100
62.2948,100,100
62.2937,100,100
62.2925,100,100
62.2913,100,100
62.2902,100,100
62.289,100,100
62.2878,100,100
62.2867,100,100
62.2855,100,100
62.2843,100,100
62.2832,100,100
62.282,100,100
62.2808,100,100
62.2796,100,100
62.2785,100,100
62.2773,100,100
62.2761,100,100
62.275,100,100
62.2738,100,100
62.2726,100,100
62.2715,100,100
62.2703,100,100
62.2691,100,100
62.2679,100,100
62.2668,100,100
62.2656,100,100
62.2644,100,100
62.2633,100,100
62.2621,100,100
62.2609,100,100
62.2598,100,100
62.2586,100,100
62.2574,100,100
62.2562,100,100
62.2551,100,100
62.2539,100,100
62.2527,100,100
62.2516,100,100
62.2504,100,100
62.2492,100,100
62.2481,100,100
62.2469,100,100
62.2457,100,100
62.2445,100,100
62.2434,100,100
62.2422,100,100
62.241,100,100
62.2399,100,100
62.2387,100,100
62.2375,100,100
62.2364,100,100
62.2352,100,100
62.234,100,100
62.2329,100,100
62.2317,100,100
62.2305,100,100
62.2293,100,100
62.2282,100,100
62.227,100,100
62.2258,100,100
62.2247,100,100
62.2235,100,100
62.2223,100,100
62.2212,100,100
62.22,100,100
62.2188,100,100
62.2176,100,100
62.2165,100,100
62.2153,100,100
62.2141,100,100
62.213,100,100
62.2118,100,100
62.2106,100,100
62.2095,100,100
62.2083,100,100
62.2071,100,100
62.2059,100,100
62.2048,100,100
62.2036,100,100
62.2024,100,100
62.2013,100,100
62.2001,100,100
62.1989,100,100
62.1978,100,100
62.1966,100,100
62.1954,100,100
62.1943,100,100
62.1931,100,100
62.1919,100,100
62.1907,100,100
62.1896,100,100
62.1884,100,100
62.1872,100,100
62.1861,100,100
62.1849,100,100
62.1837,100,100
62.1826,100,100
62.1814,100,100
62.1802,100,100
62.179,100,100
62.1779,100,100
62.1767,100,100
62.1755,100,100
62.1744,100,100
62.1732,100,100
62.172,100,100
62.1709,100,100
62.1697,100,100
62.1685,100,100
62.1673,100,100
62.1662,100,100
62.165,100,100
62.1638,100,100
62.1627,100,100
62.1615,100,100
62.1603,100,100
62.1592,100,100
62.158,100,100
62.1569,100,100
62.1557,100,100
62.1545,100,100
62.1534,100,100
62.1522,100,100
62.151,100,100
62.1499,100,100
62.1487,100,100
62.1475,100,100
62.1464,100,100
62.1452,100,100
62.144,100,100
62.1429,100,100
62.1417,100,100
62.1405,100,100
62.1394,100,100
62.1382,100,100
62.1371,100,100
62.1359,100,100
62.1347,100,100
62.1336,100,100
62.1324,100,100
62.1312,100,100
62.1301,100,100
62.1289,100,100
62.1277,100,100
62.1266,100,100
62.1254,100,100
62.1242,100,100
62.1231,100,100
62.1219,100,100
62.1207,100,100
62.1196,100,100
62.1184,100,100
62.1172,100,100
62.1161,100,100
62.1149,100,100
62.1138,100,100
62.1126,100,100
62.1114,100,100
62.1103,100,100
62.1091,100,100
62.1079,100,100
62.1068,100,100
62.1056,100,100
62.1044,100,100
62.1033,100,100
62.1021,100,100
62.1009,100,100
62.0998,100,100
62.0986,100,100
62.0974,100,100
62.0963,100,100
62.0951,100,100
62.094,100,100
62.0928,100,100
62.0916,100,100
62.0905,100,100
62.0893,100,100
62.0881,100,100
62.087,100,100
62.0858,100,100
62.0846,100,100
62.0835,100,100
62.0823,100,100
62.0811,100,100
62.08,100,100
62.0788,100,100
62.0776,100,100
62.0765,100,100
62.0753,100,100
62.0741,100,100
62.073,100,100
62.0718,100,100
62.0707,100,100
62.0695,100,100
62.0683,100,100
62.0672,100,100
62.066,100,100
62.0648,100,100
62.0637,100,100
62.0625,100,100
62.0613,100,100
62.0602,100,100
62.059,100,100
62.0578,100,100
62.0567,100,100
62.0555,100,100
62.0543,100,100
62.0532,100,100
62.052,100,100
62.0509,100,100
62.0497,100,100
62.0485,100,100
62.0474,100,100
62.0462,100,100
62.045,100,100
62.0438,100,100
62.0427,100,100
62.0415,100,100
62.0403,100,100
62.0392,100,100
62.038,100,100
62.0368,100,100
62.0357,100,100
62.0345,100,100
62.0333,100,100
62.0321,100,100
62.031,100,100
62.0298,100,100
62.0286,100,100
62.0275,100,100
62.0263,100,100
62.0251,100,100
62.024,100,100
62.0228,100,100
62.0216,100,100
62.0205,100,100
62.0193,100,100
62.0181,100,100
62.0169,100,100
62.0158,100,100
62.0146,100,100
62.0134,100,100
62.0123,100,100
62.0111,100,100
62.0099,100,100
62.0088,100,100
62.0076,100,100
62.0064,100,100
62.0053,100,100
62.0041,100,100
62.0029,100,100
62.0017,100,100
62.0006,100,100
61.9994,100,100
61.9982,100,100
61.9971,100,100
61.9959,100,100
61.9947,100,100
61.9936,100,100
61.9924,100,100
61.9912,100,100
61.99,100,100
61.9889,100,100
61.9877,100,100
61.9865,100,100
61.9854,100,100
61.9842,100,100
61.983,100,100
61.9819,100,100
61.9807,100,100
61.9795,100,100
61.9784,100,100
61.9772,100,100
61.976,100,100
61.9748,100,100
61.9737,100,100
61.9725,100,100
61.9713,100,100
61.9702,100,100
61.969,100,100
61.9678,100,100
61.9667,100,100
61.9655,100,100
61.9643,100,100
61.9632,100,100
61.962,100,100
61.9608,100,100
61.9596,100,100
61.9585,100,100
61.9573,100,100
61.9561,100,100
61.955,100,100
61.9538,100,100
61.9526,100,100
61.9515,100,100
61.9503,100,100
61.9491,100,100
61.9479,100,100
61.9468,100,100
61.9456,100,100
61.9444,100,100
61.9433,100,100
61.9421,100,100
61.9409,100,100
61.9398,100,100
61.9386,100,100
61.9374,100,100
61.9363,100,100
61.9351,100,100
61.9339,100,100
61.9327,100,100
61.9316,100,100
61.9304,100,100
61.9292,100,100
61.9281,100,100
61.9269,100,100
61.9257,100,100
61.9245,100,100
61.9234,100,100
61.9222,100,100
61.921,100,100
61.9198,100,100
61.9187,100,100
61.9175,100,100
61.9163,100,100
61.9151,100,100
61.914,100,100
61.9128,100,100
61.9116,100,100
61.9104,100,100
61.9093,100,100
61.9081,100,100
61.9069,100,100
61.9057,100,100
61.9046,100,100
61.9034,100,100
61.9022,100,100
61.901,100,100
61.8999,100,100
61.8987,100,100
61.8975,100,100
61.8963,100,100
61.8952,100,100
61.894,100,100
61.8928,100,100
61.8916,100,100
61.8905,100,100
61.8893,100,100
61.8881,100,100
61.887,100,100
61.8858,100,100
61.8846,100,100
61.8834,100,100
61.8823,100,100
61.8811,100,100
61.8799,100,100
61.8787,100,100
61.8776,100,100
61.8764,100,100
61.8752,100,100
61.874,100,100
61.8729,100,100
61.8717,100,100
61.8705,100,100
61.8693,100,100
61.8682,100,100
61.867,100,100
61.8658,100,100
61.8646,100,100
61.8635,100,100
61.8623,100,100
61.8611,100,100
61.8599,100,100
61.8588,100,100
61.8576,100,100
61.8564,100,100
61.8552,100,100
61.8541,100,100
61.8529,100,100
61.8517,100,100
61.8505,100,100
61.8494,100,100
61.8482,100,100
61.847,100,100
61.8458,100,100
61.8447,100,100
61.8435,100,100
61.8423,100,100
61.8412,100,100
61.84,100,100
61.8388,100,100
61.8376,100,100
61.8365,100,100
61.8353,100,100
61.8341,100,100
61.8329,100,100
61.8318,100,100
61.8306,100,100
61.8294,100,100
61.8282,100,100
61.8271,100,100
61.8259,100,100
61.8247,100,100
61.8235,100,100
61.8224,100,100
61.8212,100,100
61.82,100,100
61.8188,100,100
61.8177,100,100
61.8165,100,100
61.8153,100,100
61.8141,100,100
61.813,100,100
61.8118,100,100
61.8106,100,100
61.8094,100,100
61.8083,100,100
61.8071,100,100
61.8059,100,100
61.8047,100,100
61.8036,100,100
61.8024,100,100
61.8012,100,100
61.8,100,100
61.7989,100,100
61.7977,100,100
61.7965,100,100
61.7953,100,100
61.7942,100,100
61.793,100,100
61.7918,100,100
61.7906,100,100
61.7895,100,100
61.7883,100,100
61.7871,100,100
61.7859,100,100
61.7848,100,100
61.7836,100,100
61.7824,100,100
61.7812,100,100
61.7801,100,100
61.7789,100,100
61.7777,100,100
61.7765,100,100
61.7754,100,100
61.7742,100,100
61.773,100,100
61.7718,100,100
61.7707,100,100
61.7695,100,100
61.7683,100,100
61.7671,100,100
61.766,100,100
61.7648,100,100
61.7636,100,100
61.7624,100,100
61.7613,100,100
61.7601,100,100
61.7589,100,100
61.7577,100,100
61.7566,100,100
61.7554,100,100
61.7542,100,100
61.753,100,100
61.7519,100,100
61.7507,100,100
61.7495,100,100
61.7483,100,100
61.7472,100,100
61.746,100,100
61.7448,100,100
61.7436,100,100
61.7425,100,100
61.7413,100,100
61.7401,100,100
61.7389,100,100
61.7378,100,100
61.7366,100,100
61.7354,100,100
61.7342,100,100
61.7331,100,100
61.7319,100,100
61.7307,100,100
61.7295,100,100
61.7284,100,100
61.7272,100,100
61.726,100,100
61.7248,100,100
61.7237,100,100
61.7225,100,100
61.7213,100,100
61.7201,100,100
61.719,100,100
61.7178,100,100
61.7166,100,100
61.7154,100,100
61.7143,100,100
61.7131,100,100
61.7119,100,100
61.7107,100,100
61.7096,100,100
61.7084,100,100
61.7072,100,100
61.706,100,100
61.7049,100,100
61.7037,100,100
61.7025,100,100
61.7013,100,100
61.7002,100,100
61.699,100,100
61.6978,100,100
61.6966,100,100
61.6955,100,100
61.6943,100,100
61.6931,100,100
61.6919,100,100
61.6908,100,100
61.6896,100,100
61.6884,100,100
61.6872,100,100
61.6861,100,100
61.6849,100,100
61.6837,100,100
61.6825,100,100
61.6814,100,100
61.6802,100,100
61.679,100,100
61.6778,100,100
61.6767,100,100
61.6755,100,100
61.6743,100,100
61.6731,100,100
61.672,100,100
61.6708,100,100
61.6696,100,100
61.6684,100,100
61.6673,100,100
61.6661,100,100
61.6649,100,100
61.6637,100,100
61.6626,100,100
61.6614,100,100
61.6602,100,100
61.659,100,100
61.6579,100,100
61.6567,100,100
61.6555,100,100
61.6543,100,100
61.6532,100,100
61.652,100,100
61.6508,100,100
61.6496,100,100
61.6485,100,100
61.6473,100,100
61.6461,100,100
61.6449,100,100
61.6438,100,100
61.6426,100,100
61.6414,100,100
61.6402,100,100
61.6391,100,100
61.6379,100,100
61.6367,100,100
61.6355,100,100
61.6344,100,100
61.6332,100,100
61.632,100,100
61.6308,100,100
61.6297,100,100
61.6285,100,100
61.6273,100,100
61.6261,100,100
61.625,100,100
61.6238,100,100
61.6226,100,100
61.6214,100,100
61.6203,100,100
61.6191,100,100
61.6179,100,100
61.6167,100,100
61.6156,100,100
61.6144,100,100
61.6132,100,100
61.612,100,100
61.6109,100,100
61.6097,100,100
61.6085,100,100
61.6073,100,100
61.6062,100,100
61.605,100,100
61.6038,100,100
61.6026,100,100
61.6015,100,100
61.6003,100,100
61.5991,100,100
61.5979,100,100
61.5968,100,100
61.5956,100,100
61.5944,100,100
61.5932,100,100
61.5921,100,100
61.5909,100,100
61.5897,100,100
61.5885,100,100
61.5874,100,100
61.5862,100,100
61.585,100,100
61.5838,100,100
61.5827,100,100
61.5815,100,100
61.5803,100,100
61.5791,100,100
61.578,100,100
61.5768,100,100
61.5756,100,100
61.5744,100,100
61.5733,100,100
61.5721,100,100
61.5709,100,100
61.5698,100,100
61.5686,100,100
61.5674,100,100
61.5662,100,100
61.5651,100,100
61.5639,100,100
61.5627,100,100
61.5615,100,100
61.5604,100,100
61.5592,100,100
61.558,100,100
61.5569,100,100
61.5557,100,100
61.5545,100,100
61.5533,100,100
61.5522,100,100
61.551,100,100
61.5498,100,100
61.5486,100,100
61.5475,100,100
61.5463,100,100
61.5451,100,100
61.544,100,100
61.5428,100,100
61.5416,100,100
61.5404,100,100
61.5393,100,100
61.5381,100,100
61.5369,100,100
61.5357,100,100
61.5346,100,100
61.5334,100,100
61.5322,100,100
61.5311,100,100
61.5299,100,100
61.5287,100,100
61.5275,100,100
61.5264,100,100
61.5252,100,100
61.524,100,100
61.5228,100,100
61.5217,100,100
61.5205,100,100
61.5193,100,100
61.5182,100,100
61.517,100,100
61.5158,100,100
61.5146,100,100
61.5135,100,100
61.5123,100,100
61.5111,100,100
61.5099,100,100
61.5088,100,100
61.5076,100,100
61.5064,100,100
61.5053,100,100
61.5041,100,100
61.5029,100,100
61.5017,100,100
61.5006,100,100
61.4994,100,100
61.4982,100,100
61.497,100,100
61.4959,100,100
61.4947,100,100
61.4935,100,100
61.4924,100,100
61.4912,100,100
61.49,100,100
61.4888,100,100
61.4877,100,100
61.4865,100,100
61.4853,100,100
61.4841,100,100
61.483,100,100
61.4818,100,100
61.4806,100,100
61.4795,100,100
61.4783,100,100
61.4771,100,100
61.4759,100,100
61.4748,100,100
61.4736,100,100
61.4724,100,100
61.4713,100,100
61.4701,100,100
61.4689,100,100
61.4677,100,100
61.4666,100,100
61.4654,100,100
61.4642,100,100
61.463,100,100
61.4619,100,100
61.4607,100,100
61.4595,100,100
61.4584,100,100
61.4572,100,100
61.456,100,100
61.4549,100,100
61.4537,100,100
61.4525,100,100
61.4513,100,100
61.4502,100,100
61.449,100,100
61.4478,100,100
61.4467,100,100
61.4455,100,100
61.4443,100,100
61.4432,100,100
61.442,100,100
61.4408,100,100
61.4396,100,100
61.4385,100,100
61.4373,100,100
61.4361,100,100
61.435,100,100
61.4338,100,100
61.4326,100,100
61.4315,100,100
61.4303,100,100
61.4291,100,100
61.4279,100,100
61.4268,100,100
61.4256,100,100
61.4244,100,100
61.4233,100,100
61.4221,100,100
61.4209,100,100
61.4198,100,100
61.4186,100,100
61.4174,100,100
61.4162,100,100
61.4151,100,100
61.4139,100,100
61.4127,100,100
61.4116,100,100
61.4104,100,100
61.4092,100,100
61.4081,100,100
61.4069,100,100
61.4057,100,100
61.4045,100,100
61.4034,100,100
61.4022,100,100
61.401,100,100
61.3999,100,100
61.3987,100,100
61.3975,100,100
61.3964,100,100
61.3952,100,100
61.394,100,100
61.3929,100,100
61.3917,100,100
61.3905,100,100
61.3893,100,100
61.3882,100,100
61.387,100,100
61.3858,100,100
61.3847,100,100
61.3835,100,100
61.3823,100,100
61.3812,100,100
61.38,100,100
61.3788,100,100
61.3776,100,100
61.3765,100,100
61.3753,100,100
61.3741,100,100
61.373,100,100
61.3718,100,100
61.3706,100,100
61.3695,100,100
61.3683,100,100
61.3671,100,100
61.3659,100,100
61.3648,100,100
61.3636,100,100
61.3624,100,100
61.3613,100,100
61.3601,100,100
61.3589,100,100
61.3578,100,100
61.3566,100,100
61.3554,100,100
61.3542,100,100
61.3531,100,100
61.3519,100,100
61.3507,100,100
61.3496,100,100
61.3484,100,100
61.3472,100,100
61.3461,100,100
61.3449,100,100
61.3437,100,100
61.3426,100,100
61.3414,100,100
61.3402,100,100
61.339,100,100
61.3379,100,100
61.3367,100,100
61.3355,100,100
61.3344,100,100
61.3332,100,100
61.332,100,100
61.3309,100,100
61.3297,100,100
61.3285,100,100
61.3274,100,100
61.3262,100,100
61.325,100,100
61.3238,100,100
61.3227,100,100
61.3215,100,100
61.3203,100,100
61.3192,100,100
61.318,100,100
61.3168,100,100
61.3157,100,100
61.3145,100,100
61.3133,100,100
61.3122,100,100
61.311,100,100
61.3098,100,100
61.3087,100,100
61.3075,100,100
61.3063,100,100
61.3051,100,100
61.304,100,100
61.3028,100,100
61.3016,100,100
61.3005,100,100
61.2993,100,100
61.2981,100,100
61.297,100,100
61.2958,100,100
61.2946,100,100
61.2935,100,100
61.2923,100,100
61.2911,100,100
61.2899,100,100
61.2888,100,100
61.2876,100,100
61.2864,100,100
61.2853,100,100
61.2841,100,100
61.2829,100,100
61.2818,100,100
61.2806,100,100
61.2794,100,100
61.2783,100,100
61.2771,100,100
61.2759,100,100
61.2748,100,100
61.2736,100,100
61.2724,100,100
61.2712,100,100
61.2701,100,100
61.2689,100,100
61.2677,100,100
61.2666,100,100
61.2654,100,100
61.2642,100,100
61.2631,100,100
61.2619,100,100
61.2607,100,100
61.2596,100,100
61.2584,100,100
61.2572,100,100
61.256,100,100
61.2549,100,100
61.2537,100,100
61.2525,100,100
61.2514,100,100
61.2502,100,100
61.249,100,100
61.2479,100,100
61.2467,100,100
61.2455,100,100
61.2444,100,100
61.2432,100,100
61.242,100,100
61.2408,100,100
61.2397,100,100
61.2385,100,100
61.2373,100,100
61.2362,100,100
61.235,100,100
61.2338,100,100
61.2327,100,100
61.2315,100,100
61.2303,100,100
61.2292,100,100
61.228,100,100
61.2268,100,100
61.2257,100,100
61.2246,100,100
61.2234,100,100
61.2223,100,100
61.2211,100,100
61.22,100,100
61.2188,100,100
61.2177,100,100
61.2165,100,100
61.2154,100,100
61.2143,100,100
61.2131,100,100
61.212,100,100
61.2108,100,100
61.2097,100,100
61.2085,100,100
61.2074,100,100
61.2063,100,100
61.2051,100,100
61.204,100,100
61.2028,100,100
61.2017,100,100
61.2005,100,100
61.1994,100,100
61.1983,100,100
61.1971,100,100
61.196,100,100
61.1948,100,100
61.1937,100,100
61.1925,100,100
61.1914,100,100
61.1902,100,100
61.1891,100,100
61.188,100,100
61.1868,100,100
61.1857,100,100
61.1845,100,100
61.1834,100,100
61.1822,100,100
61.1811,100,100
61.18,100,100
61.1788,100,100
61.1777,100,100
61.1765,100,100
61.1754,100,100
61.1742,100,100
61.1731,100,100
61.1719,100,100
61.1708,100,100
61.1697,100,100
61.1685,100,100
61.1674,100,100
61.1662,100,100
61.1651,100,100
61.1639,100,100
61.1628,100,100
61.1617,100,100
61.1605,100,100
61.1594,100,100
61.1582,100,100
61.1571,100,100
61.1559,100,100
61.1548,100,100
61.1537,100,100
61.1525,100,100
61.1514,100,100
61.1502,100,100
61.1491,100,100
61.1479,100,100
61.1468,100,100
61.1456,100,100
61.1445,100,100
61.1434,100,100
61.1422,100,100
61.1411,100,100
61.1399,100,100
61.1388,100,100
61.1376,100,100
61.1365,100,100
61.1354,100,100
61.1342,100,100
61.1331,100,100
61.1319,100,100
61.1308,100,100
61.1296,100,100
61.1285,100,100
61.1273,100,100
61.1262,100,100
61.1251,100,100
61.1239,100,100
61.1228,100,100
61.1216,100,100
61.1205,100,100
61.1193,100,100
61.1182,100,100
61.1171,100,100
61.1159,100,100
61.1148,100,100
61.1136,100,100
61.1126,100,100
61.1115,100,100
61.1105,100,100
61.1094,100,100
61.1084,100,100
61.1073,100,100
61.1063,100,100
61.1053,100,100
61.1042,100,100
61.1032,100,100
61.1021,100,100
61.1011,100,100
61.1,100,100
61.099,100,100
61.098,100,100
61.0969,100,100
61.0959,100,100
61.0948,100,100
61.0938,100,100
61.0927,100,100
61.0917,100,100
61.0906,100,100
61.0896,100,100
61.0886,100,100
61.0875,100,100
61.0865,100,100
61.0854,100,100
61.0844,100,100
61.0833,100,100
61.0823,100,100
61.0813,100,100
61.0802,100,100
61.0792,100,100
61.0781,100,100
61.0771,100,100
61.076,100,100
61.075,100,100
61.0739,100,100
61.0729,100,100
61.0719,100,100
61.0708,100,100
61.0698,100,100
61.0687,100,100
61.0677,100,100
61.0666,100,100
61.0656,100,100
61.0646,100,100
61.0635,100,100
61.0625,100,100
61.0614,100,100
61.0604,100,100
61.0593,100,100
61.0583,100,100
61.0573,100,100
61.0562,100,100
61.0552,100,100
61.0541,100,100
61.0531,100,100
61.052,100,100
61.051,100,100
61.0499,100,100
61.0489,100,100
61.0479,100,100
61.0468,100,100
61.0458,100,100
61.0447,100,100
61.0437,100,100
61.0426,100,100
61.0416,100,100
61.0406,100,100
61.0395,100,100
61.0385,100,100
61.0374,100,100
61.0364,100,100
61.0353,100,100
61.0343,100,100
61.0332,100,100
61.0322,100,100
61.0312,100,100
61.0301,100,100
61.0291,100,100
61.028,100,100
61.027,100,100
61.0259,100,100
61.0249,100,100
61.0239,100,100
61.0228,100,100
61.0218,100,100
61.0207,100,100
61.0197,100,100
61.0186,100,100
61.0176,100,100
61.0166,100,100
61.0155,100,100
61.0145,100,100
61.0134,100,100
61.0124,100,100
61.0113,100,100
61.0103,100,100
61.0092,100,100
61.0083,100,100
61.0074,100,100
61.0064,100,100
61.0055,100,100
61.0046,100,100
61.0037,100,100
61.0027,100,100
61.0018,100,100
61.0009,100,100
61,100,100
60.999,100,100
60.9981,100,100
60.9972,100,100
60.9963,100,100
60.9953,100,100
60.9944,100,100
60.9935,100,100
60.9926,100,100
60.9916,100,100
60.9907,100,100
60.9898,100,100
60.9889,100,100
60.9879,100,100
60.987,100,100
60.9861,100,100
60.9852,100,100
60.9842,100,100
60.9833,100,100
60.9824,100,100
60.9815,100,100
60.9805,100,100
60.9796,100,100
60.9787,100,100
60.9777,100,100
60.9768,100,100
60.9759,100,100
60.975,100,100
60.974,100,100
60.9731,100,100
60.9722,100,100
60.9713,100,100
60.9703,100,100
60.9694,100,100
60.9685,100,100
60.9676,100,100
60.9666,100,100
60.9657,100,100
60.9648,100,100
60.9639,100,100
60.9629,100,100
60.962,100,100
60.9611,100,100
60.9602,100,100
60.9592,100,100
60.9583,100,100
60.9574,100,100
60.9565,100,100
60.9555,100,100
60.9546,100,100
60.9537,100,100
60.9527,100,100
60.9518,100,100
60.9509,100,100
60.95,100,100
60.949,100,100
60.9481,100,100
60.9472,100,100
60.9463,100,100
60.9453,100,100
60.9444,100,100
60.9435,100,100
60.9426,100,100
60.9416,100,100
60.9407,100,100
60.9398,100,100
60.9389,100,100
60.9379,100,100
60.937,100,100
60.9361,100,100
60.9352,100,100
60.9342,100,100
60.9333,100,100
60.9324,100,100
60.9315,100,100
60.9305,100,100
60.9296,100,100
60.9287,100,100
60.9278,100,100
60.9268,100,100
60.9259,100,100
60.925,100,100
60.924,100,100
60.9231,100,100
60.9222,100,100
60.9213,100,100
60.9203,100,100
60.9194,100,100
60.9185,100,100
60.9176,100,100
60.9166,100,100
60.9158,100,100
60.915,100,100
60.9142,100,100
60.9134,100,100
60.9125,100,100
60.9117,100,100
60.9109,100,100
60.9101,100,100
60.9093,100,100
60.9084,100,100
60.9076,100,100
60.9068,100,100
60.906,100,100
60.9052,100,100
60.9044,100,100
60.9035,100,100
60.9027,100,100
60.9019,100,100
60.9011,100,100
60.9003,100,100
60.8994,100,100
60.8986,100,100
60.8978,100,100
60.897,100,100
60.8962,100,100
60.8954,100,100
60.8945,100,100
60.8937,100,100
60.8929,100,100
60.8921,100,100
60.8913,100,100
60.8904,100,100
60.8896,100,100
60.8888,100,100
60.888,100,100
60.8872,100,100
60.8864,100,100
60.8855,100,100
60.8847,100,100
60.8839,100,100
60.8831,100,100
60.8823,100,100
60.8815,100,100
60.8806,100,100
60.8798,100,100
60.879,100,100
60.8782,100,100
60.8774,100,100
60.8765,100,100
60.8757,100,100
60.8749,100,100
60.8741,100,100
60.8733,100,100
60.8725,100,100
60.8716,100,100
60.8708,100,100
60.87,100,100
60.8692,100,100
60.8684,100,100
60.8675,100,100
60.8667,100,100
60.8659,100,100
60.8651,100,100
60.8643,100,100
60.8635,100,100
60.8626,100,100
60.8618,100,100
60.861,100,100
60.8602,100,100
60.8594,100,100
60.8585,100,100
60.8577,100,100
60.8569,100,100
60.8561,100,100
60.8553,100,100
60.8545,100,100
60.8536,100,100
60.8528,100,100
60.852,100,100
60.8512,100,100
60.8504,100,100
60.8496,100,100
60.8487,100,100
60.8479,100,100
60.8471,100,100
60.8463,100,100
60.8455,100,100
60.8446,100,100
60.8438,100,100
60.843,100,100
60.8422,100,100
60.8414,100,100
60.8406,100,100
60.8397,100,100
60.8389,100,100
60.8381,100,100
60.8373,100,100
60.8365,100,100
60.8356,100,100
60.8348,100,100
60.8341,100,100
60.8333,100,100
60.8326,100,100
60.8319,100,100
60.8311,100,100
60.8304,100,100
60.8297,100,100
60.8289,100,100
60.8282,100,100
60.8275,100,100
60.8267,100,100
60.826,100,100
60.8253,100,100
60.8245,100,100
60.8238,100,100
60.8231,100,100
60.8223,100,100
60.8216,100,100
60.8209,100,100
60.8201,100,100
60.8194,100,100
60.8187,100,100
60.8179,100,100
60.8172,100,100
60.8165,100,100
60.8157,100,100
60.815,100,100
60.8143,100,100
60.8135,100,100
60.8128,100,100
60.8121,100,100
60.8113,100,100
60.8106,100,100
60.8099,100,100
60.8091,100,100
60.8084,100,100
60.8077,100,100
60.8069,100,100
60.8062,100,100
60.8055,100,100
60.8047,100,100
60.804,100,100
60.8033,100,100
60.8025,100,100
60.8018,100,100
60.8011,100,100
60.8003,100,100
60.7996,100,100
60.7989,100,100
60.7981,100,100
60.7974,100,100
60.7967,100,100
60.7959,100,100
60.7952,100,100
60.7945,100,100
60.7937,100,100
60.793,100,100
60.7923,100,100
60.7915,100,100
60.7908,100,100
60.7901,100,100
60.7893,100,100
60.7886,100,100
60.7879,100,100
60.7871,100,100
60.7864,100,100
60.7857,100,100
60.7849,100,100
60.7842,100,100
60.7835,100,100
60.7827,100,100
60.782,100,100
60.7813,100,100
60.7805,100,100
60.7798,100,100
60.7791,100,100
60.7783,100,100
60.7776,100,100
60.7769,100,100
60.7761,100,100
60.7754,100,100
60.7747,100,100
60.7739,100,100
60.7732,100,100
60.7725,100,100
60.7717,100,100
60.771,100,100
60.7703,100,100
60.7695,100,100
60.7688,100,100
60.7681,100,100
60.7673,100,100
60.7666,100,100
60.7659,100,100
60.7651,100,100
60.7644,100,100
60.7637,100,100
60.7629,100,100
60.7622,100,100
60.7615,100,100
60.7608,100,100
60.7601,100,100
60.7595,100,100
60.7588,100,100
60.7581,100,100
60.7575,100,100
60.7568,100,100
60.7561,100,100
60.7555,100,100
60.7548,100,100
60.7541,100,100
60.7535,100,100
60.7528,100,100
60.7522,100,100
60.7515,100,100
60.7508,100,100
60.7502,100,100
60.7495,100,100
60.7488,100,100
60.7482,100,100
60.7475,100,100
60.7468,100,100
60.7462,100,100
60.7455,100,100
60.7448,100,100
60.7442,100,100
60.7435,100,100
60.7428,100,100
60.7422,100,100
60.7415,100,100
60.7408,100,100
60.7402,100,100
60.7395,100,100
60.7389,100,100
60.7382,100,100
60.7375,100,100
60.7369,100,100
60.7362,100,100
60.7355,100,100
60.7349,100,100
60.7342,100,100
60.7335,100,100
60.7329,100,100
60.7322,100,100
60.7315,100,100
60.7309,100,100
60.7302,100,100
60.7295,100,100
60.7289,100,100
60.7282,100,100
60.7275,100,100
60.7269,100,100
60.7262,100,100
60.7256,100,100
60.7249,100,100
60.7242,100,100
60.7236,100,100
60.7229,100,100
60.7222,100,100
60.7216,100,100
60.7209,100,100
60.7202,100,100
60.7196,100,100
60.7189,100,100
60.7182,100,100
60.7176,100,100
60.7169,100,100
60.7162,100,100
60.7156,100,100
60.7149,100,100
60.7142,100,100
60.7136,100,100
60.7129,100,100
60.7123,100,100
60.7116,100,100
60.7109,100,100
60.7103,100,100
60.7096,100,100
60.7089,100,100
60.7083,100,100
60.7076,100,100
60.7069,100,100
60.7063,100,100
60.7056,100,100
60.7049,100,100
60.7043,100,100
60.7036,100,100
60.7029,100,100
60.7023,100,100
60.7016,100,100
60.7009,100,100
60.7003,100,100
60.6996,100,100
60.699,100,100
60.6983,100,100
60.6976,100,100
60.697,100,100
60.6963,100,100
60.6956,100,100
60.695,100,100
60.6943,100,100
60.6937,100,100
60.6931,100,100
60.6925,100,100
60.6919,100,100
60.6913,100,100
60.6907,100,100
60.6901,100,100
60.6895,100,100
60.6888,100,100
60.6882,100,100
60.6876,100,100
60.687,100,100
60.6864,100,100
60.6858,100,100
60.6852,100,100
60.6846,100,100
60.684,100,100
60.6833,100,100
60.6827,100,100
60.6821,100,100
60.6815,100,100
60.6809,100,100
60.6803,100,100
60.6797,100,100
60.6791,100,100
60.6785,100,100
60.6778,100,100
60.6772,100,100
60.6766,100,100
60.676,100,100
60.6754,100,100
60.6748,100,100
60.6742,100,100
60.6736,100,100
60.673,100,100
60.6724,100,100
60.6717,100,100
60.6711,100,100
60.6705,100,100
60.6699,100,100
60.6693,100,100
60.6687,100,100
60.6681,100,100
60.6675,100,100
60.6669,100,100
60.6662,100,100
60.6656,100,100
60.665,100,100
60.6644,100,100
60.6638,100,100
60.6632,100,100
60.6626,100,100
60.662,100,100
60.6614,100,100
60.6607,100,100
60.6601,100,100
60.6595,100,100
60.6589,100,100
60.6583,100,100
60.6577,100,100
60.6571,100,100
60.6565,100,100
60.6559,100,100
60.6552,100,100
60.6546,100,100
60.654,100,100
60.6534,100,100
60.6528,100,100
60.6522,100,100
60.6516,100,100
60.651,100,100
60.6504,100,100
60.6497,100,100
60.6491,100,100
60.6485,100,100
60.6479,100,100
60.6473,100,100
60.6467,100,100
60.6461,100,100
60.6455,100,100
60.6449,100,100
60.6442,100,100
60.6436,100,100
60.643,100,100
60.6424,100,100
60.6418,100,100
60.6412,100,100
60.6406,100,100
60.64,100,100
60.6394,100,100
60.6387,100,100
60.6381,100,100
60.6375,100,100
60.6369,100,100
60.6363,100,100
60.6357,100,100
60.6351,100,100
60.6345,100,100
60.6339,100,100
60.6333,100,100
60.6327,100,100
60.6322,100,100
60.6316,100,100
60.631,100,100
60.6305,100,100
60.6299,100,100
60.6293,100,100
60.6288,100,100
60.6282,100,100
60.6276,100,100
60.6271,100,100
60.6265,100,100
60.6259,100,100
60.6254,100,100
60.6248,100,100
60.6242,100,100
60.6237,100,100
60.6231,100,100
60.6225,100,100
60.622,100,100
60.6214,100,100
60.6208,100,100
60.6203,100,100
60.6197,100,100
60.6191,100,100
60.6186,100,100
60.618,100,100
60.6174,100,100
60.6169,100,100
60.6163,100,100
60.6157,100,100
60.6152,100,100
60.6146,100,100
60.614,100,100
60.6135,100,100
60.6129,100,100
60.6123,100,100
60.6118,100,100
60.6112,100,100
60.6106,100,100
60.6101,100,100
60.6095,100,100
60.609,100,100
60.6084,100,100
60.6078,100,100
60.6073,100,100
60.6067,100,100
60.6061,100,100
60.6056,100,100
60.605,100,100
60.6044,100,100
60.6039,100,100
60.6033,100,100
60.6027,100,100
60.6022,100,100
60.6016,100,100
60.601,100,100
60.6005,100,100
60.5999,100,100
60.5993,100,100
60.5988,100,100
60.5982,100,100
60.5976,100,100
60.5971,100,100
60.5965,100,100
60.5959,100,100
60.5954,100,100
60.5948,100,100
60.5942,100,100
60.5937,100,100
60.5931,100,100
60.5925,100,100
60.592,100,100
60.5914,100,100
60.5908,100,100
60.5903,100,100
60.5897,100,100
60.5891,100,100
60.5886,100,100
60.588,100,100
60.5874,100,100
60.5869,100,100
60.5863,100,100
60.5857,100,100
60.5852,100,100
60.5846,100,100
60.584,100,100
60.5835,100,100
60.5829,100,100
60.5824,100,100
60.5818,100,100
60.5812,100,100
60.5807,100,100
60.5801,100,100
60.5795,100,100
60.579,100,100
60.5784,100,100
60.5778,100,100
60.5773,100,100
60.5767,100,100
60.5762,100,100
60.5757,100,100
60.5751,100,100
60.5746,100,100
60.5741,100,100
60.5736,100,100
60.573,100,100
60.5725,100,100
60.572,100,100
60.5715,100,100
60.5709,100,100
60.5704,100,100
60.5699,100,100
60.5694,100,100
60.5688,100,100
60.5683,100,100
60.5678,100,100
60.5673,100,100
60.5667,100,100
60.5662,100,100
60.5657,100,100
60.5652,100,100
60.5646,100,100
60.5641,100,100
60.5636,100,100
60.5631,100,100
60.5625,100,100
60.562,100,100
60.5615,100,100
60.561,100,100
60.5604,100,100
60.5599,100,100
60.5594,100,100
60.5588,100,100
60.5583,100,100
60.5578,100,100
60.5573,100,100
60.5567,100,100
60.5562,100,100
60.5557,100,100
60.5552,100,100
60.5546,100,100
60.5541,100,100
60.5536,100,100
60.5531,100,100
60.5525,100,100
60.552,100,100
60.5515,100,100
60.551,100,100
60.5504,100,100
60.5499,100,100
60.5494,100,100
60.5489,100,100
60.5483,100,100
60.5478,100,100
60.5473,100,100
60.5468,100,100
60.5462,100,100
60.5457,100,100
60.5452,100,100
60.5447,100,100
60.5441,100,100
60.5436,100,100
60.5431,100,100
60.5425,100,100
60.542,100,100
60.5415,100,100
60.541,100,100
60.5404,100,100
60.5399,100,100
60.5394,100,100
60.5389,100,100
60.5383,100,100
60.5378,100,100
60.5373,100,100
60.5368,100,100
60.5362,100,100
60.5357,100,100
60.5352,100,100
60.5347,100,100
60.5341,100,100
60.5336,100,100
60.5331,100,100
60.5326,100,100
60.532,100,100
60.5315,100,100
60.531,100,100
60.5305,100,100
60.5299,100,100
60.5294,100,100
60.5289,100,100
60.5284,100,100
60.5278,100,100
60.5273,100,100
60.5268,100,100
60.5262,100,100
60.5257,100,100
60.5252,100,100
60.5247,100,100
60.5242,100,100
60.5237,100,100
60.5232,100,100
60.5227,100,100
60.5222,100,100
60.5218,100,100
60.5213,100,100
60.5208,100,100
60.5203,100,100
60.5198,100,100
60.5193,100,100
60.5188,100,100
60.5184,100,100
60.5179,100,100
60.5174,100,100
60.5169,100,100
60.5164,100,100
60.5159,100,100
60.5155,100,100
60.515,100,100
60.5145,100,100
60.514,100,100
60.5135,100,100
60.513,100,100
60.5125,100,100
60.5121,100,100
60.5116,100,100
60.5111,100,100
60.5106,100,100
60.5101,100,100
60.5096,100,100
60.5092,100,100
60.5087,100,100
60.5082,100,100
60.5077,100,100
60.5072,100,100
60.5067,100,100
60.5062,100,100
60.5058,100,100
60.5053,100,100
60.5048,100,100
60.5043,100,100
60.5038,100,100
60.5033,100,100
60.5029,100,100
60.5024,100,100
60.5019,100,100
60.5014,100,100
60.5009,100,100
60.5004,100,100
60.4999,100,100
60.4995,100,100
60.499,100,100
60.4985,100,100
60.498,100,100
60.4975,100,100
60.497,100,100
60.4966,100,100
60.4961,100,100
60.4956,100,100
60.4951,100,100
60.4946,100,100
60.4941,100,100
60.4936,100,100
60.4932,100,100
60.4927,100,100
60.4922,100,100
60.4917,100,100
60.4912,100,100
60.4907,100,100
60.4903,100,100
60.4898,100,100
60.4893,100,100
60.4888,100,100
60.4883,100,100
60.4878,100,100
60.4873,100,100
60.4869,100,100
60.4864,100,100
60.4859,100,100
60.4854,100,100
60.4849,100,100
60.4844,100,100
60.484,100,100
60.4835,100,100
60.483,100,100
60.4825,100,100
60.482,100,100
60.4815,100,100
60.481,100,100
60.4806,100,100
60.4801,100,100
60.4796,100,100
60.4791,100,100
60.4786,100,100
60.4781,100,100
60.4777,100,100
60.4772,100,100
60.4767,100,100
60.4762,100,100
60.4758,100,100
60.4753,100,100
60.4749,100,100
60.4744,100,100
60.474,100,100
60.4736,100,100
60.4731,100,100
60.4727,100,100
60.4722,100,100
60.4718,100,100
60.4714,100,100
60.4709,100,100
60.4705,100,100
60.47,100,100
60.4696,100,100
60.4692,100,100
60.4687,100,100
60.4683,100,100
60.4678,100,100
60.4674,100,100
60.467,100,100
60.4665,100,100
60.4661,100,100
60.4656,100,100
60.4652,100,100
60.4648,100,100
60.4643,100,100
60.4639,100,100
60.4635,100,100
60.463,100,100
60.4626,100,100
60.4621,100,100
60.4617,100,100
60.4613,100,100
60.4608,100,100
60.4604,100,100
60.4599,100,100
60.4595,100,100
60.4591,100,100
60.4586,100,100
60.4582,100,100
60.4577,100,100
60.4573,100,100
60.4569,100,100
60.4564,100,100
60.456,100,100
60.4555,100,100
60.4551,100,100
60.4547,100,100
60.4542,100,100
60.4538,100,100
60.4533,100,100
60.4529,100,100
60.4525,100,100
60.452,100,100
60.4516,100,100
60.4511,100,100
60.4507,100,100
60.4503,100,100
60.4498,100,100
60.4494,100,100
60.4489,100,100
60.4485,100,100
60.4481,100,100
60.4476,100,100
60.4472,100,100
60.4468,100,100
60.4463,100,100
60.4459,100,100
60.4454,100,100
60.445,100,100
60.4446,100,100
60.4441,100,100
60.4437,100,100
60.4432,100,100
60.4428,100,100
60.4424,100,100
60.4419,100,100
60.4415,100,100
60.441,100,100
60.4406,100,100
60.4402,100,100
60.4397,100,100
60.4393,100,100
60.4388,100,100
60.4384,100,100
60.438,100,100
60.4375,100,100
60.4371,100,100
60.4366,100,100
60.4362,100,100
60.4358,100,100
60.4353,100,100
60.4349,100,100
60.4344,100,100
60.434,100,100
60.4336,100,100
60.4331,100,100
60.4327,100,100
60.4323,100,100
60.4318,100,100
60.4314,100,100
60.431,100,100
60.4306,100,100
60.4302,100,100
60.4298,100,100
60.4294,100,100
60.429,100,100
60.4286,100,100
60.4282,100,100
60.4278,100,100
60.4274,100,100
60.427,100,100
60.4266,100,100
60.4262,100,100
60.4258,100,100
60.4254,100,100
60.425,100,100
60.4246,100,100
60.4242,100,100
60.4238,100,100
60.4234,100,100
60.423,100,100
60.4226,100,100
60.4222,100,100
60.4218,100,100
60.4214,100,100
60.421,100,100
60.4206,100,100
60.4202,100,100
60.4198,100,100
60.4194,100,100
60.419,100,100
60.4186,100,100
60.4182,100,100
60.4178,100,100
60.4174,100,100
60.417,100,100
60.4166,100,100
60.4162,100,100
60.4158,100,100
60.4154,100,100
60.415,100,100
60.4146,100,100
60.4142,100,100
60.4137,100,100
60.4133,100,100
60.4129,100,100
60.4125,100,100
60.4121,100,100
60.4117,100,100
60.4113,100,100
60.4109,100,100
60.4105,100,100
60.4101,100,100
60.4097,100,100
60.4093,100,100
60.4089,100,100
60.4085,100,100
60.4081,100,100
60.4077,100,100
60.4073,100,100
60.4069,100,100
60.4065,100,100
60.4061,100,100
60.4057,100,100
60.4053,100,100
60.4049,100,100
60.4045,100,100
60.4041,100,100
60.4037,100,100
60.4033,100,100
60.4029,100,100
60.4025,100,100
60.4021,100,100
60.4017,100,100
60.4013,100,100
60.4009,100,100
60.4005,100,100
60.4001,100,100
60.3997,100,100
60.3993,100,100
60.3989,100,100
60.3985,100,100
60.3981,100,100
60.3977,100,100
60.3973,100,100
60.3969,100,100
60.3965,100,100
60.3961,100,100
60.3957,100,100
60.3953,100,100
60.3949,100,100
60.3945,100,100
60.394,100,100
60.3936,100,100
60.3932,100,100
60.3928,100,100
60.3924,100,100
60.392,100,100
60.3917,100,100
60.3913,100,100
60.3909,100,100
60.3906,100,100
60.3902,100,100
60.3898,100,100
60.3894,100,100
60.3891,100,100
60.3887,100,100
60.3883,100,100
60.388,100,100
60.3876,100,100
60.3872,100,100
60.3869,100,100
60.3865,100,100
60.3861,100,100
60.3857,100,100
60.3854,100,100
60.385,100,100
60.3846,100,100
60.3843,100,100
60.3839,100,100
60.3835,100,100
60.3832,100,100
60.3828,100,100
60.3824,100,100
60.382,100,100
60.3817,100,100
60.3813,100,100
60.3809,100,100
60.3806,100,100
60.3802,100,100
60.3798,100,100
60.3795,100,100
60.3791,100,100
60.3787,100,100
60.3783,100,100
60.378,100,100
60.3776,100,100
60.3772,100,100
60.3769,100,100
60.3765,100,100
60.3761,100,100
60.3758,100,100
60.3754,100,100
60.375,100,100
60.3746,100,100
60.3743,100,100
60.3739,100,100
60.3735,100,100
60.3732,100,100
60.3728,100,100
60.3724,100,100
60.3721,100,100
60.3717,100,100
60.3713,100,100
60.3709,100,100
60.3706,100,100
60.3702,100,100
60.3698,100,100
60.3695,100,100
60.3691,100,100
60.3687,100,100
60.3684,100,100
60.368,100,100
60.3676,100,100
60.3672,100,100
60.3669,100,100
60.3665,100,100
60.3661,100,100
60.3658,100,100
60.3654,100,100
60.365,100,100
60.3647,100,100
60.3643,100,100
60.3639,100,100
60.3635,100,100
60.3632,100,100
60.3628,100,100
60.3624,100,100
60.3621,100,100
60.3617,100,100
60.3613,100,100
60.361,100,100
60.3606,100,100
60.3602,100,100
60.3599,100,100
60.3595,100,100
60.3591,100,100
60.3587,100,100
60.3584,100,100
60.358,100,100
60.3576,100,100
60.3573,100,100
60.3569,100,100
60.3565,100,100
60.3562,100,100
60.3558,100,100
60.3554,100,100
60.355,100,100
60.3547,100,100
60.3544,100,100
60.354,100,100
60.3537,100,100
60.3533,100,100
60.353,100,100
60.3526,100,100
60.3523,100,100
60.352,100,100
60.3516,100,100
60.3513,100,100
60.3509,100,100
60.3506,100,100
60.3502,100,100
60.3499,100,100
60.3496,100,100
60.3492,100,100
60.3489,100,100
60.3485,100,100
60.3482,100,100
60.3478,100,100
60.3475,100,100
60.3472,100,100
60.3468,100,100
60.3465,100,100
60.3461,100,100
60.3458,100,100
60.3454,100,100
60.3451,100,100
60.3448,100,100
60.3444,100,100
60.3441,100,100
60.3437,100,100
60.3434,100,100
60.3431,100,100
60.3427,100,100
60.3424,100,100
60.342,100,100
60.3417,100,100
60.3413,100,100
60.341,100,100
60.3407,100,100
60.3403,100,100
60.34,100,100
60.3396,100,100
60.3393,100,100
60.3389,100,100
60.3386,100,100
60.3383,100,100
60.3379,100,100
60.3376,100,100
60.3372,100,100
60.3369,100,100
60.3365,100,100
60.3362,100,100
60.3359,100,100
60.3355,100,100
60.3352,100,100
60.3348,100,100
60.3345,100,100
60.3341,100,100
60.3338,100,100
60.3335,100,100
60.3331,100,100
60.3328,100,100
60.3324,100,100
60.3321,100,100
60.3318,100,100
60.3314,100,100
60.3311,100,100
60.3307,100,100
60.3304,100,100
60.33,100,100
60.3297,100,100
60.3294,100,100
60.329,100,100
60.3287,100,100
60.3283,100,100
60.328,100,100
60.3276,100,100
60.3273,100,100
60.327,100,100
60.3266,100,100
60.3263,100,100
60.3259,100,100
60.3256,100,100
60.3252,100,100
60.3249,100,100
60.3246,100,100
60.3242,100,100
60.3239,100,100
60.3235,100,100
60.3232,100,100
60.3228,100,100
60.3225,100,100
60.3222,100,100
60.3218,100,100
60.3215,100,100
60.3211,100,100
60.3208,100,100
60.3205,100,100
60.3201,100,100
60.3198,100,100
60.3195,100,100
60.3192,100,100
60.3189,100,100
60.3185,100,100
60.3182,100,100
60.3179,100,100
60.3176,100,100
60.3173,100,100
60.3169,100,100
60.3166,100,100
60.3163,100,100
60.316,100,100
60.3157,100,100
60.3153,100,100
60.315,100,100
60.3147,100,100
60.3144,100,100
60.3141,100,100
60.3137,100,100
60.3134,100,100
60.3131,100,100
60.3128,100,100
60.3124,100,100
60.3121,100,100
60.3118,100,100
60.3115,100,100
60.3112,100,100
60.3108,100,100
60.3105,100,100
60.3102,100,100
60.3099,100,100
60.3096,100,100
60.3092,100,100
60.3089,100,100
60.3086,100,100
60.3083,100,100
60.308,100,100
60.3076,100,100
60.3073,100,100
60.307,100,100
60.3067,100,100
60.3064,100,100
60.306,100,100
60.3057,100,100
60.3054,100,100
60.3051,100,100
60.3047,100,100
60.3044,100,100
60.3041,100,100
60.3038,100,100
60.3035,100,100
60.3031,100,100
60.3028,100,100
60.3025,100,100
60.3022,100,100
60.3019,100,100
60.3015,100,100
60.3012,100,100
60.3009,100,100
60.3006,100,100
60.3003,100,100
60.2999,100,100
60.2996,100,100
60.2993,100,100
60.299,100,100
60.2987,100,100
60.2983,100,100
60.298,100,100
60.2977,100,100
60.2974,100,100
60.297,100,100
60.2967,100,100
60.2964,100,100
60.2961,100,100
60.2958,100,100
60.2954,100,100
60.2951,100,100
60.2948,100,100
60.2945,100,100
60.2942,100,100
60.2938,100,100
60.2935,100,100
60.2932,100,100
60.2929,100,100
60.2926,100,100
60.2922,100,100
60.2919,100,100
60.2916,100,100
60.2913,100,100
60.291,100,100
60.2906,100,100
60.2903,100,100
60.29,100,100
60.2897,100,100
60.2893,100,100
60.289,100,100
60.2887,100,100
60.2884,100,100
60.2881,100,100
60.2878,100,100
60.2875,100,100
60.2872,100,100
60.2869,100,100
60.2866,100,100
60.2863,100,100
60.286,100,100
60.2857,100,100
60.2854,100,100
60.2851,100,100
60.2848,100,100
60.2845,100,100
60.2841,100,100
60.2838,100,100
60.2835,100,100
60.2832,100,100
60.2829,100,100
60.2826,100,100
60.2823,100,100
60.282,100,100
60.2817,100,100
60.2814,100,100
60.2811,100,100
60.2808,100,100
60.2805,100,100
60.2802,100,100
60.2799,100,100
60.2796,100,100
60.2793,100,100
60.279,100,100
60.2787,100,100
60.2784,100,100
60.2781,100,100
60.2778,100,100
60.2775,100,100
60.2772,100,100
60.2769,100,100
60.2766,100,100
60.2763,100,100
60.2759,100,100
60.2756,100,100
60.2753,100,100
60.275,100,100
60.2747,100,100
60.2744,100,100
60.2741,100,100
60.2738,100,100
60.2735,100,100
60.2732,100,100
60.2729,100,100
60.2726,100,100
60.2723,100,100
60.272,100,100
60.2717,100,100
60.2714,100,100
60.2711,100,100
60.2708,100,100
60.2705,100,100
60.2702,100,100
60.2699,100,100
60.2696,100,100
60.2693,100,100
60.269,100,100
60.2687,100,100
60.2684,100,100
60.2681,100,100
60.2677,100,100
60.2674,100,100
60.2671,100,100
60.2668,100,100
60.2665,100,100
60.2662,100,100
60.2659,100,100
60.2656,100,100
60.2653,100,100
60.265,100,100
60.2647,100,100
60.2644,100,100
60.2641,100,100
60.2638,100,100
60.2635,100,100
60.2632,100,100
60.2629,100,100
60.2626,100,100
60.2623,100,100
60.262,100,100
60.2617,100,100
60.2614,100,100
60.2611,100,100
60.2608,100,100
60.2605,100,100
60.2602,100,100
60.2599,100,100
60.2595,100,100
60.2592,100,100
60.2589,100,100
60.2586,100,100
60.2583,100,100
60.258,100,100
60.2577,100,100
60.2575,100,100
60.2572,100,100
60.2569,100,100
60.2566,100,100
60.2563,100,100
60.256,100,100
60.2557,100,100
60.2554,100,100
60.2551,100,100
60.2548,100,100
60.2546,100,100
60.2543,100,100
60.254,100,100
60.2537,100,100
60.2534,100,100
60.2531,100,100
60.2528,100,100
60.2525,100,100
60.2522,100,100
60.2519,100,100
60.2516,100,100
60.2514,100,100
60.2511,100,100
60.2508,100,100
60.2505,100,100
60.2502,100,100
60.2499,100,100
60.2496,100,100
60.2493,100,100
60.249,100,100
60.2487,100,100
60.2485,100,100
60.2482,100,100
60.2479,100,100
60.2476,100,100
60.2473,100,100
60.247,100,100
60.2467,100,100
60.2464,100,100
60.2461,100,100
60.2458,100,100
60.2455,100,100
60.2453,100,100
60.245,100,100
60.2447,100,100
60.2444,100,100
60.2441,100,100
60.2438,100,100
60.2435,100,100
60.2432,100,100
60.2429,100,100
60.2426,100,100
60.2424,100,100
60.2421,100,100
60.2418,100,100
60.2415,100,100
60.2412,100,100
60.2409,100,100
60.2406,100,100
60.2403,100,100
60.24,100,100
60.2397,100,100
60.2394,100,100
60.2392,100,100
60.2389,100,100
60.2386,100,100
60.2383,100,100
60.238,100,100
60.2377,100,100
60.2374,100,100
60.2371,100,100
60.2368,100,100
60.2365,100,100
60.2363,100,100
60.236,100,100
60.2357,100,100
60.2354,100,100
60.2351,100,100
60.2348,100,100
60.2345,100,100
60.2342,100,100
60.2339,100,100
60.2336,100,100
60.2333,100,100
60.2331,100,100
60.2328,100,100
60.2325,100,100
60.2322,100,100
60.2319,100,100
60.2316,100,100
60.2313,100,100
60.231,100,100
60.2307,100,100
60.2304,100,100
60.2302,100,100
60.2299,100,100
60.2296,100,100
60.2293,100,100
60.229,100,100
60.2287,100,100
60.2284,100,100
60.2281,100,100
60.2279,100,100
60.2276,100,100
60.2273,100,100
60.227,100,100
60.2267,100,100
60.2264,100,100
60.2262,100,100
60.2259,100,100
60.2256,100,100
60.2253,100,100
60.225,100,100
60.2247,100,100
60.2245,100,100
60.2242,100,100
60.2239,100,100
60.2236,100,100
60.2233,100,100
60.223,100,100
60.2228,100,100
60.2225,100,100
60.2222,100,100
60.2219,100,100
60.2216,100,100
60.2213,100,100
60.2211,100,100
60.2208,100,100
60.2205,100,100
60.2202,100,100
60.2199,100,100
60.2196,100,100
60.2193,100,100
60.2191,100,100
60.2188,100,100
60.2185,100,100
60.2182,100,100
60.2179,100,100
60.2176,100,100
60.2174,100,100
60.2171,100,100
60.2168,100,100
60.2165,100,100
60.2162,100,100
60.2159,100,100
60.2157,100,100
60.2154,100,100
60.2151,100,100
60.2148,100,100
60.2145,100,100
60.2142,100,100
60.214,100,100
60.2137,100,100
60.2134,100,100
60.2131,100,100
60.2128,100,100
60.2125,100,100
60.2123,100,100
60.212,100,100
60.2117,100,100
60.2114,100,100
60.2111,100,100
60.2108,100,100
60.2106,100,100
60.2103,100,100
60.21,100,100
60.2097,100,100
60.2094,100,100
60.2091,100,100
60.2089,100,100
60.2086,100,100
60.2083,100,100
60.208,100,100
60.2077,100,100
60.2074,100,100
60.2071,100,100
60.2069,100,100
60.2066,100,100
60.2063,100,100
60.206,100,100
60.2057,100,100
60.2054,100,100
60.2052,100,100
60.2049,100,100
60.2046,100,100
60.2043,100,100
60.204,100,100
60.2037,100,100
60.2035,100,100
60.2032,100,100
60.2029,100,100
60.2026,100,100
60.2023,100,100
60.202,100,100
60.2018,100,100
60.2015,100,100
60.2012,100,100
60.2009,100,100
60.2006,100,100
60.2004,100,100
60.2001,100,100
60.1998,100,100
60.1995,100,100
60.1993,100,100
60.199,100,100
60.1987,100,100
60.1985,100,100
60.1982,100,100
60.1979,100,100
60.1976,100,100
60.1974,100,100
60.1971,100,100
60.1968,100,100
60.1966,100,100
60.1963,100,100
60.196,100,100
60.1957,100,100
60.1955,100,100
60.1952,100,100
60.1949,100,100
60.1947,100,100
60.1944,100,100
60.1941,100,100
60.1938,100,100
60.1936,100,100
60.1933,100,100
60.193,100,100
60.1928,100,100
60.1925,100,100
60.1922,100,100
60.1919,100,100
60.1917,100,100
60.1914,100,100
60.1911,100,100
60.1908,100,100
60.1906,100,100
60.1903,100,100
60.19,100,100
60.1898,100,100
60.1895,100,100
60.1892,100,100
60.1889,100,100
60.1887,100,100
60.1884,100,100
60.1881,100,100
60.1879,100,100
60.1876,100,100
60.1873,100,100
60.187,100,100
60.1868,100,100
60.1865,100,100
60.1862,100,100
60.186,100,100
60.1857,100,100
60.1854,100,100
60.1851,100,100
60.1849,100,100
60.1846,100,100
60.1843,100,100
60.1841,100,100
60.1838,100,100
60.1835,100,100
60.1832,100,100
60.183,100,100
60.1827,100,100
60.1824,100,100
60.1822,100,100
60.1819,100,100
60.1816,100,100
60.1813,100,100
60.1811,100,100
60.1808,100,100
60.1805,100,100
60.1802,100,100
60.18,100,100
60.1797,100,100
60.1794,100,100
60.1792,100,100
60.1789,100,100
60.1786,100,100
60.1783,100,100
60.1781,100,100
60.1778,100,100
60.1775,100,100
60.1773,100,100
60.177,100,100
60.1767,100,100
60.1764,100,100
60.1762,100,100
60.1759,100,100
60.1756,100,100
60.1754,100,100
60.1751,100,100
60.1748,100,100
60.1745,100,100
60.1743,100,100
60.174,100,100
60.1737,100,100
60.1735,100,100
60.1732,100,100
60.1729,100,100
60.1727,100,100
60.1724,100,100
60.1722,100,100
60.1719,100,100
60.1716,100,100
60.1714,100,100
60.1711,100,100
60.1709,100,100
60.1706,100,100
60.1703,100,100
60.1701,100,100
60.1698,100,100
60.1696,100,100
60.1693,100,100
60.1691,100,100
60.1688,100,100
60.1685,100,100
60.1683,100,100
60.168,100,100
60.1678,100,100
60.1675,100,100
60.1672,100,100
60.167,100,100
60.1667,100,100
60.1665,100,100
60.1662,100,100
60.1659,100,100
60.1657,100,100
60.1654,100,100
60.1652,100,100
60.1649,100,100
60.1646,100,100
60.1644,100,100
60.1641,100,100
60.1639,100,100
60.1636,100,100
60.1633,100,100
60.1631,100,100
60.1628,100,100
60.1626,100,100
60.1623,100,100
60.162,100,100
60.1618,100,100
60.1615,100,100
60.1613,100,100
60.161,100,100
60.1607,100,100
60.1605,100,100
60.1602,100,100
60.16,100,100
60.1597,100,100
60.1594,100,100
60.1592,100,100
60.1589,100,100
60.1587,100,100
60.1584,100,100
60.1581,100,100
60.1579,100,100
60.1576,100,100
60.1574,100,100
60.1571,100,100
60.1568,100,100
60.1566,100,100
60.1563,100,100
60.1561,100,100
60.1558,100,100
60.1555,100,100
60.1553,100,100
60.155,100,100
60.1548,100,100
60.1545,100,100
60.1543,100,100
60.154,100,100
60.1537,100,100
60.1535,100,100
60.1532,100,100
60.153,100,100
60.1527,100,100
60.1524,100,100
60.1522,100,100
60.1519,100,100
60.1517,100,100
60.1514,100,100
60.1511,100,100
60.1509,100,100
60.1506,100,100
60.1504,100,100
60.1501,100,100
60.1498,100,100
60.1496,100,100
60.1493,100,100
60.1491,100,100
60.1488,100,100
60.1485,100,100
60.1483,100,100
60.148,100,100
60.1478,100,100
60.1475,100,100
60.1473,100,100
60.147,100,100
60.1468,100,100
60.1465,100,100
60.1463,100,100
60.146,100,100
60.1458,100,100
60.1455,100,100
60.1453,100,100
60.145,100,100
60.1448,100,100
60.1445,100,100
60.1442,100,100
60.144,100,100
60.1437,100,100
60.1435,100,100
60.1432,100,100
60.143,100,100
60.1427,100,100
60.1425,100,100
60.1422,100,100
60.142,100,100
60.1417,100,100
60.1415,100,100
60.1412,100,100
60.141,100,100
60.1407,100,100
60.1405,100,100
60.1402,100,100
60.14,100,100
60.1397,100,100
60.1395,100,100
60.1392,100,100
60.139,100,100
60.1387,100,100
60.1385,100,100
60.1382,100,100
60.138,100,100
60.1377,100,100
60.1375,100,100
60.1372,100,100
60.137,100,100
60.1367,100,100
60.1365,100,100
60.1362,100,100
60.136,100,100
60.1357,100,100
60.1355,100,100
60.1352,100,100
60.135,100,100
60.1347,100,100
60.1345,100,100
60.1342,100,100
60.134,100,100
60.1337,100,100
60.1335,100,100
60.1332,100,100
60.133,100,100
60.1327,100,100
60.1325,100,100
60.1322,100,100
60.132,100,100
60.1317,100,100
60.1315,100,100
60.1312,100,100
60.131,100,100
60.1307,100,100
60.1305,100,100
60.1302,100,100
60.13,100,100
60.1297,100,100
60.1295,100,100
60.1292,100,100
60.129,100,100
60.1287,100,100
60.1285,100,100
60.1282,100,100
60.128,100,100
60.1277,100,100
60.1275,100,100
60.1272,100,100
60.127,100,100
60.1267,100,100
60.1265,100,100
60.1262,100,100
60.126,100,100
60.1257,100,100
60.1254,100,100
60.1252,100,100
60.1249,100,100
60.1247,100,100
60.1244,100,100
60.1242,100,100
60.1239,100,100
60.1237,100,100
60.1234,100,100
60.1232,100,100
60.1229,100,100
60.1227,100,100
60.1224,100,100
60.1222,100,100
60.122,100,100
60.1217,100,100
60.1215,100,100
60.1212,100,100
60.121,100,100
60.1208,100,100
60.1205,100,100
60.1203,100,100
60.12,100,100
60.1198,100,100
60.1195,100,100
60.1193,100,100
60.1191,100,100
60.1188,100,100
60.1186,100,100
60.1183,100,100
60.1181,100,100
60.1178,100,100
60.1176,100,100
60.1174,100,100
60.1171,100,100
60.1169,100,100
60.1166,100,100
60.1164,100,100
60.1162,100,100
60.1159,100,100
60.1157,100,100
60.1154,100,100
60.1152,100,100
60.1149,100,100
60.1147,100,100
60.1145,100,100
60.1142,100,100
60.114,100,100
60.1137,100,100
60.1135,100,100
60.1132,100,100
60.113,100,100
60.1128,100,100
60.1125,100,100
60.1123,100,100
60.112,100,100
60.1118,100,100
60.1116,100,100
60.1113,100,100
60.1111,100,100
60.1108,100,100
60.1106,100,100
60.1103,100,100
60.1101,100,100
60.1099,100,100
60.1096,100,100
60.1094,100,100
60.1091,100,100
60.1089,100,100
60.1086,100,100
60.1084,100,100
60.1082,100,100
60.1079,100,100
60.1077,100,100
60.1074,100,100
60.1072,100,100
60.1069,100,100
60.1067,100,100
60.1065,100,100
60.1062,100,100
60.106,100,100
60.1057,100,100
60.1055,100,100
60.1053,100,100
60.105,100,100
60.1048,100,100
60.1045,100,100
60.1043,100,100
60.104,100,100
60.1038,100,100
60.1036,100,100
60.1033,100,100
60.1031,100,100
60.1028,100,100
60.1026,100,100
60.1023,100,100
60.1021,100,100
60.1019,100,100
60.1016,100,100
60.1014,100,100
60.1011,100,100
60.1009,100,100
60.1007,100,100
60.1004,100,100
60.1002,100,100
60.0999,100,100
60.0997,100,100
60.0994,100,100
60.0992,100,100
60.099,100,100
60.0987,100,100
60.0985,100,100
60.0982,100,100
60.098,100,100
60.0978,100,100
60.0975,100,100
60.0973,100,100
60.0971,100,100
60.0968,100,100
60.0966,100,100
60.0963,100,100
60.0961,100,100
60.0959,100,100
60.0956,100,100
60.0954,100,100
60.0952,100,100
60.0949,100,100
60.0947,100,100
60.0945,100,100
60.0942,100,100
60.094,100,100
60.0937,100,100
60.0935,100,100
60.0933,100,100
60.093,100,100
60.0928,100,100
60.0926,100,100
60.0923,100,100
60.0921,100,100
60.0919,100,100
60.0916,100,100
60.0914,100,100
60.0911,100,100
60.0909,100,100
60.0907,100,100
60.0904,100,100
60.0902,100,100
60.09,100,100
60.0897,100,100
60.0895,100,100
60.0893,100,100
60.089,100,100
60.0888,100,100
60.0885,100,100
60.0883,100,100
60.0881,100,100
60.0878,100,100
60.0876,100,100
60.0874,100,100
60.0871,100,100
60.0869,100,100
60.0867,100,100
60.0864,100,100
60.0862,100,100
60.086,100,100
60.0857,100,100
60.0855,100,100
60.0852,100,100
60.085,100,100
60.0848,100,100
60.0845,100,100
60.0843,100,100
60.0841,100,100
60.0838,100,100
60.0836,100,100
60.0834,100,100
60.0831,100,100
60.0829,100,100
60.0826,100,100
60.0824,100,100
60.0822,100,100
60.0819,100,100
60.0817,100,100
60.0815,100,100
60.0812,100,100
60.081,100,100
60.0808,100,100
60.0805,100,100
60.0803,100,100
60.08,100,100
60.0798,100,100
60.0796,100,100
60.0793,100,100
60.0791,100,100
60.0789,100,100
60.0786,100,100
60.0784,100,100
60.0782,100,100
60.0779,100,100
60.0777,100,100
60.0774,100,100
60.0772,100,100
60.077,100,100
60.0767,100,100
60.0765,100,100
60.0763,100,100
60.076,100,100
60.0758,100,100
60.0756,100,100
60.0753,100,100
60.0751,100,100
60.0748,100,100
60.0746,100,100
60.0744,100,100
60.0741,100,100
60.0739,100,100
60.0737,100,100
60.0734,100,100
60.0732,100,100
60.073,100,100
60.0727,100,100
60.0725,100,100
60.0723,100,100
60.072,100,100
60.0718,100,100
60.0716,100,100
60.0713,100,100
60.0711,100,100
60.0709,100,100
60.0706,100,100
60.0704,100,100
60.0702,100,100
60.0699,100,100
60.0697,100,100
60.0695,100,100
60.0692,100,100
60.069,100,100
60.0688,100,100
60.0685,100,100
60.0683,100,100
60.0681,100,100
60.0678,100,100
60.0676,100,100
60.0674,100,100
60.0671,100,100
60.0669,100,100
60.0667,100,100
60.0664,100,100
60.0662,100,100
60.066,100,100
60.0657,100,100
60.0655,100,100
60.0652,100,100
60.065,100,100
60.0648,100,100
60.0645,100,100
60.0643,100,100
60.0641,100,100
60.0638,100,100
60.0636,100,100
60.0634,100,100
60.0631,100,100
60.0629,100,100
60.0627,100,100
60.0624,100,100
60.0622,100,100
60.062,100,100
60.0617,100,100
60.0615,100,100
60.0613,100,100
60.061,100,100
60.0608,100,100
60.0606,100,100
60.0603,100,100
60.0601,100,100
60.0599,100,100
60.0596,100,100
60.0594,100,100
60.0592,100,100
60.0589,100,100
60.0587,100,100
60.0585,100,100
60.0582,100,100
60.058,100,100
60.0578,100,100
60.0575,100,100
60.0573,100,100
60.0571,100,100
60.0568,100,100
60.0566,100,100
60.0564,100,100
60.0561,100,100
60.0559,100,100
60.0557,100,100
60.0554,100,100
60.0552,100,100
60.0549,100,100
60.0547,100,100
60.0545,100,100
60.0542,100,100
60.054,100,100
60.0538,100,100
60.0535,100,100
60.0533,100,100
60.0531,100,100
60.0528,100,100
60.0526,100,100
60.0524,100,100
60.0521,100,100
60.0519,100,100
60.0517,100,100
60.0514,100,100
60.0512,100,100
60.051,100,100
60.0507,100,100
60.0505,100,100
60.0503,100,100
60.05,100,100
60.0498,100,100
60.0496,100,100
60.0493,100,100
60.0491,100,100
60.0489,100,100
60.0486,100,100
60.0484,100,100
60.0482,100,100
60.0479,100,100
60.0477,100,100
60.0475,100,100
60.0472,100,100
60.047,100,100
60.0468,100,100
60.0465,100,100
60.0463,100,100
60.0461,100,100
60.0458,100,100
60.0456,100,100
60.0454,100,100
60.0451,100,100
60.0449,100,100
60.0447,100,100
60.0445,100,100
60.0442,100,100
60.044,100,100
60.0438,100,100
60.0435,100,100
60.0433,100,100
60.0431,100,100
60.0428,100,100
60.0426,100,100
60.0424,100,100
60.0421,100,100
60.0419,100,100
60.0417,100,100
60.0414,100,100
60.0412,100,100
60.041,100,100
60.0407,100,100
60.0405,100,100
60.0403,100,100
60.04,100,100
60.0398,100,100
60.0396,100,100
60.0393,100,100
60.0391,100,100
60.0389,100,100
60.0386,100,100
60.0384,100,100
60.0382,100,100
60.0379,100,100
60.0377,100,100
60.0375,100,100
60.0372,100,100
60.037,100,100
60.0368,100,100
60.0365,100,100
60.0363,100,100
60.0361,100,100
60.0358,100,100
60.0356,100,100
60.0354,100,100
60.0351,100,100
60.0349,100,100
60.0347,100,100
60.0344,100,100
60.0342,100,100
60.034,100,100
60.0337,100,100
60.0335,100,100
60.0333,100,100
60.033,100,100
60.0328,100,100
60.0326,100,100
60.0323,100,100
60.0321,100,100
60.0319,100,100
60.0316,100,100
60.0314,100,100
60.0312,100,100
60.0309,100,100
60.0307,100,100
60.0305,100,100
60.0302,100,100
60.03,100,100
60.0298,100,100
60.0295,100,100
60.0293,100,100
60.0291,100,100
60.0289,100,100
60.0286,100,100
60.0284,100,100
60.0282,100,100
60.0279,100,100
60.0277,100,100
60.0275,100,100
60.0272,100,100
60.027,100,100
60.0268,100,100
60.0266,100,100
60.0263,100,100
60.0261,100,100
60.0259,100,100
60.0256,100,100
60.0254,100,100
60.0252,100,100
60.025,100,100
60.0247,100,100
60.0245,100,100
60.0243,100,100
60.024,100,100
60.0238,100,100
60.0236,100,100
60.0234,100,100
60.0231,100,100
60.0229,100,100
60.0227,100,100
60.0224,100,100
60.0222,100,100
60.022,100,100
60.0218,100,100
60.0215,100,100
60.0213,100,100
60.0211,100,100
60.0209,100,100
60.0206,100,100
60.0204,100,100
60.0202,100,100
60.0199,100,100
60.0197,100,100
60.0195,100,100
60.0193,100,100
60.019,100,100
60.0188,100,100
60.0186,100,100
60.0183,100,100
60.0181,100,100
60.0179,100,100
60.0177,100,100
60.0174,100,100
60.0172,100,100
60.017,100,100
60.0167,100,100
60.0165,100,100
60.0163,100,100
60.0161,100,100
60.0158,100,100
60.0156,100,100
60.0154,100,100
60.0151,100,100
60.0149,100,100
60.0147,100,100
60.0145,100,100
60.0142,100,100
60.014,100,100
60.0138,100,100
60.0136,100,100
60.0133,100,100
60.0131,100,100
60.0129,100,100
60.0126,100,100
60.0124,100,100
60.0122,100,100
60.012,100,100
60.0117,100,100
60.0115,100,100
60.0113,100,100
60.011,100,100
60.0108,100,100
60.0106,100,100
60.0104,100,100
60.0101,100,100
60.0099,100,100
60.0097,100,100
60.0094,100,100
60.0092,100,100
60.009,100,100
60.0088,100,100
60.0085,100,100
60.0083,100,100
60.0081,100,100
60.0078,100,100
60.0076,100,100
60.0074,100,100
60.0072,100,100
60.0069,100,100
60.0067,100,100
60.0065,100,100
60.0063,100,100
60.006,100,100
60.0058,100,100
60.0056,100,100
60.0053,100,100
60.0051,100,100
60.0049,100,100
60.0047,100,100
60.0044,100,100
60.0042,100,100
60.004,100,100
60.0038,100,100
60.0035,100,100
60.0033,100,100
60.0031,100,100
60.0029,100,100
60.0026,100,100
60.0024,100,100
60.0022,100,100
60.002,100,100
60.0017,100,100
60.0015,100,100
60.0013,100,100
60.0011,100,100
60.0008,100,100
60.0006,100,100
60.0004,100,100
60.0002,100,100
59.9999,100,100
59.9997,100,100
59.9995,100,100
59.9993,100,100
59.999,100,100
59.9988,100,100
59.9986,100,100
59.9984,100,100
59.9981,100,100
59.9979,100,100
59.9977,100,100
59.9975,100,100
59.9972,100,100
59.997,100,100
59.9968,100,100
59.9966,100,100
59.9963,100,100
59.9961,100,100
59.9959,100,100
59.9957,100,100
59.9954,100,100
59.9952,100,100
59.995,100,100
59.9948,100,100
59.9945,100,100
59.9943,100,100
59.9941,100,100
59.9939,100,100
59.9936,100,100
59.9934,100,100
59.9932,100,100
59.993,100,100
59.9928,100,100
59.9925,100,100
59.9923,100,100
59.9921,100,100
59.9919,100,100
59.9916,100,100
59.9914,100,100
59.9912,100,100
59.991,100,100
59.9907,100,100
59.9905,100,100
59.9903,100,100
59.9901,100,100
59.9898,100,100
59.9896,100,100
59.9894,100,100
59.9892,100,100
59.9889,100,100
59.9887,100,100
59.9885,100,100
59.9883,100,100
59.988,100,100
59.9878,100,100
59.9876,100,100
59.9874,100,100
59.9871,100,100
59.9869,100,100
59.9867,100,100
59.9865,100,100
59.9862,100,100
59.986,100,100
59.9858,100,100
59.9856,100,100
59.9853,100,100
59.9851,100,100
59.9849,100,100
59.9847,100,100
59.9844,100,100
59.9842,100,100
59.984,100,100
59.9838,100,100
59.9835,100,100
59.9833,100,100
59.9831,100,100
59.9829,100,100
59.9826,100,100
59.9824,100,100
59.9822,100,100
59.982,100,100
59.9817,100,100
59.9815,100,100
59.9813,100,100
59.9811,100,100
59.9809,100,100
59.9806,100,100
59.9804,100,100
59.9802,100,100
59.98,100,100
59.9797,100,100
59.9795,100,100
59.9793,100,100
59.9791,100,100
59.9788,100,100
59.9786,100,100
59.9784,100,100
59.9782,100,100
59.978,100,100
59.9777,100,100
59.9775,100,100
59.9773,100,100
59.9771,100,100
59.9768,100,100
59.9766,100,100
59.9764,100,100
59.9762,100,100
59.9759,100,100
59.9757,100,100
59.9755,100,100
59.9753,100,100
59.9751,100,100
59.9748,100,100
59.9746,100,100
59.9744,100,100
59.9742,100,100
59.9739,100,100
59.9737,100,100
59.9735,100,100
59.9733,100,100
59.973,100,100
59.9728,100,100
59.9726,100,100
59.9724,100,100
59.9722,100,100
59.9719,100,100
59.9717,100,100
59.9715,100,100
59.9713,100,100
59.971,100,100
59.9708,100,100
59.9706,100,100
59.9704,100,100
59.9701,100,100
59.9699,100,100
59.9697,100,100
59.9695,100,100
59.9693,100,100
59.969,100,100
59.9688,100,100
59.9686,100,100
59.9684,100,100
59.9681,100,100
59.9679,100,100
59.9677,100,100
59.9675,100,100
59.9673,100,100
59.967,100,100
59.9668,100,100
59.9666,100,100
59.9664,100,100
59.9661,100,100
59.9659,100,100
59.9657,100,100
59.9655,100,100
59.9652,100,100
59.965,100,100
59.9648,100,100
59.9646,100,100
59.9644,100,100
59.9641,100,100
59.9639,100,100
59.9637,100,100
59.9635,100,100
59.9632,100,100
59.963,100,100
59.9628,100,100
59.9626,100,100
59.9623,100,100
59.9621,100,100
59.9619,100,100
59.9617,100,100
59.9615,100,100
59.9612,100,100
59.961,100,100
59.9608,100,100
59.9606,100,100
59.9603,100,100
59.9601,100,100
59.9599,100,100
59.9597,100,100
59.9595,100,100
59.9592,100,100
59.959,100,100
59.9588,100,100
59.9586,100,100
59.9584,100,100
59.9581,100,100
59.9579,100,100
59.9577,100,100
59.9575,100,100
59.9573,100,100
59.957,100,100
59.9568,100,100
59.9566,100,100
59.9564,100,100
59.9561,100,100
59.9559,100,100
59.9557,100,100
59.9555,100,100
59.9553,100,100
59.955,100,100
59.9548,100,100
59.9546,100,100
59.9544,100,100
59.9542,100,100
59.9539,100,100
59.9537,100,100
59.9535,100,100
59.9533,100,100
59.9531,100,100
59.9528,100,100
59.9526,100,100
59.9524,100,100
59.9522,100,100
59.952,100,100
59.9517,100,100
59.9515,100,100
59.9513,100,100
59.9511,100,100
59.9509,100,100
59.9506,100,100
59.9504,100,100
59.9502,100,100
59.95,100,100
59.9497,100,100
59.9495,100,100
59.9493,100,100
59.9491,100,100
59.9489,100,100
59.9486,100,100
59.9484,100,100
59.9482,100,100
59.948,100,100
59.9478,100,100
59.9475,100,100
59.9473,100,100
59.9471,100,100
59.9469,100,100
59.9467,100,100
59.9464,100,100
59.9462,100,100
59.946,100,100
59.9458,100,100
59.9456,100,100
59.9453,100,100
59.9451,100,100
59.9449,100,100
59.9447,100,100
59.9445,100,100
59.9442,100,100
59.944,100,100
59.9438,100,100
59.9436,100,100
59.9433,100,100
59.9431,100,100
59.9429,100,100
59.9427,100,100
59.9425,100,100
59.9422,100,100
59.942,100,100
59.9418,100,100
59.9416,100,100
59.9414,100,100
59.9411,100,100
59.9409,100,100
59.9407,100,100
59.9405,100,100
59.9403,100,100
59.94,100,100
59.9398,100,100
59.9396,100,100
59.9394,100,100
59.9392,100,100
59.9389,100,100
59.9387,100,100
59.9385,100,100
59.9383,100,100
59.9381,100,100
59.9378,100,100
59.9376,100,100
59.9374,100,100
59.9372,100,100
59.937,100,100
59.9367,100,100
59.9365,100,100
59.9363,100,100
59.9361,100,100
59.9359,100,100
59.9357,100,100
59.9354,100,100
59.9352,100,100
59.935,100,100
59.9348,100,100
59.9346,100,100
59.9344,100,100
59.9341,100,100
59.9339,100,100
59.9337,100,100
59.9335,100,100
59.9333,100,100
59.933,100,100
59.9328,100,100
59.9326,100,100
59.9324,100,100
59.9322,100,100
59.932,100,100
59.9317,100,100
59.9315,100,100
59.9313,100,100
59.9311,100,100
59.9309,100,100
59.9306,100,100
59.9304,100,100
59.9302,100,100
59.93,100,100
59.9298,100,100
59.9296,100,100
59.9293,100,100
59.9291,100,100
59.9289,100,100
59.9287,100,100
59.9285,100,100
59.9283,100,100
59.928,100,100
59.9278,100,100
59.9276,100,100
59.9274,100,100
59.9272,100,100
59.9269,100,100
59.9267,100,100
59.9265,100,100
59.9263,100,100
59.9261,100,100
59.9259,100,100
59.9256,100,100
59.9254,100,100
59.9252,100,100
59.925,100,100
59.9248,100,100
59.9245,100,100
59.9243,100,100
59.9241,100,100
59.9239,100,100
59.9237,100,100
59.9235,100,100
59.9232,100,100
59.923,100,100
59.9228,100,100
59.9226,100,100
59.9224,100,100
59.9221,100,100
59.9219,100,100
59.9217,100,100
59.9215,100,100
59.9213,100,100
59.9211,100,100
59.9208,100,100
59.9206,100,100
59.9204,100,100
59.9202,100,100
59.92,100,100
59.9198,100,100
59.9195,100,100
59.9193,100,100
59.9191,100,100
59.9189,100,100
59.9187,100,100
59.9184,100,100
59.9182,100,100
59.918,100,100
59.9178,100,100
59.9176,100,100
59.9174,100,100
59.9171,100,100
59.9169,100,100
59.9167,100,100
59.9165,100,100
59.9163,100,100
59.9161,100,100
59.9158,100,100
59.9156,100,100
59.9154,100,100
59.9152,100,100
59.915,100,100
59.9148,100,100
59.9145,100,100
59.9143,100,100
59.9141,100,100
59.9139,100,100
59.9137,100,100
59.9135,100,100
59.9133,100,100
59.913,100,100
59.9128,100,100
59.9126,100,100
59.9124,100,100
59.9122,100,100
59.912,100,100
59.9117,100,100
59.9115,100,100
59.9113,100,100
59.9111,100,100
59.9109,100,100
59.9107,100,100
59.9105,100,100
59.9102,100,100
59.91,100,100
59.9098,100,100
59.9096,100,100
59.9094,100,100
59.9092,100,100
59.9089,100,100
59.9087,100,100
59.9085,100,100
59.9083,100,100
59.9081,100,100
59.9079,100,100
59.9077,100,100
59.9074,100,100
59.9072,100,100
59.907,100,100
59.9068,100,100
59.9066,100,100
59.9064,100,100
59.9061,100,100
59.9059,100,100
59.9057,100,100
59.9055,100,100
59.9053,100,100
59.9051,100,100
59.9049,100,100
59.9046,100,100
59.9044,100,100
59.9042,100,100
59.904,100,100
59.9038,100,100
59.9036,100,100
59.9033,100,100
59.9031,100,100
59.9029,100,100
59.9027,100,100
59.9025,100,100
59.9023,100,100
59.9021,100,100
59.9018,100,100
59.9016,100,100
59.9014,100,100
59.9012,100,100
59.901,100,100
59.9008,100,100
59.9005,100,100
59.9003,100,100
59.9001,100,100
59.8999,100,100
59.8997,100,100
59.8995,100,100
59.8993,100,100
59.899,100,100
59.8988,100,100
59.8986,100,100
59.8984,100,100
59.8982,100,100
59.898,100,100
59.8977,100,100
59.8975,100,100
59.8973,100,100
59.8971,100,100
59.8969,100,100
59.8967,100,100
59.8965,100,100
59.8962,100,100
59.896,100,100
59.8958,100,100
59.8956,100,100
59.8954,100,100
59.8952,100,100
59.8949,100,100
59.8947,100,100
59.8945,100,100
59.8943,100,100
59.8941,100,100
59.8939,100,100
59.8937,100,100
59.8935,100,100
59.8933,100,100
59.893,100,100
59.8928,100,100
59.8926,100,100
59.8924,100,100
59.8922,100,100
59.892,100,100
59.8918,100,100
59.8916,100,100
59.8914,100,100
59.8911,100,100
59.8909,100,100
59.8907,100,100
59.8905,100,100
59.8903,100,100
59.8901,100,100
59.8899,100,100
59.8897,100,100
59.8894,100,100
59.8892,100,100
59.889,100,100
59.8888,100,100
59.8886,100,100
59.8884,100,100
59.8882,100,100
59.888,100,100
59.8878,100,100
59.8875,100,100
59.8873,100,100
59.8871,100,100
59.8869,100,100
59.8867,100,100
59.8865,100,100
59.8863,100,100
59.8861,100,100
59.8858,100,100
59.8856,100,100
59.8854,100,100
59.8852,100,100
59.885,100,100
59.8848,100,100
59.8846,100,100
59.8844,100,100
59.8842,100,100
59.8839,100,100
59.8837,100,100
59.8835,100,100
59.8833,100,100
59.8831,100,100
59.8829,100,100
59.8827,100,100
59.8825,100,100
59.8822,100,100
59.882,100,100
59.8818,100,100
59.8816,100,100
59.8814,100,100
59.8812,100,100
59.881,100,100
59.8808,100,100
59.8806,100,100
59.8803,100,100
59.8801,100,100
59.8799,100,100
59.8797,100,100
59.8795,100,100
59.8793,100,100
59.8791,100,100
59.8789,100,100
59.8786,100,100
59.8784,100,100
59.8782,100,100
59.878,100,100
59.8778,100,100
59.8776,100,100
59.8774,100,100
59.8772,100,100
59.877,100,100
59.8767,100,100
59.8765,100,100
59.8763,100,100
59.8761,100,100
59.8759,100,100
59.8757,100,100
59.8755,100,100
59.8753,100,100
59.8751,100,100
59.8748,100,100
59.8746,100,100
59.8744,100,100
59.8742,100,100
59.874,100,100
59.8738,100,100
59.8736,100,100
59.8734,100,100
59.8732,100,100
59.8729,100,100
59.8727,100,100
59.8725,100,100
59.8723,100,100
59.8721,100,100
59.8719,100,100
59.8717,100,100
59.8715,100,100
59.8713,100,100
59.8711,100,100
59.8709,100,100
59.8706,100,100
59.8704,100,100
59.8702,100,100
59.87,100,100
59.8698,100,100
59.8696,100,100
59.8694,100,100
59.8692,100,100
59.869,100,100
59.8688,100,100
59.8686,100,100
59.8683,100,100
59.8681,100,100
59.8679,100,100
59.8677,100,100
59.8675,100,100
59.8673,100,100
59.8671,100,100
59.8669,100,100
59.8667,100,100
59.8665,100,100
59.8662,100,100
59.866,100,100
59.8658,100,100
59.8656,100,100
59.8654,100,100
59.8652,100,100
59.865,100,100
59.8648,100,100
59.8646,100,100
59.8644,100,100
59.8642,100,100
59.8639,100,100
59.8637,100,100
59.8635,100,100
59.8633,100,100
59.8631,100,100
59.8629,100,100
59.8627,100,100
59.8625,100,100
59.8623,100,100
59.8621,100,100
59.8619,100,100
59.8616,100,100
59.8614,100,100
59.8612,100,100
59.861,100,100
59.8608,100,100
59.8606,100,100
59.8604,100,100
59.8602,100,100
59.86,100,100
59.8598,100,100
59.8596,100,100
59.8593,100,100
59.8591,100,100
59.8589,100,100
59.8587,100,100
59.8585,100,100
59.8583,100,100
59.8581,100,100
59.8579,100,100
59.8577,100,100
59.8575,100,100
59.8573,100,100
59.857,100,100
59.8568,100,100
59.8566,100,100
59.8564,100,100
59.8562,100,100
59.856,100,100
59.8558,100,100
59.8556,100,100
59.8554,100,100
59.8552,100,100
59.855,100,100
59.8547,100,100
59.8545,100,100
59.8543,100,100
59.8541,100,100
59.8539,100,100
59.8537,100,100
59.8535,100,100
59.8533,100,100
59.8531,100,100
59.8529,100,100
59.8526,100,100
59.8524,100,100
59.8522,100,100
59.852,100,100
59.8518,100,100
59.8516,100,100
59.8514,100,100
59.8512,100,100
59.8509,100,100
59.8507,100,100
59.8505,100,100
59.8503,100,100
59.8501,100,100
59.8499,100,100
59.8497,100,100
59.8495,100,100
59.8492,100,100
59.849,100,100
59.8488,100,100
59.8486,100,100
59.8484,100,100
59.8482,100,100
59.848,100,100
59.8478,100,100
59.8475,100,100
59.8473,100,100
59.8471,100,100
59.8469,100,100
59.8467,100,100
59.8465,100,100
59.8463,100,100
59.8461,100,100
59.8458,100,100
59.8456,100,100
59.8454,100,100
59.8452,100,100
59.845,100,100
59.8448,100,100
59.8446,100,100
59.8444,100,100
59.8441,100,100
59.8439,100,100
59.8437,100,100
59.8435,100,100
59.8433,100,100
59.8431,100,100
59.8429,100,100
59.8427,100,100
59.8424,100,100
59.8422,100,100
59.842,100,100
59.8418,100,100
59.8416,100,100
59.8414,100,100
59.8412,100,100
59.841,100,100
59.8407,100,100
59.8405,100,100
59.8403,100,100
59.8401,100,100
59.8399,100,100
59.8397,100,100
59.8395,100,100
59.8393,100,100
59.839,100,100
59.8388,100,100
59.8386,100,100
59.8384,100,100
59.8382,100,100
59.838,100,100
59.8378,100,100
59.8376,100,100
59.8373,100,100
59.8371,100,100
59.8369,100,100
59.8367,100,100
59.8365,100,100
59.8363,100,100
59.8361,100,100
59.8359,100,100
59.8356,100,100
59.8354,100,100
59.8352,100,100
59.835,100,100
59.8348,100,100
59.8346,100,100
59.8344,100,100
59.8341,100,100
59.8339,100,100
59.8337,100,100
59.8335,100,100
59.8333,100,100
59.8331,100,100
59.8329,100,100
59.8327,100,100
59.8324,100,100
59.8322,100,100
59.832,100,100
59.8318,100,100
59.8316,100,100
59.8314,100,100
59.8312,100,100
59.831,100,100
59.8308,100,100
59.8305,100,100
59.8303,100,100
59.8301,100,100
59.8299,100,100
59.8297,100,100
59.8295,100,100
59.8293,100,100
59.8291,100,100
59.8289,100,100
59.8286,100,100
59.8284,100,100
59.8282,100,100
59.828,100,100
59.8278,100,100
59.8276,100,100
59.8274,100,100
59.8272,100,100
59.827,100,100
59.8267,100,100
59.8265,100,100
59.8263,100,100
59.8261,100,100
59.8259,100,100
59.8257,100,100
59.8255,100,100
59.8253,100,100
59.8251,100,100
59.8249,100,100
59.8246,100,100
59.8244,100,100
59.8242,100,100
59.824,100,100
59.8238,100,100
59.8236,100,100
59.8234,100,100
59.8232,100,100
59.823,100,100
59.8227,100,100
59.8225,100,100
59.8223,100,100
59.8221,100,100
59.8219,100,100
59.8217,100,100
59.8215,100,100
59.8213,100,100
59.8211,100,100
59.8208,100,100
59.8206,100,100
59.8204,100,100
59.8202,100,100
59.82,100,100
59.8198,100,100
59.8196,100,100
59.8194,100,100
59.8192,100,100
59.8189,100,100
59.8187,100,100
59.8185,100,100
59.8183,100,100
59.8181,100,100
59.8179,100,100
59.8177,100,100
59.8175,100,100
59.8173,100,100
59.817,100,100
59.8168,100,100
59.8166,100,100
59.8164,100,100
59.8162,100,100
59.816,100,100
59.8158,100,100
59.8156,100,100
59.8154,100,100
59.8151,100,100
59.8149,100,100
59.8147,100,100
59.8145,100,100
59.8143,100,100
59.8141,100,100
59.8139,100,100
59.8137,100,100
59.8135,100,100
59.8132,100,100
59.813,100,100
59.8128,100,100
59.8126,100,100
59.8124,100,100
59.8122,100,100
59.812,100,100
59.8118,100,100
59.8116,100,100
59.8113,100,100
59.8111,100,100
59.8109,100,100
59.8107,100,100
59.8105,100,100
59.8103,100,100
59.8101,100,100
59.8099,100,100
59.8097,100,100
59.8095,100,100
59.8092,100,100
59.809,100,100
59.8088,100,100
59.8086,100,100
59.8084,100,100
59.8082,100,100
59.808,100,100
59.8078,100,100
59.8076,100,100
59.8073,100,100
59.8071,100,100
59.8069,100,100
59.8067,100,100
59.8065,100,100
59.8063,100,100
59.8061,100,100
59.8059,100,100
59.8057,100,100
59.8054,100,100
59.8052,100,100
59.805,100,100
59.8048,100,100
59.8046,100,100
59.8044,100,100
59.8042,100,100
59.804,100,100
59.8038,100,100
59.8036,100,100
59.8033,100,100
59.8031,100,100
59.8029,100,100
59.8027,100,100
59.8025,100,100
59.8023,100,100
59.8021,100,100
59.8019,100,100
59.8017,100,100
59.8014,100,100
59.8012,100,100
59.801,100,100
59.8008,100,100
59.8006,100,100
59.8004,100,100
59.8002,100,100
59.8,100,100
59.7998,100,100
59.7995,100,100
59.7993,100,100
59.7991,100,100
59.7989,100,100
59.7987,100,100
59.7985,100,100
59.7983,100,100
59.7981,100,100
59.7979,100,100
59.7977,100,100
59.7974,100,100
59.7972,100,100
59.797,100,100
59.7968,100,100
59.7966,100,100
59.7964,100,100
59.7962,100,100
59.796,100,100
59.7958,100,100
59.7955,100,100
59.7953,100,100
59.7951,100,100
59.7949,100,100
59.7947,100,100
59.7945,100,100
59.7943,100,100
59.7941,100,100
59.7939,100,100
59.7936,100,100
59.7934,100,100
59.7932,100,100
59.793,100,100
59.7928,100,100
59.7926,100,100
59.7924,100,100
59.7922,100,100
59.792,100,100
59.7918,100,100
59.7915,100,100
59.7913,100,100
59.7911,100,100
59.7909,100,100
59.7907,100,100
59.7905,100,100
59.7903,100,100
59.7901,100,100
59.7899,100,100
59.7896,100,100
59.7894,100,100
59.7892,100,100
59.789,100,100
59.7888,100,100
59.7886,100,100
59.7884,100,100
59.7882,100,100
59.788,100,100
59.7878,100,100
59.7876,100,100
59.7874,100,100
59.7872,100,100
59.7869,100,100
59.7867,100,100
59.7865,100,100
59.7863,100,100
59.7861,100,100
59.7859,100,100
59.7857,100,100
59.7855,100,100
59.7853,100,100
59.7851,100,100
59.7849,100,100
59.7847,100,100
59.7845,100,100
59.7842,100,100
59.784,100,100
59.7838,100,100
59.7836,100,100
59.7834,100,100
59.7832,100,100
59.783,100,100
59.7828,100,100
59.7826,100,100
59.7824,100,100
59.7822,100,100
59.782,100,100
59.7818,100,100
59.7816,100,100
59.7813,100,100
59.7811,100,100
59.7809,100,100
59.7807,100,100
59.7805,100,100
59.7803,100,100
59.7801,100,100
59.7799,100,100
59.7797,100,100
59.7795,100,100
59.7793,100,100
59.7791,100,100
59.7789,100,100
59.7786,100,100
59.7784,100,100
59.7782,100,100
59.778,100,100
59.7778,100,100
59.7776,100,100
59.7774,100,100
59.7772,100,100
59.777,100,100
59.7768,100,100
59.7766,100,100
59.7764,100,100
59.7762,100,100
59.776,100,100
59.7757,100,100
59.7755,100,100
59.7753,100,100
59.7751,100,100
59.7749,100,100
59.7747,100,100
59.7745,100,100
59.7743,100,100
59.7741,100,100
59.7739,100,100
59.7737,100,100
59.7735,100,100
59.7733,100,100
59.773,100,100
59.7728,100,100
59.7726,100,100
59.7724,100,100
59.7722,100,100
59.772,100,100
59.7718,100,100
59.7716,100,100
59.7714,100,100
59.7712,100,100
59.771,100,100
59.7708,100,100
59.7706,100,100
59.7704,100,100
59.7701,100,100
59.7699,100,100
59.7697,100,100
59.7695,100,100
59.7693,100,100
59.7691,100,100
59.7689,100,100
59.7687,100,100
59.7685,100,100
59.7683,100,100
59.7681,100,100
59.7679,100,100
59.7677,100,100
59.7674,100,100
59.7672,100,100
59.767,100,100
59.7668,100,100
59.7666,100,100
59.7664,100,100
59.7662,100,100
59.766,100,100
59.7658,100,100
59.7656,100,100
59.7654,100,100
59.7652,100,100
59.765,100,100
59.7648,100,100
59.7645,100,100
59.7643,100,100
59.7641,100,100
59.7639,100,100
59.7637,100,100
59.7635,100,100
59.7633,100,100
59.7631,100,100
59.7629,100,100
59.7627,100,100
59.7625,100,100
59.7623,100,100
59.7621,100,100
59.7618,100,100
59.7616,100,100
59.7614,100,100
59.7612,100,100
59.761,100,100
59.7608,100,100
59.7606,100,100
59.7604,100,100
59.7602,100,100
59.76,100,100
59.7598,100,100
59.7596,100,100
59.7594,100,100
59.7591,100,100
59.7589,100,100
59.7587,100,100
59.7585,100,100
59.7583,100,100
59.7581,100,100
59.7579,100,100
59.7577,100,100
59.7575,100,100
59.7573,100,100
59.7571,100,100
59.7569,100,100
59.7567,100,100
59.7565,100,100
59.7562,100,100
59.756,100,100
59.7558,100,100
59.7556,100,100
59.7554,100,100
59.7552,100,100
59.755,100,100
59.7548,100,100
59.7546,100,100
59.7544,100,100
59.7542,100,100
59.754,100,100
59.7538,100,100
59.7535,100,100
59.7533,100,100
59.7531,100,100
59.7529,100,100
59.7527,100,100
59.7525,100,100
59.7523,100,100
59.7521,100,100
59.7519,100,100
59.7517,100,100
59.7515,100,100
59.7513,100,100
59.7511,100,100
59.7509,100,100
59.7506,100,100
59.7504,100,100
59.7502,100,100
59.75,100,100
59.7498,100,100
59.7496,100,100
59.7494,100,100
59.7492,100,100
59.749,100,100
59.7488,100,100
59.7486,100,100
59.7484,100,100
59.7482,100,100
59.7479,100,100
59.7477,100,100
59.7475,100,100
59.7473,100,100
59.7471,100,100
59.7469,100,100
59.7467,100,100
59.7465,100,100
59.7463,100,100
59.7461,100,100
59.7459,100,100
59.7457,100,100
59.7455,100,100
59.7453,100,100
59.7451,100,100
59.7449,100,100
59.7447,100,100
59.7444,100,100
59.7442,100,100
59.744,100,100
59.7438,100,100
59.7436,100,100
59.7434,100,100
59.7432,100,100
59.743,100,100
59.7428,100,100
59.7426,100,100
59.7424,100,100
59.7422,100,100
59.742,100,100
59.7418,100,100
59.7416,100,100
59.7414,100,100
59.7411,100,100
59.7409,100,100
59.7407,100,100
59.7405,100,100
59.7403,100,100
59.7401,100,100
59.7399,100,100
59.7397,100,100
59.7395,100,100
59.7393,100,100
59.7391,100,100
59.7389,100,100
59.7387,100,100
59.7385,100,100
59.7383,100,100
59.7381,100,100
59.7379,100,100
59.7376,100,100
59.7374,100,100
59.7372,100,100
59.737,100,100
59.7368,100,100
59.7366,100,100
59.7364,100,100
59.7362,100,100
59.736,100,100
59.7358,100,100
59.7356,100,100
59.7354,100,100
59.7352,100,100
59.735,100,100
59.7348,100,100
59.7346,100,100
59.7343,100,100
59.7341,100,100
59.7339,100,100
59.7337,100,100
59.7335,100,100
59.7333,100,100
59.7331,100,100
59.7329,100,100
59.7327,100,100
59.7325,100,100
59.7323,100,100
59.7321,100,100
59.7319,100,100
59.7317,100,100
59.7315,100,100
59.7313,100,100
59.7311,100,100
59.7308,100,100
59.7306,100,100
59.7304,100,100
59.7302,100,100
59.73,100,100
59.7298,100,100
59.7296,100,100
59.7294,100,100
59.7292,100,100
59.729,100,100
59.7288,100,100
59.7286,100,100
59.7284,100,100
59.7282,100,100
59.728,100,100
59.7278,100,100
59.7275,100,100
59.7273,100,100
59.7271,100,100
59.7269,100,100
59.7267,100,100
59.7265,100,100
59.7263,100,100
59.7261,100,100
59.7259,100,100
59.7257,100,100
59.7255,100,100
59.7253,100,100
59.7251,100,100
59.7249,100,100
59.7247,100,100
59.7245,100,100
59.7243,100,100
59.7241,100,100
59.7239,100,100
59.7237,100,100
59.7235,100,100
59.7233,100,100
59.7231,100,100
59.7229,100,100
59.7227,100,100
59.7225,100,100
59.7223,100,100
59.7221,100,100
59.7219,100,100
59.7217,100,100
59.7215,100,100
59.7213,100,100
59.7211,100,100
59.7209,100,100
59.7207,100,100
59.7205,100,100
59.7203,100,100
59.7201,100,100
59.7199,100,100
59.7197,100,100
59.7195,100,100
59.7193,100,100
59.7191,100,100
59.7189,100,100
59.7187,100,100
59.7184,100,100
59.7182,100,100
59.718,100,100
59.7178,100,100
59.7176,100,100
59.7174,100,100
59.7172,100,100
59.717,100,100
59.7168,100,100
59.7166,100,100
59.7164,100,100
59.7162,100,100
59.716,100,100
59.7158,100,100
59.7156,100,100
59.7154,100,100
59.7152,100,100
59.715,100,100
59.7148,100,100
59.7146,100,100
59.7144,100,100
59.7142,100,100
59.714,100,100
59.7138,100,100
59.7136,100,100
59.7134,100,100
59.7132,100,100
59.713,100,100
59.7128,100,100
59.7126,100,100
59.7124,100,100
59.7122,100,100
59.712,100,100
59.7118,100,100
59.7116,100,100
59.7114,100,100
59.7112,100,100
59.711,100,100
59.7108,100,100
59.7106,100,100
59.7104,100,100
59.7102,100,100
59.71,100,100
59.7098,100,100
59.7096,100,100
59.7094,100,100
59.7091,100,100
59.7089,100,100
59.7087,100,100
59.7085,100,100
59.7083,100,100
59.7081,100,100
59.7079,100,100
59.7077,100,100
59.7075,100,100
59.7073,100,100
59.7071,100,100
59.7069,100,100
59.7067,100,100
59.7065,100,100
59.7063,100,100
59.7061,100,100
59.7059,100,100
59.7057,100,100
59.7055,100,100
59.7053,100,100
59.7051,100,100
59.7049,100,100
59.7047,100,100
59.7045,100,100
59.7043,100,100
59.7041,100,100
59.7039,100,100
59.7037,100,100
59.7035,100,100
59.7033,100,100
59.7031,100,100
59.7029,100,100
59.7027,100,100
59.7025,100,100
59.7023,100,100
59.7021,100,100
59.7019,100,100
59.7017,100,100
59.7015,100,100
59.7013,100,100
59.7011,100,100
59.7009,100,100
59.7007,100,100
59.7005,100,100
59.7003,100,100
59.7001,100,100
59.6999,100,100
59.6996,100,100
59.6994,100,100
59.6992,100,100
59.699,100,100
59.6988,100,100
59.6986,100,100
59.6984,100,100
59.6982,100,100
59.698,100,100
59.6978,100,100
59.6976,100,100
59.6974,100,100
59.6972,100,100
59.697,100,100
59.6968,100,100
59.6966,100,100
59.6964,100,100
59.6962,100,100
59.696,100,100
59.6958,100,100
59.6956,100,100
59.6954,100,100
59.6952,100,100
59.695,100,100
59.6948,100,100
59.6946,100,100
59.6944,100,100
59.6942,100,100
59.694,100,100
59.6938,100,100
59.6936,100,100
59.6934,100,100
59.6932,100,100
59.693,100,100
59.6928,100,100
59.6926,100,100
59.6924,100,100
59.6922,100,100
59.692,100,100
59.6918,100,100
59.6916,100,100
59.6914,100,100
59.6912,100,100
59.691,100,100
59.6908,100,100
59.6906,100,100
59.6903,100,100
59.6901,100,100
59.6899,100,100
59.6897,100,100
59.6895,100,100
59.6893,100,100
59.6891,100,100
59.6889,100,100
59.6887,100,100
59.6885,100,100
59.6883,100,100
59.6881,100,100
59.6879,100,100
59.6877,100,100
59.6875,100,100
59.6873,100,100
59.6871,100,100
59.6869,100,100
59.6867,100,100
59.6865,100,100
59.6863,100,100
59.6861,100,100
59.6859,100,100
59.6857,100,100
59.6855,100,100
59.6853,100,100
59.6851,100,100
59.6849,100,100
59.6847,100,100
59.6845,100,100
59.6843,100,100
59.6841,100,100
59.6839,100,100
59.6837,100,100
59.6834,100,100
59.6832,100,100
59.683,100,100
59.6828,100,100
59.6826,100,100
59.6824,100,100
59.6822,100,100
59.682,100,100
59.6818,100,100
59.6816,100,100
59.6814,100,100
59.6812,100,100
59.681,100,100
59.6808,100,100
59.6806,100,100
59.6804,100,100
59.6802,100,100
59.68,100,100
59.6798,100,100
59.6796,100,100
59.6794,100,100
59.6792,100,100
59.679,100,100
59.6788,100,100
59.6786,100,100
59.6784,100,100
59.6782,100,100
59.678,100,100
59.6777,100,100
59.6775,100,100
59.6773,100,100
59.6771,100,100
59.6769,100,100
59.6767,100,100
59.6765,100,100
59.6763,100,100
59.6761,100,100
59.6759,100,100
59.6757,100,100
59.6755,100,100
59.6753,100,100
59.6751,100,100
59.6749,100,100
59.6747,100,100
59.6745,100,100
59.6743,100,100
59.6741,100,100
59.6739,100,100
59.6737,100,100
59.6735,100,100
59.6733,100,100
59.6731,100,100
59.6729,100,100
59.6727,100,100
59.6725,100,100
59.6723,100,100
59.672,100,100
59.6718,100,100
59.6716,100,100
59.6714,100,100
59.6712,100,100
59.671,100,100
59.6708,100,100
59.6706,100,100
59.6704,100,100
59.6702,100,100
59.67,100,100
59.6698,100,100
59.6696,100,100
59.6694,100,100
59.6692,100,100
59.669,100,100
59.6688,100,100
59.6686,100,100
59.6684,100,100
59.6682,100,100
59.668,100,100
59.6678,100,100
59.6676,100,100
59.6674,100,100
59.6672,100,100
59.667,100,100
59.6668,100,100
59.6666,100,100
59.6664,100,100
59.6661,100,100
59.6659,100,100
59.6657,100,100
59.6655,100,100
59.6653,100,100
59.6651,100,100
59.6649,100,100
59.6647,100,100
59.6645,100,100
59.6643,100,100
59.6641,100,100
59.6639,100,100
59.6637,100,100
59.6635,100,100
59.6633,100,100
59.6631,100,100
59.6629,100,100
59.6627,100,100
59.6625,100,100
59.6623,100,100
59.6621,100,100
59.6619,100,100
59.6617,100,100
59.6615,100,100
59.6613,100,100
59.6611,100,100
59.6609,100,100
59.6607,100,100
59.6605,100,100
59.6603,100,100
59.6601,100,100
59.6599,100,100
59.6597,100,100
59.6595,100,100
59.6593,100,100
59.6591,100,100
59.6589,100,100
59.6587,100,100
59.6585,100,100
59.6583,100,100
59.6581,100,100
59.6579,100,100
59.6577,100,100
59.6575,100,100
59.6573,100,100
59.6571,100,100
59.6569,100,100
59.6566,100,100
59.6564,100,100
59.6562,100,100
59.656,100,100
59.6558,100,100
59.6556,100,100
59.6554,100,100
59.6552,100,100
59.655,100,100
59.6548,100,100
59.6546,100,100
59.6544,100,100
59.6542,100,100
59.654,100,100
59.6538,100,100
59.6536,100,100
59.6534,100,100
59.6532,100,100
59.653,100,100
59.6528,100,100
59.6526,100,100
59.6524,100,100
59.6522,100,100
59.652,100,100
59.6518,100,100
59.6516,100,100
59.6514,100,100
59.6512,100,100
59.651,100,100
59.6508,100,100
59.6506,100,100
59.6504,100,100
59.6502,100,100
59.65,100,100
59.6498,100,100
59.6496,100,100
59.6494,100,100
59.6492,100,100
59.649,100,100
59.6488,100,100
59.6486,100,100
59.6484,100,100
59.6482,100,100
59.648,100,100
59.6478,100,100
59.6476,100,100
59.6473,100,100
59.6471,100,100
59.6469,100,100
59.6467,100,100
59.6465,100,100
59.6463,100,100
59.6461,100,100
59.6459,100,100
59.6457,100,100
59.6455,100,100
59.6453,100,100
59.6451,100,100
59.6449,100,100
59.6447,100,100
59.6445,100,100
59.6443,100,100
59.6441,100,100
59.6439,100,100
59.6437,100,100
59.6435,100,100
59.6433,100,100
59.6431,100,100
59.6429,100,100
59.6427,100,100
59.6425,100,100
59.6423,100,100
59.6421,100,100
59.6419,100,100
59.6417,100,100
59.6415,100,100
59.6413,100,100
59.6411,100,100
59.6409,100,100
59.6407,100,100
59.6405,100,100
59.6403,100,100
59.6401,100,100
59.6399,100,100
59.6397,100,100
59.6395,100,100
59.6393,100,100
59.6391,100,100
59.6389,100,100
59.6387,100,100
59.6385,100,100
59.6383,100,100
59.638,100,100
59.6378,100,100
59.6376,100,100
59.6374,100,100
59.6372,100,100
59.637,100,100
59.6368,100,100
59.6366,100,100
59.6364,100,100
59.6362,100,100
59.636,100,100
59.6358,100,100
59.6356,100,100
59.6354,100,100
59.6352,100,100
59.635,100,100
59.6348,100,100
59.6346,100,100
59.6344,100,100
59.6342,100,100
59.634,100,100
59.6338,100,100
59.6336,100,100
59.6334,100,100
59.6332,100,100
59.633,100,100
59.6328,100,100
59.6326,100,100
59.6324,100,100
59.6322,100,100
59.632,100,100
59.6318,100,100
59.6316,100,100
59.6314,100,100
59.6312,100,100
59.631,100,100
59.6308,100,100
59.6306,100,100
59.6304,100,100
59.6302,100,100
59.63,100,100
59.6298,100,100
59.6296,100,100
59.6294,100,100
59.6292,100,100
59.629,100,100
59.6287,100,100
59.6285,100,100
59.6283,100,100
59.6281,100,100
59.6279,100,100
59.6277,100,100
59.6275,100,100
59.6273,100,100
59.6271,100,100
59.6269,100,100
59.6267,100,100
59.6265,100,100
59.6263,100,100
59.6261,100,100
59.6259,100,100
59.6257,100,100
59.6255,100,100
59.6253,100,100
59.6251,100,100
59.6249,100,100
59.6247,100,100
59.6245,100,100
59.6243,100,100
59.6241,100,100
59.6239,100,100
59.6237,100,100
59.6235,100,100
59.6233,100,100
59.6231,100,100
59.6229,100,100
59.6227,100,100
59.6225,100,100
59.6223,100,100
59.6221,100,100
59.6219,100,100
59.6217,100,100
59.6215,100,100
59.6213,100,100
59.6211,100,100
59.6209,100,100
59.6207,100,100
59.6205,100,100
59.6203,100,100
59.6201,100,100
59.6199,100,100
59.6197,100,100
59.6195,100,100
59.6192,100,100
59.619,100,100
59.6188,100,100
59.6186,100,100
59.6184,100,100
59.6182,100,100
59.618,100,100
59.6178,100,100
59.6176,100,100
59.6174,100,100
59.6172,100,100
59.617,100,100
59.6168,100,100
59.6166,100,100
59.6164,100,100
59.6162,100,100
59.616,100,100
59.6158,100,100
59.6156,100,100
59.6154,100,100
59.6152,100,100
59.615,100,100
59.6148,100,100
59.6146,100,100
59.6144,100,100
59.6142,100,100
59.614,100,100
59.6138,100,100
59.6136,100,100
59.6134,100,100
59.6132,100,100
59.613,100,100
59.6128,100,100
59.6126,100,100
59.6124,100,100
59.6122,100,100
59.612,100,100
59.6118,100,100
59.6116,100,100
59.6114,100,100
59.6112,100,100
59.611,100,100
59.6108,100,100
59.6106,100,100
59.6104,100,100
59.6102,100,100
59.6099,100,100
59.6097,100,100
59.6095,100,100
59.6093,100,100
59.6091,100,100
59.6089,100,100
59.6087,100,100
59.6085,100,100
59.6083,100,100
59.6081,100,100
59.6079,100,100
59.6077,100,100
59.6075,100,100
59.6073,100,100
59.6071,100,100
59.6069,100,100
59.6067,100,100
59.6065,100,100
59.6063,100,100
59.6061,100,100
59.6059,100,100
59.6057,100,100
59.6055,100,100
59.6053,100,100
59.6051,100,100
59.6049,100,100
59.6047,100,100
59.6045,100,100
59.6043,100,100
59.6041,100,100
59.6039,100,100
59.6037,100,100
59.6035,100,100
59.6033,100,100
59.6031,100,100
59.6029,100,100
59.6027,100,100
59.6025,100,100
59.6023,100,100
59.6021,100,100
59.6019,100,100
59.6017,100,100
59.6015,100,100
59.6013,100,100
59.6011,100,100
59.6009,100,100
59.6006,100,100
59.6004,100,100
59.6002,100,100
59.6,100,100
59.5998,100,100
59.5996,100,100
59.5994,100,100
59.5992,100,100
59.599,100,100
59.5988,100,100
59.5986,100,100
59.5984,100,100
59.5982,100,100
59.598,100,100
59.5978,100,100
59.5976,100,100
59.5974,100,100
59.5972,100,100
59.597,100,100
59.5968,100,100
59.5966,100,100
59.5964,100,100
59.5962,100,100
59.596,100,100
59.5958,100,100
59.5956,100,100
59.5954,100,100
59.5952,100,100
59.595,100,100
59.5948,100,100
59.5946,100,100
59.5944,100,100
59.5942,100,100
59.594,100,100
59.5938,100,100
59.5936,100,100
59.5934,100,100
59.5932,100,100
59.593,100,100
59.5928,100,100
59.5926,100,100
59.5924,100,100
59.5922,100,100
59.592,100,100
59.5918,100,100
59.5916,100,100
59.5913,100,100
59.5911,100,100
59.5909,100,100
59.5907,100,100
59.5905,100,100
59.5903,100,100
59.5901,100,100
59.5899,100,100
59.5897,100,100
59.5895,100,100
59.5893,100,100
59.5891,100,100
59.5889,100,100
59.5887,100,100
59.5885,100,100
59.5883,100,100
59.5881,100,100
59.5879,100,100
59.5877,100,100
59.5875,100,100
59.5873,100,100
59.5871,100,100
59.5869,100,100
59.5867,100,100
59.5865,100,100
59.5863,100,100
59.5861,100,100
59.5859,100,100
59.5857,100,100
59.5855,100,100
59.5853,100,100
59.5851,100,100
59.5849,100,100
59.5847,100,100
59.5845,100,100
59.5843,100,100
59.5841,100,100
59.5839,100,100
59.5837,100,100
59.5835,100,100
59.5833,100,100
59.5831,100,100
59.5829,100,100
59.5827,100,100
59.5825,100,100
59.5823,100,100
59.582,100,100
59.5818,100,100
59.5816,100,100
59.5814,100,100
59.5812,100,100
59.581,100,100
59.5808,100,100
59.5806,100,100
59.5804,100,100
59.5802,100,100
59.58,100,100
59.5798,100,100
59.5796,100,100
59.5794,100,100
59.5792,100,100
59.579,100,100
59.5788,100,100
59.5786,100,100
59.5784,100,100
59.5782,100,100
59.578,100,100
59.5778,100,100
59.5776,100,100
59.5774,100,100
59.5772,100,100
59.577,100,100
59.5768,100,100
59.5766,100,100
59.5764,100,100
59.5762,100,100
59.576,100,100
59.5758,100,100
59.5756,100,100
59.5754,100,100
59.5752,100,100
59.575,100,100
59.5748,100,100
59.5746,100,100
59.5744,100,100
59.5742,100,100
59.574,100,100
59.5738,100,100
59.5736,100,100
59.5734,100,100
59.5731,100,100
59.5729,100,100
59.5727,100,100
59.5725,100,100
59.5723,100,100
59.5721,100,100
59.5719,100,100
59.5717,100,100
59.5715,100,100
59.5713,100,100
59.5711,100,100
59.5709,100,100
59.5707,100,100
59.5705,100,100
59.5703,100,100
59.5701,100,100
59.5699,100,100
59.5697,100,100
59.5695,100,100
59.5693,100,100
59.5691,100,100
59.5689,100,100
59.5687,100,100
59.5685,100,100
59.5683,100,100
59.5681,100,100
59.5679,100,100
59.5677,100,100
59.5675,100,100
59.5673,100,100
59.5671,100,100
59.5669,100,100
59.5667,100,100
59.5665,100,100
59.5663,100,100
59.5661,100,100
59.5659,100,100
59.5657,100,100
59.5655,100,100
59.5653,100,100
59.5651,100,100
59.5648,100,100
59.5646,100,100
59.5644,100,100
59.5642,100,100
59.564,100,100
59.5638,100,100
59.5636,100,100
59.5634,100,100
59.5632,100,100
59.563,100,100
59.5628,100,100
59.5626,100,100
59.5624,100,100
59.5622,100,100
59.562,100,100
59.5618,100,100
59.5616,100,100
59.5614,100,100
59.5612,100,100
59.561,100,100
59.5607,100,100
59.5605,100,100
59.5603,100,100
59.5601,100,100
59.5599,100,100
59.5597,100,100
59.5595,100,100
59.5593,100,100
59.5591,100,100
59.5589,100,100
59.5587,100,100
59.5585,100,100
59.5583,100,100
59.5581,100,100
59.5579,100,100
59.5577,100,100
59.5575,100,100
59.5573,100,100
59.5571,100,100
59.5569,100,100
59.5566,100,100
59.5564,100,100
59.5562,100,100
59.556,100,100
59.5558,100,100
59.5556,100,100
59.5554,100,100
59.5552,100,100
59.555,100,100
59.5548,100,100
59.5546,100,100
59.5544,100,100
59.5542,100,100
59.554,100,100
59.5538,100,100
59.5536,100,100
59.5534,100,100
59.5532,100,100
59.553,100,100
59.5528,100,100
59.5526,100,100
59.5523,100,100
59.5521,100,100
59.5519,100,100
59.5517,100,100
59.5515,100,100
59.5513,100,100
59.5511,100,100
59.5509,100,100
59.5507,100,100
59.5505,100,100
59.5503,100,100
59.5501,100,100
59.5499,100,100
59.5497,100,100
59.5495,100,100
59.5493,100,100
59.5491,100,100
59.5489,100,100
59.5487,100,100
59.5485,100,100
59.5482,100,100
59.548,100,100
59.5478,100,100
59.5476,100,100
59.5474,100,100
59.5472,100,100
59.547,100,100
59.5468,100,100
59.5466,100,100
59.5464,100,100
59.5462,100,100
59.546,100,100
59.5458,100,100
59.5456,100,100
59.5454,100,100
59.5452,100,100
59.545,100,100
59.5448,100,100
59.5446,100,100
59.5444,100,100
59.5442,100,100
59.544,100,100
59.5438,100,100
59.5436,100,100
59.5434,100,100
59.5431,100,100
59.5429,100,100
59.5427,100,100
59.5425,100,100
59.5423,100,100
59.5421,100,100
59.5419,100,100
59.5417,100,100
59.5415,100,100
59.5413,100,100
59.5411,100,100
59.5409,100,100
59.5407,100,100
59.5405,100,100
59.5403,100,100
59.5401,100,100
59.5399,100,100
59.5397,100,100
59.5395,100,100
59.5393,100,100
59.5391,100,100
59.5389,100,100
59.5387,100,100
59.5385,100,100
59.5383,100,100
59.5381,100,100
59.5379,100,100
59.5377,100,100
59.5375,100,100
59.5373,100,100
59.5371,100,100
59.5369,100,100
59.5367,100,100
59.5365,100,100
59.5363,100,100
59.5361,100,100
59.5359,100,100
59.5357,100,100
59.5355,100,100
59.5353,100,100
59.5351,100,100
59.5349,100,100
59.5347,100,100
59.5345,100,100
59.5342,100,100
59.534,100,100
59.5338,100,100
59.5336,100,100
59.5334,100,100
59.5332,100,100
59.533,100,100
59.5328,100,100
59.5326,100,100
59.5324,100,100
59.5322,100,100
59.532,100,100
59.5318,100,100
59.5316,100,100
59.5314,100,100
59.5312,100,100
59.531,100,100
59.5308,100,100
59.5306,100,100
59.5304,100,100
59.5302,100,100
59.53,100,100
59.5298,100,100
59.5296,100,100
59.5294,100,100
59.5292,100,100
59.529,100,100
59.5288,100,100
59.5286,100,100
59.5284,100,100
59.5282,100,100
59.528,100,100
59.5278,100,100
59.5276,100,100
59.5274,100,100
59.5272,100,100
59.527,100,100
59.5268,100,100
59.5266,100,100
59.5264,100,100
59.5262,100,100
59.526,100,100
59.5258,100,100
59.5255,100,100
59.5253,100,100
59.5251,100,100
59.5249,100,100
59.5247,100,100
59.5245,100,100
59.5243,100,100
59.5241,100,100
59.5239,100,100
59.5237,100,100
59.5235,100,100
59.5233,100,100
59.5231,100,100
59.5229,100,100
59.5227,100,100
59.5225,100,100
59.5223,100,100
59.5221,100,100
59.5219,100,100
59.5217,100,100
59.5215,100,100
59.5213,100,100
59.5211,100,100
59.5209,100,100
59.5207,100,100
59.5205,100,100
59.5203,100,100
59.5201,100,100
59.5199,100,100
59.5197,100,100
59.5195,100,100
59.5193,100,100
59.5191,100,100
59.5189,100,100
59.5187,100,100
59.5185,100,100
59.5183,100,100
59.5181,100,100
59.5179,100,100
59.5177,100,100
59.5175,100,100
59.5173,100,100
59.5171,100,100
59.5169,100,100
59.5166,100,100
59.5164,100,100
59.5162,100,100
59.516,100,100
59.5158,100,100
59.5156,100,100
59.5154,100,100
59.5152,100,100
59.515,100,100
59.5148,100,100
59.5146,100,100
59.5144,100,100
59.5142,100,100
59.514,100,100
59.5138,100,100
59.5136,100,100
59.5134,100,100
59.5132,100,100
59.513,100,100
59.5128,100,100
59.5126,100,100
59.5124,100,100
59.5122,100,100
59.512,100,100
59.5118,100,100
59.5116,100,100
59.5114,100,100
59.5112,100,100
59.511,100,100
59.5108,100,100
59.5106,100,100
59.5104,100,100
59.5102,100,100
59.51,100,100
59.5098,100,100
59.5096,100,100
59.5094,100,100
59.5092,100,100
59.509,100,100
59.5088,100,100
59.5086,100,100
59.5084,100,100
59.5082,100,100
59.5079,100,100
59.5077,100,100
59.5075,100,100
59.5073,100,100
59.5071,100,100
59.5069,100,100
59.5067,100,100
59.5065,100,100
59.5063,100,100
59.5061,100,100
59.5059,100,100
59.5057,100,100
59.5055,100,100
59.5053,100,100
59.5051,100,100
59.5049,100,100
59.5047,100,100
59.5045,100,100
59.5043,100,100
59.5041,100,100
59.5039,100,100
59.5037,100,100
59.5035,100,100
59.5033,100,100
59.5031,100,100
59.5029,100,100
59.5027,100,100
59.5025,100,100
59.5023,100,100
59.5021,100,100
59.5019,100,100
59.5017,100,100
59.5015,100,100
59.5013,100,100
59.5011,100,100
59.5009,100,100
59.5007,100,100
59.5005,100,100
59.5003,100,100
59.5001,100,100
59.4999,100,100
59.4997,100,100
59.4995,100,100
59.4993,100,100
59.499,100,100
59.4988,100,100
59.4986,100,100
59.4984,100,100
59.4982,100,100
59.498,100,100
59.4978,100,100
59.4976,100,100
59.4974,100,100
59.4972,100,100
59.497,100,100
59.4968,100,100
59.4966,100,100
59.4964,100,100
59.4962,100,100
59.496,100,100
59.4958,100,100
59.4956,100,100
59.4954,100,100
59.4952,100,100
59.495,100,100
59.4948,100,100
59.4946,100,100
59.4944,100,100
59.4942,100,100
59.494,100,100
59.4938,100,100
59.4936,100,100
59.4934,100,100
59.4932,100,100
59.493,100,100
59.4928,100,100
59.4926,100,100
59.4924,100,100
59.4922,100,100
59.492,100,100
59.4918,100,100
59.4916,100,100
59.4914,100,100
59.4912,100,100
59.491,100,100
59.4908,100,100
59.4906,100,100
59.4903,100,100
59.4901,100,100
59.4899,100,100
59.4897,100,100
59.4895,100,100
59.4893,100,100
59.4891,100,100
59.4889,100,100
59.4887,100,100
59.4885,100,100
59.4883,100,100
59.4881,100,100
59.4879,100,100
59.4877,100,100
59.4875,100,100
59.4873,100,100
59.4871,100,100
59.4869,100,100
59.4867,100,100
59.4865,100,100
59.4863,100,100
59.4861,100,100
59.4859,100,100
59.4857,100,100
59.4855,100,100
59.4853,100,100
59.4851,100,100
59.4849,100,100
59.4847,100,100
59.4845,100,100
59.4843,100,100
59.4841,100,100
59.4839,100,100
59.4837,100,100
59.4835,100,100
59.4833,100,100
59.4831,100,100
59.4829,100,100
59.4827,100,100
59.4825,100,100
59.4823,100,100
59.4821,100,100
59.4819,100,100
59.4817,100,100
59.4815,100,100
59.4813,100,100
59.4811,100,100
59.4809,100,100
59.4807,100,100
59.4805,100,100
59.4803,100,100
59.48,100,100
59.4798,100,100
59.4796,100,100
59.4794,100,100
59.4792,100,100
59.479,100,100
59.4788,100,100
59.4786,100,100
59.4784,100,100
59.4782,100,100
59.478,100,100
59.4778,100,100
59.4776,100,100
59.4774,100,100
59.4772,100,100
59.477,100,100
59.4768,100,100
59.4766,100,100
59.4764,100,100
59.4762,100,100
59.476,100,100
59.4758,100,100
59.4756,100,100
59.4754,100,100
59.4752,100,100
59.475,100,100
59.4748,100,100
59.4746,100,100
59.4744,100,100
59.4742,100,100
59.474,100,100
59.4738,100,100
59.4736,100,100
59.4734,100,100
59.4732,100,100
59.473,100,100
59.4728,100,100
59.4726,100,100
59.4724,100,100
59.4722,100,100
59.472,100,100
59.4718,100,100
59.4716,100,100
59.4714,100,100
59.4712,100,100
59.471,100,100
59.4708,100,100
59.4706,100,100
59.4704,100,100
59.4702,100,100
59.47,100,100
59.4698,100,100
59.4696,100,100
59.4694,100,100
59.4692,100,100
59.469,100,100
59.4688,100,100
59.4686,100,100
59.4684,100,100
59.4682,100,100
59.468,100,100
59.4678,100,100
59.4676,100,100
59.4674,100,100
59.4672,100,100
59.467,100,100
59.4668,100,100
59.4665,100,100
59.4663,100,100
59.4661,100,100
59.4659,100,100
59.4657,100,100
59.4655,100,100
59.4653,100,100
59.4651,100,100
59.4649,100,100
59.4647,100,100
59.4645,100,100
59.4643,100,100
59.4641,100,100
59.4639,100,100
59.4637,100,100
59.4635,100,100
59.4633,100,100
59.4631,100,100
59.4629,100,100
59.4627,100,100
59.4625,100,100
59.4623,100,100
59.4621,100,100
59.4619,100,100
59.4618,100,100
59.4616,100,100
59.4614,100,100
59.4612,100,100
59.461,100,100
59.4608,100,100
59.4606,100,100
59.4604,100,100
59.4602,100,100
59.46,100,100
59.4598,100,100
59.4596,100,100
59.4594,100,100
59.4592,100,100
59.459,100,100
59.4588,100,100
59.4586,100,100
59.4584,100,100
59.4582,100,100
59.458,100,100
59.4578,100,100
59.4576,100,100
59.4574,100,100
59.4572,100,100
59.457,100,100
59.4568,100,100
59.4566,100,100
59.4564,100,100
59.4562,100,100
59.456,100,100
59.4558,100,100
59.4556,100,100
59.4554,100,100
59.4552,100,100
59.455,100,100
59.4548,100,100
59.4546,100,100
59.4544,100,100
59.4542,100,100
59.454,100,100
59.4538,100,100
59.4536,100,100
59.4534,100,100
59.4532,100,100
59.453,100,100
59.4528,100,100
59.4526,100,100
59.4524,100,100
59.4522,100,100
59.452,100,100
59.4518,100,100
59.4516,100,100
59.4514,100,100
59.4512,100,100
59.451,100,100
59.4508,100,100
59.4506,100,100
59.4504,100,100
59.4502,100,100
59.45,100,100
59.4498,100,100
59.4496,100,100
59.4494,100,100
59.4492,100,100
59.449,100,100
59.4488,100,100
59.4486,100,100
59.4484,100,100
59.4482,100,100
59.448,100,100
59.4478,100,100
59.4477,100,100
59.4475,100,100
59.4473,100,100
59.4471,100,100
59.4469,100,100
59.4467,100,100
59.4465,100,100
59.4463,100,100
59.4461,100,100
59.4459,100,100
59.4457,100,100
59.4455,100,100
59.4453,100,100
59.4451,100,100
59.4449,100,100
59.4447,100,100
59.4445,100,100
59.4443,100,100
59.4441,100,100
59.4439,100,100
59.4437,100,100
59.4435,100,100
59.4433,100,100
59.4431,100,100
59.4429,100,100
59.4427,100,100
59.4425,100,100
59.4422,100,100
59.442,100,100
59.4418,100,100
59.4416,100,100
59.4414,100,100
59.4412,100,100
59.441,100,100
59.4408,100,100
59.4406,100,100
59.4404,100,100
59.4402,100,100
59.44,100,100
59.4398,100,100
59.4396,100,100
59.4394,100,100
59.4392,100,100
59.439,100,100
59.4388,100,100
59.4386,100,100
59.4384,100,100
59.4382,100,100
59.438,100,100
59.4378,100,100
59.4376,100,100
59.4374,100,100
59.4372,100,100
59.437,100,100
59.4368,100,100
59.4366,100,100
59.4364,100,100
59.4362,100,100
59.436,100,100
59.4358,100,100
59.4356,100,100
59.4354,100,100
59.4352,100,100
59.435,100,100
59.4348,100,100
59.4346,100,100
59.4344,100,100
59.4342,100,100
59.434,100,100
59.4338,100,100
59.4336,100,100
59.4333,100,100
59.4331,100,100
59.4329,100,100
59.4327,100,100
59.4325,100,100
59.4323,100,100
59.4321,100,100
59.4319,100,100
59.4317,100,100
59.4315,100,100
59.4313,100,100
59.4311,100,100
59.4309,100,100
59.4307,100,100
59.4305,100,100
59.4303,100,100
59.4301,100,100
59.4299,100,100
59.4297,100,100
59.4295,100,100
59.4293,100,100
59.4291,100,100
59.4289,100,100
59.4287,100,100
59.4285,100,100
59.4283,100,100
59.4281,100,100
59.4279,100,100
59.4277,100,100
59.4275,100,100
59.4273,100,100
59.4271,100,100
59.4269,100,100
59.4267,100,100
59.4265,100,100
59.4263,100,100
59.4261,100,100
59.4259,100,100
59.4257,100,100
59.4255,100,100
59.4253,100,100
59.4251,100,100
59.4249,100,100
59.4246,100,100
59.4244,100,100
59.4242,100,100
59.424,100,100
59.4238,100,100
59.4236,100,100
59.4234,100,100
59.4232,100,100
59.423,100,100
59.4228,100,100
59.4226,100,100
59.4224,100,100
59.4222,100,100
59.422,100,100
59.4218,100,100
59.4216,100,100
59.4214,100,100
59.4212,100,100
59.421,100,100
59.4208,100,100
59.4206,100,100
59.4204,100,100
59.4202,100,100
59.42,100,100
59.4198,100,100
59.4196,100,100
59.4194,100,100
59.4192,100,100
59.419,100,100
59.4188,100,100
59.4186,100,100
59.4184,100,100
59.4182,100,100
59.418,100,100
59.4178,100,100
59.4176,100,100
59.4174,100,100
59.4172,100,100
59.417,100,100
59.4168,100,100
59.4166,100,100
59.4164,100,100
59.4162,100,100
59.416,100,100
59.4157,100,100
59.4155,100,100
59.4153,100,100
59.4151,100,100
59.4149,100,100
59.4147,100,100
59.4145,100,100
59.4143,100,100
59.4141,100,100
59.4139,100,100
59.4137,100,100
59.4135,100,100
59.4133,100,100
59.4131,100,100
59.4129,100,100
59.4127,100,100
59.4125,100,100
59.4123,100,100
59.4121,100,100
59.4119,100,100
59.4117,100,100
59.4115,100,100
59.4113,100,100
59.4111,100,100
59.4109,100,100
59.4107,100,100
59.4105,100,100
59.4103,100,100
59.4101,100,100
59.4099,100,100
59.4097,100,100
59.4095,100,100
59.4093,100,100
59.4091,100,100
59.4089,100,100
59.4087,100,100
59.4085,100,100
59.4083,100,100
59.4081,100,100
59.4079,100,100
59.4077,100,100
59.4075,100,100
59.4073,100,100
59.407,100,100
59.4068,100,100
59.4066,100,100
59.4064,100,100
59.4062,100,100
59.406,100,100
59.4058,100,100
59.4056,100,100
59.4054,100,100
59.4052,100,100
59.405,100,100
59.4048,100,100
59.4046,100,100
59.4044,100,100
59.4042,100,100
59.404,100,100
59.4038,100,100
59.4036,100,100
59.4034,100,100
59.4032,100,100
59.403,100,100
59.4028,100,100
59.4026,100,100
59.4024,100,100
59.4022,100,100
59.402,100,100
59.4018,100,100
59.4016,100,100
59.4014,100,100
59.4012,100,100
59.401,100,100
59.4008,100,100
59.4006,100,100
59.4004,100,100
59.4002,100,100
59.4,100,100
59.3998,100,100
59.3996,100,100
59.3994,100,100
59.3992,100,100
59.399,100,100
59.3988,100,100
59.3986,100,100
59.3984,100,100
59.3982,100,100
59.3979,100,100
59.3977,100,100
59.3975,100,100
59.3973,100,100
59.3971,100,100
59.3969,100,100
59.3967,100,100
59.3965,100,100
59.3963,100,100
59.3961,100,100
59.3959,100,100
59.3957,100,100
59.3955,100,100
59.3953,100,100
59.3951,100,100
59.3949,100,100
59.3947,100,100
59.3945,100,100
59.3943,100,100
59.3941,100,100
59.3939,100,100
59.3937,100,100
59.3935,100,100
59.3933,100,100
59.3931,100,100
59.3929,100,100
59.3927,100,100
59.3925,100,100
59.3923,100,100
59.3921,100,100
59.3919,100,100
59.3917,100,100
59.3915,100,100
59.3913,100,100
59.3911,100,100
59.3909,100,100
59.3907,100,100
59.3905,100,100
59.3903,100,100
59.3901,100,100
59.3899,100,100
59.3897,100,100
59.3895,100,100
59.3893,100,100
59.3891,100,100
59.3889,100,100
59.3886,100,100
59.3884,100,100
59.3882,100,100
59.388,100,100
59.3878,100,100
59.3876,100,100
59.3874,100,100
59.3872,100,100
59.387,100,100
59.3868,100,100
59.3866,100,100
59.3864,100,100
59.3862,100,100
59.386,100,100
59.3858,100,100
59.3856,100,100
59.3854,100,100
59.3852,100,100
59.385,100,100
59.3848,100,100
59.3846,100,100
59.3844,100,100
59.3842,100,100
59.384,100,100
59.3838,100,100
59.3836,100,100
59.3834,100,100
59.3832,100,100
59.383,100,100
59.3828,100,100
59.3826,100,100
59.3824,100,100
59.3822,100,100
59.382,100,100
59.3818,100,100
59.3816,100,100
59.3814,100,100
59.3812,100,100
59.381,100,100
59.3808,100,100
59.3806,100,100
59.3804,100,100
59.3802,100,100
59.38,100,100
59.3798,100,100
59.3796,100,100
59.3794,100,100
59.3792,100,100
59.379,100,100
59.3788,100,100
59.3786,100,100
59.3784,100,100
59.3782,100,100
59.378,100,100
59.3778,100,100
59.3776,100,100
59.3774,100,100
59.3772,100,100
59.377,100,100
59.3768,100,100
59.3766,100,100
59.3764,100,100
59.3762,100,100
59.376,100,100
59.3758,100,100
59.3756,100,100
59.3754,100,100
59.3752,100,100
59.375,100,100
59.3748,100,100
59.3746,100,100
59.3744,100,100
59.3742,100,100
59.374,100,100
59.3738,100,100
59.3736,100,100
59.3734,100,100
59.3732,100,100
59.373,100,100
59.3728,100,100
59.3726,100,100
59.3724,100,100
59.3722,100,100
59.372,100,100
59.3718,100,100
59.3716,100,100
59.3714,100,100
59.3712,100,100
59.371,100,100
59.3708,100,100
59.3706,100,100
59.3704,100,100
59.3702,100,100
59.37,100,100
59.3698,100,100
59.3696,100,100
59.3694,100,100
59.3692,100,100
59.369,100,100
59.3688,100,100
59.3686,100,100
59.3684,100,100
59.3682,100,100
59.368,100,100
59.3678,100,100
59.3676,100,100
59.3674,100,100
59.3672,100,100
59.367,100,100
59.3668,100,100
59.3666,100,100
59.3664,100,100
59.3662,100,100
59.366,100,100
59.3658,100,100
59.3656,100,100
59.3654,100,100
59.3652,100,100
59.365,100,100
59.3648,100,100
59.3646,100,100
59.3644,100,100
59.3642,100,100
59.364,100,100
59.3638,100,100
59.3636,100,100
59.3634,100,100
59.3632,100,100
59.363,100,100
59.3628,100,100
59.3626,100,100
59.3624,100,100
59.3622,100,100
59.362,100,100
59.3618,100,100
59.3616,100,100
59.3614,100,100
59.3613,100,100
59.3611,100,100
59.3609,100,100
59.3607,100,100
59.3605,100,100
59.3603,100,100
59.3601,100,100
59.3599,100,100
59.3597,100,100
59.3595,100,100
59.3593,100,100
59.3591,100,100
59.3589,100,100
59.3587,100,100
59.3585,100,100
59.3583,100,100
59.3581,100,100
59.3579,100,100
59.3577,100,100
59.3575,100,100
59.3573,100,100
59.3571,100,100
59.3569,100,100
59.3567,100,100
59.3565,100,100
59.3563,100,100
59.3561,100,100
59.3559,100,100
59.3557,100,100
59.3555,100,100
59.3553,100,100
59.3551,100,100
59.3549,100,100
59.3548,100,100
59.3546,100,100
59.3544,100,100
59.3542,100,100
59.354,100,100
59.3538,100,100
59.3536,100,100
59.3534,100,100
59.3532,100,100
59.353,100,100
59.3528,100,100
59.3526,100,100
59.3524,100,100
59.3522,100,100
59.352,100,100
59.3518,100,100
59.3516,100,100
59.3514,100,100
59.3512,100,100
59.351,100,100
59.3508,100,100
59.3506,100,100
59.3504,100,100
59.3502,100,100
59.35,100,100
59.3498,100,100
59.3496,100,100
59.3494,100,100
59.3492,100,100
59.349,100,100
59.3488,100,100
59.3486,100,100
59.3484,100,100
59.3482,100,100
59.3481,100,100
59.3479,100,100
59.3477,100,100
59.3475,100,100
59.3473,100,100
59.3471,100,100
59.3469,100,100
59.3467,100,100
59.3465,100,100
59.3463,100,100
59.3461,100,100
59.3459,100,100
59.3457,100,100
59.3455,100,100
59.3453,100,100
59.3451,100,100
59.3449,100,100
59.3447,100,100
59.3445,100,100
59.3443,100,100
59.3441,100,100
59.3439,100,100
59.3437,100,100
59.3435,100,100
59.3433,100,100
59.3431,100,100
59.3429,100,100
59.3427,100,100
59.3425,100,100
59.3423,100,100
59.3421,100,100
59.3419,100,100
59.3417,100,100
59.3415,100,100
59.3414,100,100
59.3412,100,100
59.341,100,100
59.3408,100,100
59.3406,100,100
59.3404,100,100
59.3402,100,100
59.34,100,100
59.3398,100,100
59.3396,100,100
59.3394,100,100
59.3392,100,100
59.339,100,100
59.3388,100,100
59.3386,100,100
59.3384,100,100
59.3382,100,100
59.338,100,100
59.3378,100,100
59.3376,100,100
59.3374,100,100
59.3372,100,100
59.337,100,100
59.3368,100,100
59.3366,100,100
59.3364,100,100
59.3362,100,100
59.336,100,100
59.3358,100,100
59.3356,100,100
59.3354,100,100
59.3352,100,100
59.335,100,100
59.3349,100,100
59.3347,100,100
59.3345,100,100
59.3343,100,100
59.3341,100,100
59.3339,100,100
59.3337,100,100
59.3335,100,100
59.3333,100,100
59.3331,100,100
59.3329,100,100
59.3327,100,100
59.3325,100,100
59.3323,100,100
59.3321,100,100
59.3319,100,100
59.3317,100,100
59.3315,100,100
59.3313,100,100
59.3311,100,100
59.3309,100,100
59.3307,100,100
59.3305,100,100
59.3303,100,100
59.3301,100,100
59.3299,100,100
59.3297,100,100
59.3295,100,100
59.3293,100,100
59.3291,100,100
59.3289,100,100
59.3287,100,100
59.3285,100,100
59.3283,100,100
59.3282,100,100
59.328,100,100
59.3278,100,100
59.3276,100,100
59.3274,100,100
59.3272,100,100
59.327,100,100
59.3268,100,100
59.3266,100,100
59.3264,100,100
59.3262,100,100
59.326,100,100
59.3258,100,100
59.3256,100,100
59.3254,100,100
59.3252,100,100
59.325,100,100
59.3248,100,100
59.3246,100,100
59.3244,100,100
59.3242,100,100
59.324,100,100
59.3238,100,100
59.3236,100,100
59.3234,100,100
59.3232,100,100
59.323,100,100
59.3228,100,100
59.3226,100,100
59.3224,100,100
59.3222,100,100
59.322,100,100
59.3218,100,100
59.3216,100,100
59.3214,100,100
59.3212,100,100
59.321,100,100
59.3208,100,100
59.3206,100,100
59.3204,100,100
59.3202,100,100
59.32,100,100
59.3198,100,100
59.3196,100,100
59.3194,100,100
59.3192,100,100
59.319,100,100
59.3188,100,100
59.3186,100,100
59.3184,100,100
59.3182,100,100
59.318,100,100
59.3178,100,100
59.3176,100,100
59.3174,100,100
59.3172,100,100
59.317,100,100
59.3168,100,100
59.3166,100,100
59.3164,100,100
59.3162,100,100
59.316,100,100
59.3158,100,100
59.3156,100,100
59.3154,100,100
59.3152,100,100
59.315,100,100
59.3148,100,100
59.3146,100,100
59.3144,100,100
59.3142,100,100
59.314,100,100
59.3138,100,100
59.3136,100,100
59.3134,100,100
59.3132,100,100
59.313,100,100
59.3128,100,100
59.3126,100,100
59.3124,100,100
59.3122,100,100
59.312,100,100
59.3118,100,100
59.3116,100,100
59.3114,100,100
59.3112,100,100
59.311,100,100
59.3108,100,100
59.3106,100,100
59.3104,100,100
59.3102,100,100
59.31,100,100
59.3098,100,100
59.3096,100,100
59.3094,100,100
59.3092,100,100
59.309,100,100
59.3088,100,100
59.3086,100,100
59.3084,100,100
59.3082,100,100
59.308,100,100
59.3078,100,100
59.3076,100,100
59.3074,100,100
59.3072,100,100
59.307,100,100
59.3068,100,100
59.3066,100,100
59.3064,100,100
59.3062,100,100
59.3059,100,100
59.3057,100,100
59.3055,100,100
59.3053,100,100
59.3051,100,100
59.3049,100,100
59.3047,100,100
59.3045,100,100
59.3043,100,100
59.3041,100,100
59.3039,100,100
59.3037,100,100
59.3035,100,100
59.3033,100,100
59.3031,100,100
59.3029,100,100
59.3027,100,100
59.3025,100,100
59.3023,100,100
59.3021,100,100
59.3019,100,100
59.3017,100,100
59.3015,100,100
59.3013,100,100
59.3011,100,100
59.3009,100,100
59.3007,100,100
59.3005,100,100
59.3003,100,100
59.3001,100,100
59.2999,100,100
59.2997,100,100
59.2995,100,100
59.2993,100,100
59.2991,100,100
59.2989,100,100
59.2987,100,100
59.2985,100,100
59.2983,100,100
59.2981,100,100
59.2979,100,100
59.2977,100,100
59.2975,100,100
59.2973,100,100
59.2971,100,100
59.2969,100,100
59.2967,100,100
59.2965,100,100
59.2963,100,100
59.2961,100,100
59.2959,100,100
59.2957,100,100
59.2954,100,100
59.2952,100,100
59.295,100,100
59.2948,100,100
59.2946,100,100
59.2944,100,100
59.2942,100,100
59.294,100,100
59.2938,100,100
59.2936,100,100
59.2934,100,100
59.2932,100,100
59.293,100,100
59.2928,100,100
59.2926,100,100
59.2924,100,100
59.2922,100,100
59.292,100,100
59.2918,100,100
59.2916,100,100
59.2914,100,100
59.2912,100,100
59.291,100,100
59.2908,100,100
59.2906,100,100
59.2904,100,100
59.2902,100,100
59.29,100,100
59.2898,100,100
59.2896,100,100
59.2894,100,100
59.2892,100,100
59.289,100,100
59.2888,100,100
59.2886,100,100
59.2884,100,100
59.2882,100,100
59.288,100,100
59.2878,100,100
59.2876,100,100
59.2874,100,100
59.2872,100,100
59.287,100,100
59.2868,100,100
59.2866,100,100
59.2864,100,100
59.2861,100,100
59.2859,100,100
59.2857,100,100
59.2855,100,100
59.2853,100,100
59.2851,100,100
59.2849,100,100
59.2847,100,100
59.2845,100,100
59.2843,100,100
59.2841,100,100
59.2839,100,100
59.2837,100,100
59.2835,100,100
59.2833,100,100
59.2831,100,100
59.2829,100,100
59.2827,100,100
59.2825,100,100
59.2823,100,100
59.2821,100,100
59.2819,100,100
59.2817,100,100
59.2815,100,100
59.2813,100,100
59.2811,100,100
59.2809,100,100
59.2807,100,100
59.2805,100,100
59.2803,100,100
59.2801,100,100
59.2799,100,100
59.2797,100,100
59.2795,100,100
59.2793,100,100
59.2791,100,100
59.2789,100,100
59.2787,100,100
59.2785,100,100
59.2783,100,100
59.2781,100,100
59.2779,100,100
59.2777,100,100
59.2775,100,100
59.2773,100,100
59.2771,100,100
59.2769,100,100
59.2766,100,100
59.2764,100,100
59.2762,100,100
59.276,100,100
59.2758,100,100
59.2756,100,100
59.2754,100,100
59.2752,100,100
59.275,100,100
59.2748,100,100
59.2746,100,100
59.2744,100,100
59.2742,100,100
59.274,100,100
59.2738,100,100
59.2736,100,100
59.2734,100,100
59.2732,100,100
59.273,100,100
59.2728,100,100
59.2726,100,100
59.2724,100,100
59.2722,100,100
59.272,100,100
59.2718,100,100
59.2716,100,100
59.2714,100,100
59.2712,100,100
59.271,100,100
59.2708,100,100
59.2706,100,100
59.2704,100,100
59.2702,100,100
59.27,100,100
59.2698,100,100
59.2696,100,100
59.2694,100,100
59.2692,100,100
59.269,100,100
59.2688,100,100
59.2686,100,100
59.2684,100,100
59.2682,100,100
59.268,100,100
59.2678,100,100
59.2676,100,100
59.2673,100,100
59.2671,100,100
59.2669,100,100
59.2667,100,100
59.2665,100,100
59.2663,100,100
59.2661,100,100
59.2659,100,100
59.2657,100,100
59.2655,100,100
59.2653,100,100
59.2651,100,100
59.2649,100,100
59.2647,100,100
59.2645,100,100
59.2643,100,100
59.2641,100,100
59.2639,100,100
59.2637,100,100
59.2635,100,100
59.2633,100,100
59.2631,100,100
59.2629,100,100
59.2627,100,100
59.2625,100,100
59.2623,100,100
59.2621,100,100
59.2619,100,100
59.2617,100,100
59.2615,100,100
59.2613,100,100
59.2611,100,100
59.2609,100,100
59.2607,100,100
59.2605,100,100
59.2603,100,100
59.2601,100,100
59.2599,100,100
59.2597,100,100
59.2595,100,100
59.2593,100,100
59.2591,100,100
59.2589,100,100
59.2587,100,100
59.2585,100,100
59.2583,100,100
59.258,100,100
59.2578,100,100
59.2576,100,100
59.2574,100,100
59.2572,100,100
59.257,100,100
59.2568,100,100
59.2566,100,100
59.2564,100,100
59.2562,100,100
59.256,100,100
59.2558,100,100
59.2556,100,100
59.2554,100,100
59.2552,100,100
59.255,100,100
59.2548,100,100
59.2546,100,100
59.2544,100,100
59.2542,100,100
59.254,100,100
59.2538,100,100
59.2536,100,100
59.2534,100,100
59.2532,100,100
59.253,100,100
59.2528,100,100
59.2526,100,100
59.2524,100,100
59.2522,100,100
59.252,100,100
59.2518,100,100
59.2516,100,100
59.2514,100,100
59.2512,100,100
59.251,100,100
59.2508,100,100
59.2506,100,100
59.2504,100,100
59.2502,100,100
59.25,100,100
59.2498,100,100
59.2496,100,100
59.2494,100,100
59.2492,100,100
59.249,100,100
59.2487,100,100
59.2485,100,100
59.2483,100,100
59.2481,100,100
59.2479,100,100
59.2477,100,100
59.2475,100,100
59.2473,100,100
59.2471,100,100
59.2469,100,100
59.2467,100,100
59.2465,100,100
59.2463,100,100
59.2461,100,100
59.2459,100,100
59.2457,100,100
59.2455,100,100
59.2453,100,100
59.2451,100,100
59.2449,100,100
59.2447,100,100
59.2445,100,100
59.2443,100,100
59.2441,100,100
59.2439,100,100
59.2437,100,100
59.2435,100,100
59.2433,100,100
59.2431,100,100
59.2429,100,100
59.2427,100,100
59.2425,100,100
59.2423,100,100
59.2421,100,100
59.2419,100,100
59.2417,100,100
59.2415,100,100
59.2413,100,100
59.2411,100,100
59.2409,100,100
59.2407,100,100
59.2405,100,100
59.2403,100,100
59.2401,100,100
59.2399,100,100
59.2397,100,100
59.2395,100,100
59.2393,100,100
59.2391,100,100
59.2389,100,100
59.2387,100,100
59.2385,100,100
59.2383,100,100
59.2381,100,100
59.2379,100,100
59.2377,100,100
59.2375,100,100
59.2373,100,100
59.2371,100,100
59.2369,100,100
59.2367,100,100
59.2365,100,100
59.2363,100,100
59.2361,100,100
59.2359,100,100
59.2358,100,100
59.2356,100,100
59.2354,100,100
59.2352,100,100
59.235,100,100
59.2348,100,100
59.2346,100,100
59.2344,100,100
59.2342,100,100
59.234,100,100
59.2338,100,100
59.2336,100,100
59.2334,100,100
59.2332,100,100
59.233,100,100
59.2328,100,100
59.2326,100,100
59.2324,100,100
59.2322,100,100
59.232,100,100
59.2318,100,100
59.2316,100,100
59.2314,100,100
59.2312,100,100
59.231,100,100
59.2308,100,100
59.2306,100,100
59.2304,100,100
59.2302,100,100
59.23,100,100
59.2298,100,100
59.2296,100,100
59.2294,100,100
59.2292,100,100
59.229,100,100
59.2288,100,100
59.2286,100,100
59.2284,100,100
59.2282,100,100
59.228,100,100
59.2278,100,100
59.2276,100,100
59.2274,100,100
59.2272,100,100
59.227,100,100
59.2268,100,100
59.2266,100,100
59.2264,100,100
59.2262,100,100
59.226,100,100
59.2258,100,100
59.2256,100,100
59.2254,100,100
59.2252,100,100
59.225,100,100
59.2248,100,100
59.2246,100,100
59.2244,100,100
59.2242,100,100
59.224,100,100
59.2238,100,100
59.2236,100,100
59.2234,100,100
59.2232,100,100
59.223,100,100
59.2228,100,100
59.2227,100,100
59.2225,100,100
59.2223,100,100
59.2221,100,100
59.2219,100,100
59.2217,100,100
59.2215,100,100
59.2213,100,100
59.2211,100,100
59.2209,100,100
59.2207,100,100
59.2205,100,100
59.2203,100,100
59.2201,100,100
59.2199,100,100
59.2197,100,100
59.2195,100,100
59.2193,100,100
59.2191,100,100
59.2189,100,100
59.2187,100,100
59.2185,100,100
59.2183,100,100
59.2181,100,100
59.2179,100,100
59.2177,100,100
59.2175,100,100
59.2173,100,100
59.2171,100,100
59.2169,100,100
59.2167,100,100
59.2165,100,100
59.2163,100,100
59.2161,100,100
59.216,100,100
59.2158,100,100
59.2156,100,100
59.2154,100,100
59.2152,100,100
59.215,100,100
59.2148,100,100
59.2146,100,100
59.2144,100,100
59.2142,100,100
59.214,100,100
59.2138,100,100
59.2136,100,100
59.2134,100,100
59.2132,100,100
59.213,100,100
59.2128,100,100
59.2126,100,100
59.2124,100,100
59.2122,100,100
59.212,100,100
59.2118,100,100
59.2116,100,100
59.2114,100,100
59.2112,100,100
59.211,100,100
59.2108,100,100
59.2106,100,100
59.2104,100,100
59.2102,100,100
59.21,100,100
59.2098,100,100
59.2096,100,100
59.2094,100,100
59.2093,100,100
59.2091,100,100
59.2089,100,100
59.2087,100,100
59.2085,100,100
59.2083,100,100
59.2081,100,100
59.2079,100,100
59.2077,100,100
59.2075,100,100
59.2073,100,100
59.2071,100,100
59.2069,100,100
59.2067,100,100
59.2065,100,100
59.2063,100,100
59.2061,100,100
59.2059,100,100
59.2057,100,100
59.2055,100,100
59.2053,100,100
59.2051,100,100
59.2049,100,100
59.2047,100,100
59.2045,100,100
59.2043,100,100
59.2041,100,100
59.2039,100,100
59.2037,100,100
59.2035,100,100
59.2033,100,100
59.2031,100,100
59.2029,100,100
59.2027,100,100
59.2025,100,100
59.2023,100,100
59.2021,100,100
59.2019,100,100
59.2017,100,100
59.2015,100,100
59.2013,100,100
59.2011,100,100
59.2009,100,100
59.2007,100,100
59.2005,100,100
59.2003,100,100
59.2001,100,100
59.1999,100,100
59.1997,100,100
59.1995,100,100
59.1993,100,100
59.1991,100,100
59.1989,100,100
59.1987,100,100
59.1985,100,100
59.1983,100,100
59.1981,100,100
59.1979,100,100
59.1977,100,100
59.1975,100,100
59.1973,100,100
59.1971,100,100
59.1969,100,100
59.1967,100,100
59.1965,100,100
59.1963,100,100
59.1961,100,100
59.1959,100,100
59.1957,100,100
59.1955,100,100
59.1953,100,100
59.1951,100,100
59.1949,100,100
59.1947,100,100
59.1945,100,100
59.1943,100,100
59.1941,100,100
59.1939,100,100
59.1937,100,100
59.1935,100,100
59.1933,100,100
59.1931,100,100
59.1929,100,100
59.1927,100,100
59.1925,100,100
59.1923,100,100
59.1921,100,100
59.1919,100,100
59.1917,100,100
59.1915,100,100
59.1913,100,100
59.1911,100,100
59.1909,100,100
59.1907,100,100
59.1905,100,100
59.1903,100,100
59.1901,100,100
59.1899,100,100
59.1897,100,100
59.1895,100,100
59.1893,100,100
59.1891,100,100
59.1889,100,100
59.1887,100,100
59.1885,100,100
59.1883,100,100
59.1881,100,100
59.1879,100,100
59.1877,100,100
59.1875,100,100
59.1873,100,100
59.1871,100,100
59.1869,100,100
59.1867,100,100
59.1865,100,100
59.1863,100,100
59.1861,100,100
59.1859,100,100
59.1857,100,100
59.1855,100,100
59.1853,100,100
59.1851,100,100
59.1849,100,100
59.1847,100,100
59.1845,100,100
59.1843,100,100
59.184,100,100
59.1838,100,100
59.1836,100,100
59.1834,100,100
59.1832,100,100
59.183,100,100
59.1828,100,100
59.1826,100,100
59.1824,100,100
59.1822,100,100
59.182,100,100
59.1818,100,100
59.1816,100,100
59.1814,100,100
59.1812,100,100
59.181,100,100
59.1808,100,100
59.1806,100,100
59.1804,100,100
59.1802,100,100
59.18,100,100
59.1798,100,100
59.1796,100,100
59.1794,100,100
59.1792,100,100
59.179,100,100
59.1788,100,100
59.1786,100,100
59.1784,100,100
59.1782,100,100
59.178,100,100
59.1778,100,100
59.1776,100,100
59.1774,100,100
59.1772,100,100
59.177,100,100
59.1768,100,100
59.1766,100,100
59.1764,100,100
59.1762,100,100
59.176,100,100
59.1758,100,100
59.1756,100,100
59.1754,100,100
59.1752,100,100
59.175,100,100
59.1748,100,100
59.1745,100,100
59.1743,100,100
59.1741,100,100
59.1739,100,100
59.1737,100,100
59.1735,100,100
59.1733,100,100
59.1731,100,100
59.1729,100,100
59.1727,100,100
59.1725,100,100
59.1723,100,100
59.1721,100,100
59.1719,100,100
59.1717,100,100
59.1715,100,100
59.1713,100,100
59.1711,100,100
59.1709,100,100
59.1707,100,100
59.1705,100,100
59.1703,100,100
59.1701,100,100
59.1699,100,100
59.1697,100,100
59.1695,100,100
59.1693,100,100
59.1691,100,100
59.1689,100,100
59.1687,100,100
59.1685,100,100
59.1683,100,100
59.1681,100,100
59.1679,100,100
59.1677,100,100
59.1675,100,100
59.1673,100,100
59.1671,100,100
59.1669,100,100
59.1667,100,100
59.1665,100,100
59.1663,100,100
59.1661,100,100
59.1659,100,100
59.1657,100,100
59.1655,100,100
59.1652,100,100
59.165,100,100
59.1648,100,100
59.1646,100,100
59.1644,100,100
59.1642,100,100
59.164,100,100
59.1638,100,100
59.1636,100,100
59.1634,100,100
59.1632,100,100
59.163,100,100
59.1628,100,100
59.1626,100,100
59.1624,100,100
59.1622,100,100
59.162,100,100
59.1618,100,100
59.1616,100,100
59.1614,100,100
59.1612,100,100
59.161,100,100
59.1608,100,100
59.1606,100,100
59.1604,100,100
59.1602,100,100
59.16,100,100
59.1598,100,100
59.1596,100,100
59.1594,100,100
59.1592,100,100
59.159,100,100
59.1588,100,100
59.1586,100,100
59.1584,100,100
59.1582,100,100
59.158,100,100
59.1578,100,100
59.1576,100,100
59.1574,100,100
59.1572,100,100
59.157,100,100
59.1568,100,100
59.1566,100,100
59.1564,100,100
59.1562,100,100
59.156,100,100
59.1558,100,100
59.1556,100,100
59.1554,100,100
59.1552,100,100
59.155,100,100
59.1548,100,100
59.1546,100,100
59.1544,100,100
59.1542,100,100
59.154,100,100
59.1538,100,100
59.1536,100,100
59.1534,100,100
59.1532,100,100
59.153,100,100
59.1528,100,100
59.1526,100,100
59.1524,100,100
59.1522,100,100
59.152,100,100
59.1518,100,100
59.1516,100,100
59.1514,100,100
59.1512,100,100
59.151,100,100
59.1508,100,100
59.1506,100,100
59.1504,100,100
59.1502,100,100
59.15,100,100
59.1498,100,100
59.1496,100,100
59.1494,100,100
59.1492,100,100
59.149,100,100
59.1488,100,100
59.1486,100,100
59.1484,100,100
59.1482,100,100
59.148,100,100
59.1478,100,100
59.1476,100,100
59.1474,100,100
59.1472,100,100
59.147,100,100
59.1468,100,100
59.1466,100,100
59.1464,100,100
59.1462,100,100
59.146,100,100
59.1458,100,100
59.1456,100,100
59.1454,100,100
59.1452,100,100
59.145,100,100
59.1448,100,100
59.1446,100,100
59.1444,100,100
59.1442,100,100
59.144,100,100
59.1438,100,100
59.1436,100,100
59.1434,100,100
59.1432,100,100
59.143,100,100
59.1428,100,100
59.1426,100,100
59.1424,100,100
59.1422,100,100
59.142,100,100
59.1418,100,100
59.1416,100,100
59.1414,100,100
59.1412,100,100
59.141,100,100
59.1408,100,100
59.1406,100,100
59.1404,100,100
59.1402,100,100
59.14,100,100
59.1398,100,100
59.1396,100,100
59.1394,100,100
59.1392,100,100
59.139,100,100
59.1388,100,100
59.1386,100,100
59.1384,100,100
59.1382,100,100
59.138,100,100
59.1378,100,100
59.1376,100,100
59.1374,100,100
59.1373,100,100
59.1371,100,100
59.1369,100,100
59.1367,100,100
59.1365,100,100
59.1363,100,100
59.1361,100,100
59.1359,100,100
59.1357,100,100
59.1355,100,100
59.1353,100,100
59.1351,100,100
59.1349,100,100
59.1347,100,100
59.1345,100,100
59.1343,100,100
59.1341,100,100
59.1339,100,100
59.1337,100,100
59.1335,100,100
59.1333,100,100
59.1331,100,100
59.1329,100,100
59.1327,100,100
59.1325,100,100
59.1323,100,100
59.1321,100,100
59.1319,100,100
59.1317,100,100
59.1315,100,100
59.1313,100,100
59.1311,100,100
59.1309,100,100
59.1307,100,100
59.1306,100,100
59.1304,100,100
59.1302,100,100
59.13,100,100
59.1298,100,100
59.1296,100,100
59.1294,100,100
59.1292,100,100
59.129,100,100
59.1288,100,100
59.1286,100,100
59.1284,100,100
59.1282,100,100
59.128,100,100
59.1278,100,100
59.1276,100,100
59.1274,100,100
59.1272,100,100
59.127,100,100
59.1268,100,100
59.1266,100,100
59.1264,100,100
59.1262,100,100
59.126,100,100
59.1258,100,100
59.1256,100,100
59.1254,100,100
59.1252,100,100
59.125,100,100
59.1248,100,100
59.1246,100,100
59.1244,100,100
59.1242,100,100
59.1241,100,100
59.1239,100,100
59.1237,100,100
59.1235,100,100
59.1233,100,100
59.1231,100,100
59.1229,100,100
59.1227,100,100
59.1225,100,100
59.1223,100,100
59.1221,100,100
59.1219,100,100
59.1217,100,100
59.1215,100,100
59.1213,100,100
59.1211,100,100
59.1209,100,100
59.1207,100,100
59.1205,100,100
59.1203,100,100
59.1201,100,100
59.1199,100,100
59.1197,100,100
59.1195,100,100
59.1193,100,100
59.1191,100,100
59.1189,100,100
59.1187,100,100
59.1185,100,100
59.1183,100,100
59.1181,100,100
59.1179,100,100
59.1177,100,100
59.1175,100,100
59.1174,100,100
59.1172,100,100
59.117,100,100
59.1168,100,100
59.1166,100,100
59.1164,100,100
59.1162,100,100
59.116,100,100
59.1158,100,100
59.1156,100,100
59.1154,100,100
59.1152,100,100
59.115,100,100
59.1148,100,100
59.1146,100,100
59.1144,100,100
59.1142,100,100
59.114,100,100
59.1138,100,100
59.1136,100,100
59.1134,100,100
59.1132,100,100
59.113,100,100
59.1128,100,100
59.1126,100,100
59.1124,100,100
59.1122,100,100
59.112,100,100
59.1118,100,100
59.1116,100,100
59.1114,100,100
59.1112,100,100
59.111,100,100
59.1109,100,100
59.1107,100,100
59.1105,100,100
59.1103,100,100
59.1101,100,100
59.1099,100,100
59.1097,100,100
59.1095,100,100
59.1093,100,100
59.1091,100,100
59.1089,100,100
59.1087,100,100
59.1085,100,100
59.1083,100,100
59.1081,100,100
59.1079,100,100
59.1077,100,100
59.1075,100,100
59.1073,100,100
59.1071,100,100
59.1069,100,100
59.1067,100,100
59.1065,100,100
59.1063,100,100
59.1061,100,100
59.1059,100,100
59.1057,100,100
59.1055,100,100
59.1053,100,100
59.1051,100,100
59.1049,100,100
59.1047,100,100
59.1045,100,100
59.1043,100,100
59.1042,100,100
59.104,100,100
59.1038,100,100
59.1036,100,100
59.1034,100,100
59.1032,100,100
59.103,100,100
59.1028,100,100
59.1026,100,100
59.1024,100,100
59.1022,100,100
59.102,100,100
59.1018,100,100
59.1016,100,100
59.1014,100,100
59.1012,100,100
59.101,100,100
59.1008,100,100
59.1006,100,100
59.1004,100,100
59.1002,100,100
59.1,100,100
59.0998,100,100
59.0996,100,100
59.0994,100,100
59.0992,100,100
59.099,100,100
59.0988,100,100
59.0986,100,100
59.0984,100,100
59.0982,100,100
59.098,100,100
59.0978,100,100
59.0976,100,100
59.0975,100,100
59.0973,100,100
59.0971,100,100
59.0969,100,100
59.0967,100,100
59.0965,100,100
59.0963,100,100
59.0961,100,100
59.0959,100,100
59.0957,100,100
59.0955,100,100
59.0953,100,100
59.0951,100,100
59.0949,100,100
59.0947,100,100
59.0945,100,100
59.0943,100,100
59.0941,100,100
59.0939,100,100
59.0937,100,100
59.0935,100,100
59.0933,100,100
59.0931,100,100
59.0929,100,100
59.0927,100,100
59.0925,100,100
59.0923,100,100
59.0921,100,100
59.0919,100,100
59.0917,100,100
59.0915,100,100
59.0913,100,100
59.0911,100,100
59.091,100,100
59.0908,100,100
59.0906,100,100
59.0904,100,100
59.0902,100,100
59.09,100,100
59.0898,100,100
59.0896,100,100
59.0894,100,100
59.0892,100,100
59.089,100,100
59.0888,100,100
59.0886,100,100
59.0884,100,100
59.0882,100,100
59.088,100,100
59.0878,100,100
59.0876,100,100
59.0874,100,100
59.0872,100,100
59.087,100,100
59.0868,100,100
59.0866,100,100
59.0864,100,100
59.0862,100,100
59.086,100,100
59.0858,100,100
59.0856,100,100
59.0854,100,100
59.0852,100,100
59.085,100,100
59.0848,100,100
59.0846,100,100
59.0844,100,100
59.0842,100,100
59.084,100,100
59.0838,100,100
59.0836,100,100
59.0834,100,100
59.0832,100,100
59.083,100,100
59.0828,100,100
59.0826,100,100
59.0824,100,100
59.0822,100,100
59.082,100,100
59.0818,100,100
59.0816,100,100
59.0814,100,100
59.0813,100,100
59.0811,100,100
59.0809,100,100
59.0807,100,100
59.0805,100,100
59.0803,100,100
59.0801,100,100
59.0799,100,100
59.0797,100,100
59.0795,100,100
59.0793,100,100
59.0791,100,100
59.0789,100,100
59.0787,100,100
59.0785,100,100
59.0783,100,100
59.0781,100,100
59.0779,100,100
59.0777,100,100
59.0775,100,100
59.0773,100,100
59.0771,100,100
59.0769,100,100
59.0767,100,100
59.0765,100,100
59.0763,100,100
59.0761,100,100
59.0759,100,100
59.0757,100,100
59.0755,100,100
59.0753,100,100
59.0751,100,100
59.0749,100,100
59.0747,100,100
59.0745,100,100
59.0743,100,100
59.0741,100,100
59.0739,100,100
59.0737,100,100
59.0735,100,100
59.0733,100,100
59.0731,100,100
59.0729,100,100
59.0727,100,100
59.0725,100,100
59.0723,100,100
59.0721,100,100
59.0719,100,100
59.0717,100,100
59.0715,100,100
59.0713,100,100
59.0711,100,100
59.0709,100,100
59.0707,100,100
59.0705,100,100
59.0703,100,100
59.0701,100,100
59.0699,100,100
59.0697,100,100
59.0695,100,100
59.0693,100,100
59.0691,100,100
59.0689,100,100
59.0687,100,100
59.0685,100,100
59.0683,100,100
59.0681,100,100
59.0679,100,100
59.0677,100,100
59.0675,100,100
59.0673,100,100
59.0671,100,100
59.0669,100,100
59.0667,100,100
59.0665,100,100
59.0663,100,100
59.0661,100,100
59.0659,100,100
59.0657,100,100
59.0655,100,100
59.0653,100,100
59.0651,100,100
59.0649,100,100
59.0647,100,100
59.0645,100,100
59.0643,100,100
59.0641,100,100
59.0639,100,100
59.0637,100,100
59.0635,100,100
59.0633,100,100
59.0631,100,100
59.0629,100,100
59.0627,100,100
59.0625,100,100
59.0623,100,100
59.062,100,100
59.0618,100,100
59.0616,100,100
59.0614,100,100
59.0612,100,100
59.061,100,100
59.0608,100,100
59.0606,100,100
59.0604,100,100
59.0602,100,100
59.06,100,100
59.0598,100,100
59.0596,100,100
59.0594,100,100
59.0592,100,100
59.059,100,100
59.0588,100,100
59.0586,100,100
59.0584,100,100
59.0582,100,100
59.058,100,100
59.0578,100,100
59.0576,100,100
59.0574,100,100
59.0572,100,100
59.057,100,100
59.0568,100,100
59.0566,100,100
59.0564,100,100
59.0562,100,100
59.056,100,100
59.0558,100,100
59.0556,100,100
59.0554,100,100
59.0552,100,100
59.055,100,100
59.0548,100,100
59.0546,100,100
59.0544,100,100
59.0542,100,100
59.054,100,100
59.0538,100,100
59.0536,100,100
59.0534,100,100
59.0532,100,100
59.053,100,100
59.0528,100,100
59.0526,100,100
59.0524,100,100
59.0522,100,100
59.052,100,100
59.0518,100,100
59.0516,100,100
59.0514,100,100
59.0512,100,100
59.051,100,100
59.0508,100,100
59.0506,100,100
59.0504,100,100
59.0501,100,100
59.0499,100,100
59.0497,100,100
59.0495,100,100
59.0493,100,100
59.0491,100,100
59.0489,100,100
59.0487,100,100
59.0485,100,100
59.0483,100,100
59.0481,100,100
59.0479,100,100
59.0477,100,100
59.0475,100,100
59.0473,100,100
59.0471,100,100
59.0469,100,100
59.0467,100,100
59.0465,100,100
59.0463,100,100
59.0461,100,100
59.0459,100,100
59.0457,100,100
59.0455,100,100
59.0453,100,100
59.0451,100,100
59.0449,100,100
59.0447,100,100
59.0445,100,100
59.0443,100,100
59.0441,100,100
59.0439,100,100
59.0437,100,100
59.0435,100,100
59.0433,100,100
59.0431,100,100
59.0429,100,100
59.0427,100,100
59.0425,100,100
59.0423,100,100
59.0421,100,100
59.0419,100,100
59.0417,100,100
59.0415,100,100
59.0413,100,100
59.0412,100,100
59.041,100,100
59.0408,100,100
59.0406,100,100
59.0404,100,100
59.0402,100,100
59.04,100,100
59.0398,100,100
59.0396,100,100
59.0394,100,100
59.0392,100,100
59.039,100,100
59.0388,100,100
59.0386,100,100
59.0384,100,100
59.0382,100,100
59.038,100,100
59.0378,100,100
59.0376,100,100
59.0374,100,100
59.0372,100,100
59.037,100,100
59.0368,100,100
59.0366,100,100
59.0364,100,100
59.0362,100,100
59.036,100,100
59.0358,100,100
59.0356,100,100
59.0354,100,100
59.0352,100,100
59.035,100,100
59.0348,100,100
59.0346,100,100
59.0345,100,100
59.0343,100,100
59.0341,100,100
59.0339,100,100
59.0337,100,100
59.0335,100,100
59.0333,100,100
59.0331,100,100
59.0329,100,100
59.0327,100,100
59.0325,100,100
59.0323,100,100
59.0321,100,100
59.0319,100,100
59.0317,100,100
59.0315,100,100
59.0313,100,100
59.0311,100,100
59.0309,100,100
59.0307,100,100
59.0305,100,100
59.0303,100,100
59.0301,100,100
59.0299,100,100
59.0297,100,100
59.0295,100,100
59.0293,100,100
59.0291,100,100
59.0289,100,100
59.0287,100,100
59.0285,100,100
59.0283,100,100
59.0281,100,100
59.028,100,100
59.0278,100,100
59.0276,100,100
59.0274,100,100
59.0272,100,100
59.027,100,100
59.0268,100,100
59.0266,100,100
59.0264,100,100
59.0262,100,100
59.026,100,100
59.0258,100,100
59.0256,100,100
59.0254,100,100
59.0252,100,100
59.025,100,100
59.0248,100,100
59.0246,100,100
59.0244,100,100
59.0242,100,100
59.024,100,100
59.0238,100,100
59.0236,100,100
59.0234,100,100
59.0232,100,100
59.023,100,100
59.0228,100,100
59.0226,100,100
59.0224,100,100
59.0222,100,100
59.022,100,100
59.0218,100,100
59.0216,100,100
59.0214,100,100
59.0213,100,100
59.0211,100,100
59.0209,100,100
59.0207,100,100
59.0205,100,100
59.0203,100,100
59.0201,100,100
59.0199,100,100
59.0197,100,100
59.0195,100,100
59.0193,100,100
59.0191,100,100
59.0189,100,100
59.0187,100,100
59.0185,100,100
59.0183,100,100
59.0181,100,100
59.0179,100,100
59.0177,100,100
59.0175,100,100
59.0173,100,100
59.0171,100,100
59.0169,100,100
59.0167,100,100
59.0165,100,100
59.0163,100,100
59.0161,100,100
59.0159,100,100
59.0157,100,100
59.0155,100,100
59.0153,100,100
59.0151,100,100
59.0149,100,100
59.0148,100,100
59.0146,100,100
59.0144,100,100
59.0142,100,100
59.014,100,100
59.0138,100,100
59.0136,100,100
59.0134,100,100
59.0132,100,100
59.013,100,100
59.0128,100,100
59.0126,100,100
59.0124,100,100
59.0122,100,100
59.012,100,100
59.0118,100,100
59.0116,100,100
59.0114,100,100
59.0112,100,100
59.011,100,100
59.0108,100,100
59.0106,100,100
59.0104,100,100
59.0102,100,100
59.01,100,100
59.0098,100,100
59.0096,100,100
59.0094,100,100
59.0092,100,100
59.009,100,100
59.0088,100,100
59.0086,100,100
59.0084,100,100
59.0082,100,100
59.0081,100,100
59.0079,100,100
59.0077,100,100
59.0075,100,100
59.0073,100,100
59.0071,100,100
59.0069,100,100
59.0067,100,100
59.0065,100,100
59.0063,100,100
59.0061,100,100
59.0059,100,100
59.0057,100,100
59.0055,100,100
59.0053,100,100
59.0051,100,100
59.0049,100,100
59.0047,100,100
59.0045,100,100
59.0043,100,100
59.0041,100,100
59.0039,100,100
59.0037,100,100
59.0035,100,100
59.0033,100,100
59.0031,100,100
59.0029,100,100
59.0027,100,100
59.0025,100,100
59.0023,100,100
59.0021,100,100
59.0019,100,100
59.0017,100,100
59.0015,100,100
59.0014,100,100
59.0012,100,100
59.001,100,100
59.0008,100,100
59.0006,100,100
59.0004,100,100
59.0002,100,100
59,100,100
58.9998,100,100
58.9996,100,100
58.9994,100,100
58.9992,100,100
58.999,100,100
58.9988,100,100
58.9986,100,100
58.9984,100,100
58.9982,100,100
58.998,100,100
58.9978,100,100
58.9976,100,100
58.9974,100,100
58.9972,100,100
58.997,100,100
58.9968,100,100
58.9966,100,100
58.9964,100,100
58.9962,100,100
58.996,100,100
58.9958,100,100
58.9956,100,100
58.9954,100,100
58.9952,100,100
58.995,100,100
58.9949,100,100
58.9947,100,100
58.9945,100,100
58.9943,100,100
58.9941,100,100
58.9939,100,100
58.9937,100,100
58.9935,100,100
58.9933,100,100
58.9931,100,100
58.9929,100,100
58.9927,100,100
58.9925,100,100
58.9923,100,100
58.9921,100,100
58.9919,100,100
58.9917,100,100
58.9915,100,100
58.9913,100,100
58.9911,100,100
58.9909,100,100
58.9907,100,100
58.9905,100,100
58.9903,100,100
58.9901,100,100
58.9899,100,100
58.9897,100,100
58.9895,100,100
58.9893,100,100
58.9891,100,100
58.9889,100,100
58.9887,100,100
58.9885,100,100
58.9883,100,100
58.9882,100,100
58.988,100,100
58.9878,100,100
58.9876,100,100
58.9874,100,100
58.9872,100,100
58.987,100,100
58.9868,100,100
58.9866,100,100
58.9864,100,100
58.9862,100,100
58.986,100,100
58.9858,100,100
58.9856,100,100
58.9854,100,100
58.9852,100,100
58.985,100,100
58.9848,100,100
58.9846,100,100
58.9844,100,100
58.9842,100,100
58.984,100,100
58.9838,100,100
58.9836,100,100
58.9834,100,100
58.9832,100,100
58.983,100,100
58.9828,100,100
58.9826,100,100
58.9824,100,100
58.9822,100,100
58.982,100,100
58.9818,100,100
58.9816,100,100
58.9815,100,100
58.9813,100,100
58.9811,100,100
58.9809,100,100
58.9807,100,100
58.9805,100,100
58.9803,100,100
58.9801,100,100
58.9799,100,100
58.9797,100,100
58.9795,100,100
58.9793,100,100
58.9791,100,100
58.9789,100,100
58.9787,100,100
58.9785,100,100
58.9783,100,100
58.9781,100,100
58.9779,100,100
58.9777,100,100
58.9775,100,100
58.9773,100,100
58.9771,100,100
58.9769,100,100
58.9767,100,100
58.9765,100,100
58.9763,100,100
58.9761,100,100
58.9759,100,100
58.9757,100,100
58.9755,100,100
58.9753,100,100
58.9751,100,100
58.975,100,100
58.9748,100,100
58.9746,100,100
58.9744,100,100
58.9742,100,100
58.974,100,100
58.9738,100,100
58.9736,100,100
58.9734,100,100
58.9732,100,100
58.973,100,100
58.9728,100,100
58.9726,100,100
58.9724,100,100
58.9722,100,100
58.972,100,100
58.9718,100,100
58.9716,100,100
58.9714,100,100
58.9712,100,100
58.971,100,100
58.9708,100,100
58.9706,100,100
58.9704,100,100
58.9702,100,100
58.97,100,100
58.9698,100,100
58.9696,100,100
58.9694,100,100
58.9692,100,100
58.969,100,100
58.9688,100,100
58.9686,100,100
58.9684,100,100
58.9683,100,100
58.9681,100,100
58.9679,100,100
58.9677,100,100
58.9675,100,100
58.9673,100,100
58.9671,100,100
58.9669,100,100
58.9667,100,100
58.9665,100,100
58.9663,100,100
58.9661,100,100
58.9659,100,100
58.9657,100,100
58.9655,100,100
58.9653,100,100
58.9651,100,100
58.9649,100,100
58.9647,100,100
58.9645,100,100
58.9643,100,100
58.9641,100,100
58.9639,100,100
58.9637,100,100
58.9635,100,100
58.9633,100,100
58.9631,100,100
58.9629,100,100
58.9627,100,100
58.9625,100,100
58.9623,100,100
58.9621,100,100
58.9619,100,100
58.9617,100,100
58.9615,100,100
58.9613,100,100
58.9611,100,100
58.9609,100,100
58.9607,100,100
58.9605,100,100
58.9603,100,100
58.9601,100,100
58.9599,100,100
58.9597,100,100
58.9595,100,100
58.9593,100,100
58.9591,100,100
58.9589,100,100
58.9587,100,100
58.9585,100,100
58.9583,100,100
58.9581,100,100
58.9579,100,100
58.9577,100,100
58.9575,100,100
58.9573,100,100
58.9571,100,100
58.9569,100,100
58.9567,100,100
58.9565,100,100
58.9563,100,100
58.9561,100,100
58.9559,100,100
58.9557,100,100
58.9555,100,100
58.9553,100,100
58.9551,100,100
58.9549,100,100
58.9547,100,100
58.9545,100,100
58.9543,100,100
58.9541,100,100
58.9539,100,100
58.9537,100,100
58.9535,100,100
58.9533,100,100
58.9531,100,100
58.9529,100,100
58.9527,100,100
58.9525,100,100
58.9523,100,100
58.9521,100,100
58.9519,100,100
58.9517,100,100
58.9515,100,100
58.9513,100,100
58.9511,100,100
58.9509,100,100
58.9507,100,100
58.9505,100,100
58.9503,100,100
58.9501,100,100
58.9499,100,100
58.9497,100,100
58.9495,100,100
58.9493,100,100
58.9491,100,100
58.9489,100,100
58.9487,100,100
58.9485,100,100
58.9483,100,100
58.9481,100,100
58.9479,100,100
58.9477,100,100
58.9475,100,100
58.9473,100,100
58.9471,100,100
58.9469,100,100
58.9467,100,100
58.9465,100,100
58.9463,100,100
58.9461,100,100
58.9459,100,100
58.9457,100,100
58.9455,100,100
58.9453,100,100
58.9451,100,100
58.9449,100,100
58.9447,100,100
58.9445,100,100
58.9443,100,100
58.9441,100,100
58.9439,100,100
58.9437,100,100
58.9435,100,100
58.9432,100,100
58.943,100,100
58.9428,100,100
58.9426,100,100
58.9424,100,100
58.9422,100,100
58.942,100,100
58.9418,100,100
58.9416,100,100
58.9414,100,100
58.9412,100,100
58.941,100,100
58.9408,100,100
58.9406,100,100
58.9404,100,100
58.9402,100,100
58.94,100,100
58.9398,100,100
58.9396,100,100
58.9394,100,100
58.9392,100,100
58.939,100,100
58.9388,100,100
58.9386,100,100
58.9384,100,100
58.9382,100,100
58.938,100,100
58.9378,100,100
58.9376,100,100
58.9374,100,100
58.9372,100,100
58.937,100,100
58.9368,100,100
58.9366,100,100
58.9364,100,100
58.9362,100,100
58.936,100,100
58.9358,100,100
58.9356,100,100
58.9354,100,100
58.9352,100,100
58.935,100,100
58.9348,100,100
58.9346,100,100
58.9344,100,100
58.9342,100,100
58.9339,100,100
58.9337,100,100
58.9335,100,100
58.9333,100,100
58.9331,100,100
58.9329,100,100
58.9327,100,100
58.9325,100,100
58.9323,100,100
58.9321,100,100
58.9319,100,100
58.9317,100,100
58.9315,100,100
58.9313,100,100
58.9311,100,100
58.9309,100,100
58.9307,100,100
58.9305,100,100
58.9303,100,100
58.9301,100,100
58.9299,100,100
58.9297,100,100
58.9295,100,100
58.9293,100,100
58.9291,100,100
58.9289,100,100
58.9287,100,100
58.9285,100,100
58.9283,100,100
58.9281,100,100
58.9279,100,100
58.9277,100,100
58.9275,100,100
58.9273,100,100
58.9271,100,100
58.9269,100,100
58.9267,100,100
58.9265,100,100
58.9263,100,100
58.9261,100,100
58.9259,100,100
58.9257,100,100
58.9255,100,100
58.9253,100,100
58.9251,100,100
58.9249,100,100
58.9247,100,100
58.9245,100,100
58.9243,100,100
58.9241,100,100
58.9239,100,100
58.9237,100,100
58.9234,100,100
58.9232,100,100
58.923,100,100
58.9228,100,100
58.9226,100,100
58.9224,100,100
58.9222,100,100
58.922,100,100
58.9218,100,100
58.9216,100,100
58.9214,100,100
58.9212,100,100
58.921,100,100
58.9208,100,100
58.9206,100,100
58.9204,100,100
58.9202,100,100
58.92,100,100
58.9198,100,100
58.9196,100,100
58.9194,100,100
58.9192,100,100
58.919,100,100
58.9188,100,100
58.9186,100,100
58.9184,100,100
58.9182,100,100
58.918,100,100
58.9178,100,100
58.9176,100,100
58.9174,100,100
58.9172,100,100
58.917,100,100
58.9168,100,100
58.9166,100,100
58.9164,100,100
58.9162,100,100
58.916,100,100
58.9158,100,100
58.9156,100,100
58.9154,100,100
58.9152,100,100
58.915,100,100
58.9148,100,100
58.9146,100,100
58.9144,100,100
58.9142,100,100
58.914,100,100
58.9138,100,100
58.9136,100,100
58.9134,100,100
58.9132,100,100
58.913,100,100
58.9128,100,100
58.9126,100,100
58.9124,100,100
58.9122,100,100
58.912,100,100
58.9118,100,100
58.9116,100,100
58.9114,100,100
58.9112,100,100
58.911,100,100
58.9108,100,100
58.9106,100,100
58.9104,100,100
58.9102,100,100
58.91,100,100
58.9098,100,100
58.9096,100,100
58.9094,100,100
58.9092,100,100
58.909,100,100
58.9088,100,100
58.9086,100,100
58.9084,100,100
58.9082,100,100
58.908,100,100
58.9078,100,100
58.9076,100,100
58.9074,100,100
58.9072,100,100
58.907,100,100
58.9068,100,100
58.9066,100,100
58.9064,100,100
58.9062,100,100
58.906,100,100
58.9058,100,100
58.9056,100,100
58.9054,100,100
58.9052,100,100
58.905,100,100
58.9048,100,100
58.9046,100,100
58.9044,100,100
58.9042,100,100
58.904,100,100
58.9038,100,100
58.9036,100,100
58.9034,100,100
58.9032,100,100
58.903,100,100
58.9028,100,100
58.9026,100,100
58.9024,100,100
58.9022,100,100
58.902,100,100
58.9018,100,100
58.9016,100,100
58.9014,100,100
58.9012,100,100
58.901,100,100
58.9008,100,100
58.9007,100,100
58.9005,100,100
58.9003,100,100
58.9001,100,100
58.8999,100,100
58.8997,100,100
58.8995,100,100
58.8993,100,100
58.8991,100,100
58.8989,100,100
58.8987,100,100
58.8985,100,100
58.8983,100,100
58.8981,100,100
58.8979,100,100
58.8977,100,100
58.8975,100,100
58.8973,100,100
58.8971,100,100
58.8969,100,100
58.8967,100,100
58.8965,100,100
58.8963,100,100
58.8961,100,100
58.8959,100,100
58.8957,100,100
58.8955,100,100
58.8953,100,100
58.8951,100,100
58.8949,100,100
58.8947,100,100
58.8945,100,100
58.8943,100,100
58.8941,100,100
58.894,100,100
58.8938,100,100
58.8936,100,100
58.8934,100,100
58.8932,100,100
58.893,100,100
58.8928,100,100
58.8926,100,100
58.8924,100,100
58.8922,100,100
58.892,100,100
58.8918,100,100
58.8916,100,100
58.8914,100,100
58.8912,100,100
58.891,100,100
58.8908,100,100
58.8906,100,100
58.8904,100,100
58.8902,100,100
58.89,100,100
58.8898,100,100
58.8896,100,100
58.8894,100,100
58.8892,100,100
58.889,100,100
58.8888,100,100
58.8886,100,100
58.8884,100,100
58.8882,100,100
58.888,100,100
58.8878,100,100
58.8876,100,100
58.8875,100,100
58.8873,100,100
58.8871,100,100
58.8869,100,100
58.8867,100,100
58.8865,100,100
58.8863,100,100
58.8861,100,100
58.8859,100,100
58.8857,100,100
58.8855,100,100
58.8853,100,100
58.8851,100,100
58.8849,100,100
58.8847,100,100
58.8845,100,100
58.8843,100,100
58.8841,100,100
58.8839,100,100
58.8836,100,100
58.8834,100,100
58.8832,100,100
58.883,100,100
58.8828,100,100
58.8826,100,100
58.8824,100,100
58.8822,100,100
58.882,100,100
58.8818,100,100
58.8816,100,100
58.8814,100,100
58.8812,100,100
58.881,100,100
58.8808,100,100
58.8806,100,100
58.8804,100,100
58.8802,100,100
58.88,100,100
58.8798,100,100
58.8796,100,100
58.8794,100,100
58.8792,100,100
58.879,100,100
58.8788,100,100
58.8786,100,100
58.8784,100,100
58.8782,100,100
58.878,100,100
58.8778,100,100
58.8776,100,100
58.8774,100,100
58.8772,100,100
58.8769,100,100
58.8767,100,100
58.8765,100,100
58.8763,100,100
58.8761,100,100
58.8759,100,100
58.8757,100,100
58.8755,100,100
58.8753,100,100
58.8751,100,100
58.8749,100,100
58.8747,100,100
58.8745,100,100
58.8743,100,100
58.8741,100,100
58.8739,100,100
58.8737,100,100
58.8735,100,100
58.8733,100,100
58.8731,100,100
58.8729,100,100
58.8727,100,100
58.8725,100,100
58.8723,100,100
58.8721,100,100
58.8719,100,100
58.8717,100,100
58.8715,100,100
58.8713,100,100
58.8711,100,100
58.8709,100,100
58.8707,100,100
58.8704,100,100
58.8702,100,100
58.87,100,100
58.8698,100,100
58.8696,100,100
58.8694,100,100
58.8692,100,100
58.869,100,100
58.8688,100,100
58.8686,100,100
58.8684,100,100
58.8682,100,100
58.868,100,100
58.8678,100,100
58.8676,100,100
58.8674,100,100
58.8672,100,100
58.867,100,100
58.8668,100,100
58.8666,100,100
58.8664,100,100
58.8662,100,100
58.866,100,100
58.8658,100,100
58.8656,100,100
58.8654,100,100
58.8651,100,100
58.8649,100,100
58.8646,100,100
58.8644,100,100
58.8642,100,100
58.8639,100,100
58.8637,100,100
58.8634,100,100
58.8632,100,100
58.8629,100,100
58.8627,100,100
58.8625,100,100
58.8622,100,100
58.862,100,100
58.8617,100,100
58.8615,100,100
58.8612,100,100
58.861,100,100
58.8608,100,100
58.8605,100,100
58.8603,100,100
58.86,100,100
58.8598,100,100
58.8595,100,100
58.8593,100,100
58.859,100,100
58.8588,100,100
58.8586,100,100
58.8583,100,100
58.8581,100,100
58.8578,100,100
58.8576,100,100
58.8573,100,100
58.8571,100,100
58.8569,100,100
58.8566,100,100
58.8564,100,100
58.8561,100,100
58.8559,100,100
58.8556,100,100
58.8554,100,100
58.8551,100,100
58.8549,100,100
58.8547,100,100
58.8544,100,100
58.8542,100,100
58.8539,100,100
58.8537,100,100
58.8534,100,100
58.8532,100,100
58.853,100,100
58.8527,100,100
58.8525,100,100
58.8522,100,100
58.852,100,100
58.8517,100,100
58.8515,100,100
58.8512,100,100
58.851,100,100
58.8508,100,100
58.8505,100,100
58.8503,100,100
58.85,100,100
58.8498,100,100
58.8495,100,100
58.8493,100,100
58.8491,100,100
58.8488,100,100
58.8486,100,100
58.8483,100,100
58.8481,100,100
58.8478,100,100
58.8476,100,100
58.8474,100,100
58.8471,100,100
58.8469,100,100
58.8466,100,100
58.8464,100,100
58.8461,100,100
58.8459,100,100
58.8456,100,100
58.8454,100,100
58.8452,100,100
58.8449,100,100
58.8447,100,100
58.8444,100,100
58.8442,100,100
58.8439,100,100
58.8437,100,100
58.8435,100,100
58.8432,100,100
58.843,100,100
58.8427,100,100
58.8425,100,100
58.8422,100,100
58.842,100,100
58.8417,100,100
58.8415,100,100
58.8413,100,100
58.841,100,100
58.8407,100,100
58.8404,100,100
58.8401,100,100
58.8398,100,100
58.8395,100,100
58.8393,100,100
58.839,100,100
58.8387,100,100
58.8384,100,100
58.8381,100,100
58.8378,100,100
58.8375,100,100
58.8372,100,100
58.8369,100,100
58.8366,100,100
58.8363,100,100
58.836,100,100
58.8357,100,100
58.8354,100,100
58.8351,100,100
58.8348,100,100
58.8345,100,100
58.8342,100,100
58.8339,100,100
58.8336,100,100
58.8333,100,100
58.8331,100,100
58.8328,100,100
58.8325,100,100
58.8322,100,100
58.8319,100,100
58.8316,100,100
58.8313,100,100
58.831,100,100
58.8307,100,100
58.8304,100,100
58.8301,100,100
58.8298,100,100
58.8295,100,100
58.8292,100,100
58.8289,100,100
58.8286,100,100
58.8283,100,100
58.828,100,100
58.8277,100,100
58.8274,100,100
58.8271,100,100
58.8269,100,100
58.8266,100,100
58.8263,100,100
58.826,100,100
58.8257,100,100
58.8254,100,100
58.8251,100,100
58.8248,100,100
58.8245,100,100
58.8242,100,100
58.8239,100,100
58.8236,100,100
58.8233,100,100
58.823,100,100
58.8227,100,100
58.8224,100,100
58.8221,100,100
58.8218,100,100
58.8215,100,100
58.8212,100,100
58.8209,100,100
58.8206,100,100
58.8204,100,100
58.8201,100,100
58.8198,100,100
58.8195,100,100
58.8192,100,100
58.8189,100,100
58.8186,100,100
58.8183,100,100
58.818,100,100
58.8177,100,100
58.8174,100,100
58.8171,100,100
58.8168,100,100
58.8165,100,100
58.8162,100,100
58.8159,100,100
58.8156,100,100
58.8153,100,100
58.815,100,100
58.8147,100,100
58.8144,100,100
58.8142,100,100
58.8139,100,100
58.8136,100,100
58.8133,100,100
58.813,100,100
58.8127,100,100
58.8124,100,100
58.8121,100,100
58.8118,100,100
58.8115,100,100
58.8112,100,100
58.8108,100,100
58.8105,100,100
58.8102,100,100
58.8098,100,100
58.8095,100,100
58.8092,100,100
58.8088,100,100
58.8085,100,100
58.8082,100,100
58.8078,100,100
58.8075,100,100
58.8072,100,100
58.8068,100,100
58.8065,100,100
58.8062,100,100
58.8058,100,100
58.8055,100,100
58.8052,100,100
58.8049,100,100
58.8045,100,100
58.8042,100,100
58.8039,100,100
58.8035,100,100
58.8032,100,100
58.8029,100,100
58.8025,100,100
58.8022,100,100
58.8019,100,100
58.8015,100,100
58.8012,100,100
58.8009,100,100
58.8005,100,100
58.8002,100,100
58.7999,100,100
58.7995,100,100
58.7992,100,100
58.7989,100,100
58.7985,100,100
58.7982,100,100
58.7979,100,100
58.7975,100,100
58.7972,100,100
58.7969,100,100
58.7965,100,100
58.7962,100,100
58.7959,100,100
58.7955,100,100
58.7952,100,100
58.7949,100,100
58.7945,100,100
58.7942,100,100
58.7939,100,100
58.7935,100,100
58.7932,100,100
58.7929,100,100
58.7926,100,100
58.7922,100,100
58.7919,100,100
58.7916,100,100
58.7912,100,100
58.7909,100,100
58.7906,100,100
58.7902,100,100
58.7899,100,100
58.7896,100,100
58.7892,100,100
58.7889,100,100
58.7886,100,100
58.7882,100,100
58.7879,100,100
58.7876,100,100
58.7872,100,100
58.7869,100,100
58.7866,100,100
58.7862,100,100
58.7859,100,100
58.7856,100,100
58.7852,100,100
58.7849,100,100
58.7846,100,100
58.7842,100,100
58.7839,100,100
58.7836,100,100
58.7832,100,100
58.7829,100,100
58.7826,100,100
58.7822,100,100
58.7819,100,100
58.7816,100,100
58.7812,100,100
58.7809,100,100
58.7806,100,100
58.7802,100,100
58.7799,100,100
58.7796,100,100
58.7793,100,100
58.7789,100,100
58.7786,100,100
58.7783,100,100
58.7779,100,100
58.7775,100,100
58.7772,100,100
58.7768,100,100
58.7765,100,100
58.7761,100,100
58.7757,100,100
58.7754,100,100
58.775,100,100
58.7746,100,100
58.7743,100,100
58.7739,100,100
58.7736,100,100
58.7732,100,100
58.7728,100,100
58.7725,100,100
58.7721,100,100
58.7718,100,100
58.7714,100,100
58.771,100,100
58.7707,100,100
58.7703,100,100
58.7699,100,100
58.7696,100,100
58.7692,100,100
58.7689,100,100
58.7685,100,100
58.7681,100,100
58.7678,100,100
58.7674,100,100
58.7671,100,100
58.7667,100,100
58.7663,100,100
58.766,100,100
58.7656,100,100
58.7652,100,100
58.7649,100,100
58.7645,100,100
58.7642,100,100
58.7638,100,100
58.7634,100,100
58.7631,100,100
58.7627,100,100
58.7624,100,100
58.762,100,100
58.7616,100,100
58.7613,100,100
58.7609,100,100
58.7606,100,100
58.7602,100,100
58.7598,100,100
58.7595,100,100
58.7591,100,100
58.7587,100,100
58.7584,100,100
58.758,100,100
58.7577,100,100
58.7573,100,100
58.7569,100,100
58.7566,100,100
58.7562,100,100
58.7559,100,100
58.7555,100,100
58.7551,100,100
58.7548,100,100
58.7544,100,100
58.754,100,100
58.7537,100,100
58.7533,100,100
58.753,100,100
58.7526,100,100
58.7522,100,100
58.7519,100,100
58.7515,100,100
58.7512,100,100
58.7508,100,100
58.7504,100,100
58.7501,100,100
58.7497,100,100
58.7493,100,100
58.749,100,100
58.7486,100,100
58.7483,100,100
58.7479,100,100
58.7475,100,100
58.7472,100,100
58.7468,100,100
58.7465,100,100
58.7461,100,100
58.7457,100,100
58.7454,100,100
58.745,100,100
58.7446,100,100
58.7443,100,100
58.7439,100,100
58.7436,100,100
58.7432,100,100
58.7428,100,100
58.7425,100,100
58.7421,100,100
58.7417,100,100
58.7414,100,100
58.741,100,100
58.7406,100,100
58.7402,100,100
58.7398,100,100
58.7394,100,100
58.7391,100,100
58.7387,100,100
58.7383,100,100
58.7379,100,100
58.7375,100,100
58.7371,100,100
58.7367,100,100
58.7364,100,100
58.736,100,100
58.7356,100,100
58.7352,100,100
58.7348,100,100
58.7344,100,100
58.7341,100,100
58.7337,100,100
58.7333,100,100
58.7329,100,100
58.7325,100,100
58.7321,100,100
58.7318,100,100
58.7314,100,100
58.731,100,100
58.7306,100,100
58.7302,100,100
58.7298,100,100
58.7295,100,100
58.7291,100,100
58.7287,100,100
58.7283,100,100
58.7279,100,100
58.7275,100,100
58.7272,100,100
58.7268,100,100
58.7264,100,100
58.726,100,100
58.7256,100,100
58.7252,100,100
58.7249,100,100
58.7245,100,100
58.7241,100,100
58.7237,100,100
58.7233,100,100
58.7229,100,100
58.7225,100,100
58.7222,100,100
58.7218,100,100
58.7214,100,100
58.721,100,100
58.7206,100,100
58.7202,100,100
58.7199,100,100
58.7195,100,100
58.7191,100,100
58.7187,100,100
58.7183,100,100
58.7179,100,100
58.7176,100,100
58.7172,100,100
58.7168,100,100
58.7164,100,100
58.716,100,100
58.7156,100,100
58.7153,100,100
58.7149,100,100
58.7145,100,100
58.7141,100,100
58.7137,100,100
58.7133,100,100
58.713,100,100
58.7126,100,100
58.7122,100,100
58.7118,100,100
58.7114,100,100
58.711,100,100
58.7106,100,100
58.7103,100,100
58.7099,100,100
58.7095,100,100
58.7091,100,100
58.7087,100,100
58.7083,100,100
58.708,100,100
58.7076,100,100
58.7072,100,100
58.7068,100,100
58.7064,100,100
58.706,100,100
58.7057,100,100
58.7053,100,100
58.7049,100,100
58.7045,100,100
58.7041,100,100
58.7037,100,100
58.7033,100,100
58.7029,100,100
58.7025,100,100
58.7021,100,100
58.7017,100,100
58.7013,100,100
58.7009,100,100
58.7005,100,100
58.7001,100,100
58.6997,100,100
58.6993,100,100
58.6989,100,100
58.6985,100,100
58.6981,100,100
58.6977,100,100
58.6973,100,100
58.6969,100,100
58.6965,100,100
58.6961,100,100
58.6957,100,100
58.6953,100,100
58.6949,100,100
58.6945,100,100
58.6941,100,100
58.6937,100,100
58.6933,100,100
58.6929,100,100
58.6925,100,100
58.6921,100,100
58.6917,100,100
58.6913,100,100
58.6909,100,100
58.6905,100,100
58.6901,100,100
58.6897,100,100
58.6893,100,100
58.6889,100,100
58.6885,100,100
58.6881,100,100
58.6877,100,100
58.6873,100,100
58.6869,100,100
58.6865,100,100
58.6861,100,100
58.6857,100,100
58.6853,100,100
58.6849,100,100
58.6845,100,100
58.6841,100,100
58.6837,100,100
58.6833,100,100
58.6829,100,100
58.6825,100,100
58.6821,100,100
58.6817,100,100
58.6812,100,100
58.6808,100,100
58.6804,100,100
58.68,100,100
58.6796,100,100
58.6792,100,100
58.6788,100,100
58.6784,100,100
58.678,100,100
58.6776,100,100
58.6772,100,100
58.6768,100,100
58.6764,100,100
58.676,100,100
58.6756,100,100
58.6752,100,100
58.6748,100,100
58.6744,100,100
58.674,100,100
58.6736,100,100
58.6732,100,100
58.6728,100,100
58.6724,100,100
58.672,100,100
58.6716,100,100
58.6712,100,100
58.6708,100,100
58.6704,100,100
58.67,100,100
58.6696,100,100
58.6692,100,100
58.6688,100,100
58.6684,100,100
58.668,100,100
58.6676,100,100
58.6672,100,100
58.6668,100,100
58.6664,100,100
58.666,100,100
58.6656,100,100
58.6652,100,100
58.6648,100,100
58.6644,100,100
58.664,100,100
58.6636,100,100
58.6632,100,100
58.6627,100,100
58.6623,100,100
58.6619,100,100
58.6615,100,100
58.6611,100,100
58.6607,100,100
58.6602,100,100
58.6598,100,100
58.6594,100,100
58.659,100,100
58.6586,100,100
58.6582,100,100
58.6577,100,100
58.6573,100,100
58.6569,100,100
58.6565,100,100
58.6561,100,100
58.6557,100,100
58.6552,100,100
58.6548,100,100
58.6544,100,100
58.654,100,100
58.6536,100,100
58.6532,100,100
58.6527,100,100
58.6523,100,100
58.6519,100,100
58.6515,100,100
58.6511,100,100
58.6507,100,100
58.6502,100,100
58.6498,100,100
58.6494,100,100
58.649,100,100
58.6486,100,100
58.6482,100,100
58.6477,100,100
58.6473,100,100
58.6469,100,100
58.6465,100,100
58.6461,100,100
58.6457,100,100
58.6452,100,100
58.6448,100,100
58.6444,100,100
58.644,100,100
58.6436,100,100
58.6432,100,100
58.6427,100,100
58.6423,100,100
58.6419,100,100
58.6415,100,100
58.6411,100,100
58.6407,100,100
58.6402,100,100
58.6398,100,100
58.6394,100,100
58.639,100,100
58.6386,100,100
58.6382,100,100
58.6377,100,100
58.6373,100,100
58.6369,100,100
58.6365,100,100
58.6361,100,100
58.6357,100,100
58.6352,100,100
58.6348,100,100
58.6344,100,100
58.634,100,100
58.6336,100,100
58.6332,100,100
58.6327,100,100
58.6323,100,100
58.6319,100,100
58.6315,100,100
58.6311,100,100
58.6307,100,100
58.6302,100,100
58.6298,100,100
58.6294,100,100
58.629,100,100
58.6286,100,100
58.6282,100,100
58.6277,100,100
58.6273,100,100
58.6269,100,100
58.6265,100,100
58.6261,100,100
58.6257,100,100
58.6252,100,100
58.6248,100,100
58.6244,100,100
58.624,100,100
58.6236,100,100
58.6232,100,100
58.6227,100,100
58.6223,100,100
58.6219,100,100
58.6215,100,100
58.6211,100,100
58.6206,100,100
58.6202,100,100
58.6198,100,100
58.6193,100,100
58.6189,100,100
58.6185,100,100
58.6181,100,100
58.6176,100,100
58.6172,100,100
58.6168,100,100
58.6163,100,100
58.6159,100,100
58.6155,100,100
58.6151,100,100
58.6146,100,100
58.6142,100,100
58.6138,100,100
58.6133,100,100
58.6129,100,100
58.6125,100,100
58.6121,100,100
58.6116,100,100
58.6112,100,100
58.6108,100,100
58.6103,100,100
58.6099,100,100
58.6095,100,100
58.6091,100,100
58.6086,100,100
58.6082,100,100
58.6078,100,100
58.6073,100,100
58.6069,100,100
58.6065,100,100
58.6061,100,100
58.6056,100,100
58.6052,100,100
58.6048,100,100
58.6043,100,100
58.6039,100,100
58.6035,100,100
58.6031,100,100
58.6026,100,100
58.6022,100,100
58.6018,100,100
58.6013,100,100
58.6009,100,100
58.6005,100,100
58.6001,100,100
58.5996,100,100
58.5992,100,100
58.5988,100,100
58.5983,100,100
58.5979,100,100
58.5975,100,100
58.5971,100,100
58.5966,100,100
58.5962,100,100
58.5958,100,100
58.5953,100,100
58.5949,100,100
58.5945,100,100
58.5941,100,100
58.5936,100,100
58.5932,100,100
58.5928,100,100
58.5923,100,100
58.5919,100,100
58.5915,100,100
58.5911,100,100
58.5906,100,100
58.5902,100,100
58.5898,100,100
58.5893,100,100
58.5889,100,100
58.5885,100,100
58.5881,100,100
58.5876,100,100
58.5872,100,100
58.5868,100,100
58.5863,100,100
58.5859,100,100
58.5855,100,100
58.5851,100,100
58.5846,100,100
58.5842,100,100
58.5838,100,100
58.5833,100,100
58.5829,100,100
58.5825,100,100
58.5821,100,100
58.5816,100,100
58.5812,100,100
58.5808,100,100
58.5803,100,100
58.5799,100,100
58.5795,100,100
58.5791,100,100
58.5786,100,100
58.5782,100,100
58.5778,100,100
58.5773,100,100
58.5769,100,100
58.5764,100,100
58.576,100,100
58.5756,100,100
58.5751,100,100
58.5747,100,100
58.5743,100,100
58.5738,100,100
58.5734,100,100
58.573,100,100
58.5725,100,100
58.5721,100,100
58.5717,100,100
58.5712,100,100
58.5708,100,100
58.5703,100,100
58.5699,100,100
58.5695,100,100
58.569,100,100
58.5686,100,100
58.5682,100,100
58.5677,100,100
58.5673,100,100
58.5669,100,100
58.5664,100,100
58.566,100,100
58.5656,100,100
58.5651,100,100
58.5647,100,100
58.5642,100,100
58.5638,100,100
58.5634,100,100
58.5629,100,100
58.5625,100,100
58.5621,100,100
58.5616,100,100
58.5612,100,100
58.5608,100,100
58.5603,100,100
58.5599,100,100
58.5595,100,100
58.559,100,100
58.5586,100,100
58.5582,100,100
58.5577,100,100
58.5573,100,100
58.5568,100,100
58.5564,100,100
58.556,100,100
58.5555,100,100
58.5551,100,100
58.5547,100,100
58.5542,100,100
58.5538,100,100
58.5534,100,100
58.5529,100,100
58.5525,100,100
58.5521,100,100
58.5516,100,100
58.5512,100,100
58.5507,100,100
58.5503,100,100
58.5499,100,100
58.5494,100,100
58.549,100,100
58.5486,100,100
58.5481,100,100
58.5477,100,100
58.5473,100,100
58.5468,100,100
58.5464,100,100
58.546,100,100
58.5455,100,100
58.5451,100,100
58.5447,100,100
58.5442,100,100
58.5438,100,100
58.5433,100,100
58.5429,100,100
58.5425,100,100
58.542,100,100
58.5416,100,100
58.5412,100,100
58.5407,100,100
58.5403,100,100
58.5399,100,100
58.5394,100,100
58.539,100,100
58.5386,100,100
58.5381,100,100
58.5377,100,100
58.5372,100,100
58.5368,100,100
58.5364,100,100
58.5359,100,100
58.5355,100,100
58.5351,100,100
58.5346,100,100
58.5342,100,100
58.5338,100,100
58.5333,100,100
58.5329,100,100
58.5324,100,100
58.532,100,100
58.5316,100,100
58.5311,100,100
58.5307,100,100
58.5303,100,100
58.5298,100,100
58.5294,100,100
58.529,100,100
58.5285,100,100
58.5281,100,100
58.5276,100,100
58.5272,100,100
58.5268,100,100
58.5263,100,100
58.5259,100,100
58.5255,100,100
58.525,100,100
58.5246,100,100
58.5241,100,100
58.5237,100,100
58.5233,100,100
58.5228,100,100
58.5224,100,100
58.522,100,100
58.5215,100,100
58.5211,100,100
58.5207,100,100
58.5202,100,100
58.5198,100,100
58.5193,100,100
58.5189,100,100
58.5185,100,100
58.518,100,100
58.5176,100,100
58.5172,100,100
58.5167,100,100
58.5163,100,100
58.5158,100,100
58.5154,100,100
58.515,100,100
58.5145,100,100
58.5141,100,100
58.5137,100,100
58.5132,100,100
58.5128,100,100
58.5124,100,100
58.5119,100,100
58.5115,100,100
58.511,100,100
58.5106,100,100
58.5102,100,100
58.5097,100,100
58.5093,100,100
58.5089,100,100
58.5084,100,100
58.508,100,100
58.5075,100,100
58.5071,100,100
58.5067,100,100
58.5062,100,100
58.5058,100,100
58.5054,100,100
58.5049,100,100
58.5045,100,100
58.5041,100,100
58.5036,100,100
58.5032,100,100
58.5027,100,100
58.5023,100,100
58.5019,100,100
58.5014,100,100
58.501,100,100
58.5006,100,100
58.5001,100,100
58.4997,100,100
58.4992,100,100
58.4988,100,100
58.4984,100,100
58.4979,100,100
58.4975,100,100
58.4971,100,100
58.4966,100,100
58.4962,100,100
58.4957,100,100
58.4953,100,100
58.4949,100,100
58.4944,100,100
58.494,100,100
58.4936,100,100
58.4931,100,100
58.4927,100,100
58.4923,100,100
58.4918,100,100
58.4914,100,100
58.4909,100,100
58.4904,100,100
58.49,100,100
58.4895,100,100
58.4891,100,100
58.4886,100,100
58.4881,100,100
58.4877,100,100
58.4872,100,100
58.4868,100,100
58.4863,100,100
58.4858,100,100
58.4854,100,100
58.4849,100,100
58.4845,100,100
58.484,100,100
58.4835,100,100
58.4831,100,100
58.4826,100,100
58.4822,100,100
58.4817,100,100
58.4812,100,100
58.4808,100,100
58.4803,100,100
58.4799,100,100
58.4794,100,100
58.4789,100,100
58.4785,100,100
58.478,100,100
58.4776,100,100
58.4771,100,100
58.4766,100,100
58.4762,100,100
58.4757,100,100
58.4753,100,100
58.4748,100,100
58.4743,100,100
58.4739,100,100
58.4734,100,100
58.473,100,100
58.4725,100,100
58.472,100,100
58.4716,100,100
58.4711,100,100
58.4707,100,100
58.4702,100,100
58.4697,100,100
58.4693,100,100
58.4688,100,100
58.4684,100,100
58.4679,100,100
58.4674,100,100
58.467,100,100
58.4665,100,100
58.4661,100,100
58.4656,100,100
58.4651,100,100
58.4647,100,100
58.4642,100,100
58.4638,100,100
58.4633,100,100
58.4628,100,100
58.4624,100,100
58.4619,100,100
58.4615,100,100
58.461,100,100
58.4605,100,100
58.4601,100,100
58.4596,100,100
58.4591,100,100
58.4587,100,100
58.4582,100,100
58.4578,100,100
58.4573,100,100
58.4568,100,100
58.4564,100,100
58.4559,100,100
58.4555,100,100
58.455,100,100
58.4545,100,100
58.4541,100,100
58.4536,100,100
58.4532,100,100
58.4527,100,100
58.4522,100,100
58.4518,100,100
58.4513,100,100
58.4509,100,100
58.4504,100,100
58.4499,100,100
58.4495,100,100
58.449,100,100
58.4486,100,100
58.4481,100,100
58.4476,100,100
58.4472,100,100
58.4467,100,100
58.4463,100,100
58.4458,100,100
58.4453,100,100
58.4447,100,100
58.4441,100,100
58.4435,100,100
58.443,100,100
58.4424,100,100
58.4418,100,100
58.4413,100,100
58.4407,100,100
58.4401,100,100
58.4396,100,100
58.439,100,100
58.4384,100,100
58.4378,100,100
58.4373,100,100
58.4367,100,100
58.4361,100,100
58.4356,100,100
58.435,100,100
58.4344,100,100
58.4339,100,100
58.4333,100,100
58.4327,100,100
58.4321,100,100
58.4316,100,100
58.431,100,100
58.4304,100,100
58.4299,100,100
58.4293,100,100
58.4287,100,100
58.4282,100,100
58.4276,100,100
58.427,100,100
58.4265,100,100
58.4259,100,100
58.4253,100,100
58.4247,100,100
58.4242,100,100
58.4236,100,100
58.423,100,100
58.4225,100,100
58.4219,100,100
58.4213,100,100
58.4208,100,100
58.4202,100,100
58.4196,100,100
58.419,100,100
58.4185,100,100
58.4179,100,100
58.4173,100,100
58.4168,100,100
58.4162,100,100
58.4156,100,100
58.4151,100,100
58.4145,100,100
58.4139,100,100
58.4133,100,100
58.4128,100,100
58.4122,100,100
58.4116,100,100
58.4111,100,100
58.4105,100,100
58.4099,100,100
58.4094,100,100
58.4088,100,100
58.4082,100,100
58.4077,100,100
58.4071,100,100
58.4065,100,100
58.4059,100,100
58.4054,100,100
58.4048,100,100
58.4042,100,100
58.4037,100,100
58.4031,100,100
58.4025,100,100
58.402,100,100
58.4014,100,100
58.4008,100,100
58.4002,100,100
58.3997,100,100
58.3991,100,100
58.3985,100,100
58.398,100,100
58.3974,100,100
58.3968,100,100
58.3963,100,100
58.3957,100,100
58.3951,100,100
58.3945,100,100
58.394,100,100
58.3934,100,100
58.3928,100,100
58.3923,100,100
58.3917,100,100
58.3911,100,100
58.3906,100,100
58.39,100,100
58.3894,100,100
58.3889,100,100
58.3882,100,100
58.3875,100,100
58.3868,100,100
58.3862,100,100
58.3855,100,100
58.3848,100,100
58.3841,100,100
58.3834,100,100
58.3828,100,100
58.3821,100,100
58.3814,100,100
58.3807,100,100
58.38,100,100
58.3794,100,100
58.3787,100,100
58.378,100,100
58.3773,100,100
58.3767,100,100
58.376,100,100
58.3753,100,100
58.3746,100,100
58.3739,100,100
58.3733,100,100
58.3726,100,100
58.3719,100,100
58.3712,100,100
58.3705,100,100
58.3699,100,100
58.3692,100,100
58.3685,100,100
58.3678,100,100
58.3672,100,100
58.3665,100,100
58.3658,100,100
58.3651,100,100
58.3644,100,100
58.3638,100,100
58.3631,100,100
58.3624,100,100
58.3617,100,100
58.361,100,100
58.3604,100,100
58.3597,100,100
58.359,100,100
58.3583,100,100
58.3576,100,100
58.357,100,100
58.3563,100,100
58.3556,100,100
58.3549,100,100
58.3543,100,100
58.3536,100,100
58.3529,100,100
58.3522,100,100
58.3515,100,100
58.3509,100,100
58.3502,100,100
58.3495,100,100
58.3488,100,100
58.3481,100,100
58.3475,100,100
58.3468,100,100
58.3461,100,100
58.3454,100,100
58.3448,100,100
58.3441,100,100
58.3434,100,100
58.3427,100,100
58.342,100,100
58.3414,100,100
58.3407,100,100
58.34,100,100
58.3393,100,100
58.3386,100,100
58.338,100,100
58.3373,100,100
58.3366,100,100
58.3359,100,100
58.3353,100,100
58.3346,100,100
58.3339,100,100
58.3332,100,100
58.3325,100,100
58.3319,100,100
58.3312,100,100
58.3305,100,100
58.3298,100,100
58.3291,100,100
58.3285,100,100
58.3278,100,100
58.3271,100,100
58.3264,100,100
58.3257,100,100
58.3251,100,100
58.3244,100,100
58.3237,100,100
58.323,100,100
58.3224,100,100
58.3217,100,100
58.321,100,100
58.3202,100,100
58.3195,100,100
58.3187,100,100
58.3179,100,100
58.3171,100,100
58.3163,100,100
58.3156,100,100
58.3148,100,100
58.314,100,100
58.3132,100,100
58.3124,100,100
58.3117,100,100
58.3109,100,100
58.3101,100,100
58.3093,100,100
58.3085,100,100
58.3078,100,100
58.307,100,100
58.3062,100,100
58.3054,100,100
58.3046,100,100
58.3038,100,100
58.3031,100,100
58.3023,100,100
58.3015,100,100
58.3007,100,100
58.2999,100,100
58.2992,100,100
58.2984,100,100
58.2976,100,100
58.2968,100,100
58.296,100,100
58.2953,100,100
58.2945,100,100
58.2937,100,100
58.2929,100,100
58.2921,100,100
58.2914,100,100
58.2906,100,100
58.2898,100,100
58.289,100,100
58.2882,100,100
58.2875,100,100
58.2867,100,100
58.2859,100,100
58.2851,100,100
58.2843,100,100
58.2836,100,100
58.2828,100,100
58.282,100,100
58.2812,100,100
58.2804,100,100
58.2797,100,100
58.2789,100,100
58.2781,100,100
58.2773,100,100
58.2765,100,100
58.2758,100,100
58.275,100,100
58.2742,100,100
58.2734,100,100
58.2726,100,100
58.2719,100,100
58.2711,100,100
58.2703,100,100
58.2695,100,100
58.2687,100,100
58.268,100,100
58.2672,100,100
58.2664,100,100
58.2656,100,100
58.2648,100,100
58.2641,100,100
58.2633,100,100
58.2625,100,100
58.2617,100,100
58.2609,100,100
58.2602,100,100
58.2594,100,100
58.2586,100,100
58.2578,100,100
58.257,100,100
58.2563,100,100
58.2555,100,100
58.2547,100,100
58.2539,100,100
58.2531,100,100
58.2524,100,100
58.2516,100,100
58.2508,100,100
58.25,100,100
58.2492,100,100
58.2484,100,100
58.2477,100,100
58.2469,100,100
58.2461,100,100
58.2453,100,100
58.2445,100,100
58.2438,100,100
58.243,100,100
58.2421,100,100
58.2413,100,100
58.2404,100,100
58.2395,100,100
58.2387,100,100
58.2378,100,100
58.237,100,100
58.2361,100,100
58.2352,100,100
58.2344,100,100
58.2335,100,100
58.2326,100,100
58.2318,100,100
58.2309,100,100
58.2301,100,100
58.2292,100,100
58.2283,100,100
58.2275,100,100
58.2266,100,100
58.2257,100,100
58.2249,100,100
58.224,100,100
58.2231,100,100
58.2223,100,100
58.2214,100,100
58.2206,100,100
58.2197,100,100
58.2188,100,100
58.218,100,100
58.2171,100,100
58.2162,100,100
58.2154,100,100
58.2145,100,100
58.2137,100,100
58.2128,100,100
58.2119,100,100
58.2111,100,100
58.2102,100,100
58.2093,100,100
58.2085,100,100
58.2076,100,100
58.2067,100,100
58.2059,100,100
58.205,100,100
58.2042,100,100
58.2033,100,100
58.2024,100,100
58.2016,100,100
58.2007,100,100
58.1998,100,100
58.199,100,100
58.1981,100,100
58.1973,100,100
58.1964,100,100
58.1955,100,100
58.1947,100,100
58.1938,100,100
58.1929,100,100
58.1921,100,100
58.1912,100,100
58.1903,100,100
58.1895,100,100
58.1886,100,100
58.1878,100,100
58.1869,100,100
58.186,100,100
58.1852,100,100
58.1843,100,100
58.1834,100,100
58.1826,100,100
58.1817,100,100
58.1809,100,100
58.18,100,100
58.1791,100,100
58.1783,100,100
58.1774,100,100
58.1765,100,100
58.1757,100,100
58.1748,100,100
58.1739,100,100
58.1731,100,100
58.1722,100,100
58.1714,100,100
58.1705,100,100
58.1696,100,100
58.1688,100,100
58.1679,100,100
58.167,100,100
58.1662,100,100
58.1653,100,100
58.1644,100,100
58.1636,100,100
58.1627,100,100
58.1619,100,100
58.161,100,100
58.1601,100,100
58.1593,100,100
58.1584,100,100
58.1575,100,100
58.1567,100,100
58.1558,100,100
58.1548,100,100
58.1539,100,100
58.153,100,100
58.152,100,100
58.1511,100,100
58.1502,100,100
58.1493,100,100
58.1483,100,100
58.1474,100,100
58.1465,100,100
58.1455,100,100
58.1446,100,100
58.1437,100,100
58.1428,100,100
58.1418,100,100
58.1409,100,100
58.14,100,100
58.139,100,100
58.1381,100,100
58.1372,100,100
58.1363,100,100
58.1353,100,100
58.1344,100,100
58.1335,100,100
58.1326,100,100
58.1316,100,100
58.1307,100,100
58.1298,100,100
58.1288,100,100
58.1279,100,100
58.127,100,100
58.1261,100,100
58.1251,100,100
58.1242,100,100
58.1233,100,100
58.1223,100,100
58.1214,100,100
58.1205,100,100
58.1196,100,100
58.1186,100,100
58.1177,100,100
58.1168,100,100
58.1158,100,100
58.1149,100,100
58.114,100,100
58.1131,100,100
58.1121,100,100
58.1112,100,100
58.1103,100,100
58.1093,100,100
58.1084,100,100
58.1075,100,100
58.1066,100,100
58.1056,100,100
58.1047,100,100
58.1038,100,100
58.1028,100,100
58.1019,100,100
58.101,100,100
58.1001,100,100
58.0991,100,100
58.0982,100,100
58.0973,100,100
58.0963,100,100
58.0954,100,100
58.0945,100,100
58.0936,100,100
58.0926,100,100
58.0917,100,100
58.0908,100,100
58.0898,100,100
58.0889,100,100
58.088,100,100
58.0871,100,100
58.0861,100,100
58.0852,100,100
58.0843,100,100
58.0833,100,100
58.0824,100,100
58.0815,100,100
58.0806,100,100
58.0796,100,100
58.0787,100,100
58.0778,100,100
58.0768,100,100
58.0759,100,100
58.075,100,100
58.0741,100,100
58.0731,100,100
58.0722,100,100
58.0713,100,100
58.0703,100,100
58.0694,100,100
58.0685,100,100
58.0676,100,100
58.0666,100,100
58.0657,100,100
58.0648,100,100
58.0638,100,100
58.0629,100,100
58.0619,100,100
58.0609,100,100
58.0599,100,100
58.059,100,100
58.058,100,100
58.057,100,100
58.056,100,100
58.055,100,100
58.0541,100,100
58.0531,100,100
58.0521,100,100
58.0511,100,100
58.0501,100,100
58.0492,100,100
58.0482,100,100
58.0472,100,100
58.0462,100,100
58.0452,100,100
58.0443,100,100
58.0433,100,100
58.0423,100,100
58.0413,100,100
58.0403,100,100
58.0394,100,100
58.0384,100,100
58.0374,100,100
58.0364,100,100
58.0354,100,100
58.0345,100,100
58.0335,100,100
58.0325,100,100
58.0315,100,100
58.0305,100,100
58.0296,100,100
58.0286,100,100
58.0276,100,100
58.0266,100,100
58.0256,100,100
58.0247,100,100
58.0237,100,100
58.0227,100,100
58.0217,100,100
58.0208,100,100
58.0198,100,100
58.0188,100,100
58.0178,100,100
58.0168,100,100
58.0159,100,100
58.0149,100,100
58.0139,100,100
58.0129,100,100
58.0119,100,100
58.011,100,100
58.01,100,100
58.009,100,100
58.008,100,100
58.007,100,100
58.0061,100,100
58.0051,100,100
58.0041,100,100
58.0031,100,100
58.0021,100,100
58.0012,100,100
58.0002,100,100
57.9992,100,100
57.9982,100,100
57.9972,100,100
57.9963,100,100
57.9953,100,100
57.9943,100,100
57.9933,100,100
57.9923,100,100
57.9914,100,100
57.9904,100,100
57.9894,100,100
57.9884,100,100
57.9874,100,100
57.9865,100,100
57.9855,100,100
57.9845,100,100
57.9835,100,100
57.9825,100,100
57.9816,100,100
57.9806,100,100
57.9796,100,100
57.9786,100,100
57.9777,100,100
57.9767,100,100
57.9757,100,100
57.9747,100,100
57.9737,100,100
57.9728,100,100
57.9718,100,100
57.9708,100,100
57.9698,100,100
57.9688,100,100
57.9679,100,100
57.9669,100,100
57.9659,100,100
57.9649,100,100
57.9639,100,100
57.9628,100,100
57.9618,100,100
57.9608,100,100
57.9598,100,100
57.9588,100,100
57.9577,100,100
57.9567,100,100
57.9557,100,100
57.9547,100,100
57.9537,100,100
57.9526,100,100
57.9516,100,100
57.9506,100,100
57.9496,100,100
57.9486,100,100
57.9476,100,100
57.9465,100,100
57.9455,100,100
57.9445,100,100
57.9435,100,100
57.9425,100,100
57.9414,100,100
57.9404,100,100
57.9394,100,100
57.9384,100,100
57.9374,100,100
57.9363,100,100
57.9353,100,100
57.9343,100,100
57.9333,100,100
57.9323,100,100
57.9312,100,100
57.9302,100,100
57.9292,100,100
57.9282,100,100
57.9272,100,100
57.9261,100,100
57.9251,100,100
57.9241,100,100
57.9231,100,100
57.9221,100,100
57.921,100,100
57.92,100,100
57.919,100,100
57.918,100,100
57.917,100,100
57.9159,100,100
57.9149,100,100
57.9139,100,100
57.9129,100,100
57.9119,100,100
57.9109,100,100
57.9098,100,100
57.9088,100,100
57.9078,100,100
57.9068,100,100
57.9058,100,100
57.9047,100,100
57.9037,100,100
57.9027,100,100
57.9017,100,100
57.9007,100,100
57.8996,100,100
57.8986,100,100
57.8976,100,100
57.8966,100,100
57.8956,100,100
57.8945,100,100
57.8935,100,100
57.8925,100,100
57.8915,100,100
57.8905,100,100
57.8894,100,100
57.8884,100,100
57.8874,100,100
57.8864,100,100
57.8854,100,100
57.8843,100,100
57.8833,100,100
57.8823,100,100
57.8813,100,100
57.8803,100,100
57.8792,100,100
57.8782,100,100
57.8772,100,100
57.8762,100,100
57.8752,100,100
57.8741,100,100
57.8731,100,100
57.8721,100,100
57.8711,100,100
57.8701,100,100
57.8691,100,100
57.868,100,100
57.867,100,100
57.866,100,100
57.865,100,100
57.864,100,100
57.8629,100,100
57.8619,100,100
57.8608,100,100
57.8598,100,100
57.8587,100,100
57.8577,100,100
57.8566,100,100
57.8555,100,100
57.8545,100,100
57.8534,100,100
57.8524,100,100
57.8513,100,100
57.8503,100,100
57.8492,100,100
57.8482,100,100
57.8471,100,100
57.8461,100,100
57.845,100,100
57.844,100,100
57.8429,100,100
57.8419,100,100
57.8408,100,100
57.8398,100,100
57.8387,100,100
57.8377,100,100
57.8366,100,100
57.8356,100,100
57.8345,100,100
57.8335,100,100
57.8324,100,100
57.8314,100,100
57.8303,100,100
57.8293,100,100
57.8282,100,100
57.8272,100,100
57.8261,100,100
57.8251,100,100
57.824,100,100
57.823,100,100
57.8219,100,100
57.8208,100,100
57.8198,100,100
57.8187,100,100
57.8177,100,100
57.8166,100,100
57.8156,100,100
57.8145,100,100
57.8135,100,100
57.8124,100,100
57.8114,100,100
57.8103,100,100
57.8093,100,100
57.8082,100,100
57.8072,100,100
57.8061,100,100
57.8051,100,100
57.804,100,100
57.803,100,100
57.8019,100,100
57.8009,100,100
57.7998,100,100
57.7988,100,100
57.7977,100,100
57.7967,100,100
57.7956,100,100
57.7946,100,100
57.7935,100,100
57.7925,100,100
57.7914,100,100
57.7904,100,100
57.7893,100,100
57.7883,100,100
57.7872,100,100
57.7861,100,100
57.7851,100,100
57.784,100,100
57.783,100,100
57.7819,100,100
57.7809,100,100
57.7798,100,100
57.7788,100,100
57.7777,100,100
57.7767,100,100
57.7756,100,100
57.7746,100,100
57.7735,100,100
57.7725,100,100
57.7714,100,100
57.7704,100,100
57.7693,100,100
57.7683,100,100
57.7672,100,100
57.7662,100,100
57.7651,100,100
57.7641,100,100
57.763,100,100
57.762,100,100
57.7609,100,100
57.7599,100,100
57.7588,100,100
57.7577,100,100
57.7567,100,100
57.7556,100,100
57.7545,100,100
57.7534,100,100
57.7524,100,100
57.7513,100,100
57.7502,100,100
57.7491,100,100
57.748,100,100
57.747,100,100
57.7459,100,100
57.7448,100,100
57.7437,100,100
57.7427,100,100
57.7416,100,100
57.7405,100,100
57.7394,100,100
57.7384,100,100
57.7373,100,100
57.7362,100,100
57.7351,100,100
57.7341,100,100
57.733,100,100
57.7319,100,100
57.7308,100,100
57.7297,100,100
57.7287,100,100
57.7276,100,100
57.7265,100,100
57.7254,100,100
57.7244,100,100
57.7233,100,100
57.7222,100,100
57.7211,100,100
57.7201,100,100
57.719,100,100
57.7179,100,100
57.7168,100,100
57.7158,100,100
57.7147,100,100
57.7136,100,100
57.7125,100,100
57.7114,100,100
57.7104,100,100
57.7093,100,100
57.7082,100,100
57.7071,100,100
57.7061,100,100
57.705,100,100
57.7039,100,100
57.7028,100,100
57.7018,100,100
57.7007,100,100
57.6996,100,100
57.6985,100,100
57.6975,100,100
57.6964,100,100
57.6953,100,100
57.6942,100,100
57.6931,100,100
57.6921,100,100
57.691,100,100
57.6899,100,100
57.6888,100,100
57.6878,100,100
57.6867,100,100
57.6856,100,100
57.6845,100,100
57.6835,100,100
57.6824,100,100
57.6813,100,100
57.6802,100,100
57.6792,100,100
57.6781,100,100
57.677,100,100
57.6759,100,100
57.6748,100,100
57.6738,100,100
57.6727,100,100
57.6716,100,100
57.6705,100,100
57.6695,100,100
57.6684,100,100
57.6673,100,100
57.6662,100,100
57.6652,100,100
57.6641,100,100
57.663,100,100
57.6619,100,100
57.6608,100,100
57.6598,100,100
57.6587,100,100
57.6576,100,100
57.6565,100,100
57.6555,100,100
57.6544,100,100
57.6533,100,100
57.6522,100,100
57.6512,100,100
57.6501,100,100
57.649,100,100
57.6479,100,100
57.6468,100,100
57.6457,100,100
57.6446,100,100
57.6435,100,100
57.6424,100,100
57.6413,100,100
57.6402,100,100
57.6391,100,100
57.638,100,100
57.6369,100,100
57.6358,100,100
57.6347,100,100
57.6336,100,100
57.6325,100,100
57.6314,100,100
57.6303,100,100
57.6292,100,100
57.6281,100,100
57.627,100,100
57.6259,100,100
57.6249,100,100
57.6238,100,100
57.6227,100,100
57.6216,100,100
57.6205,100,100
57.6194,100,100
57.6183,100,100
57.6172,100,100
57.6161,100,100
57.615,100,100
57.6139,100,100
57.6128,100,100
57.6117,100,100
57.6106,100,100
57.6095,100,100
57.6084,100,100
57.6073,100,100
57.6062,100,100
57.6051,100,100
57.604,100,100
57.6029,100,100
57.6018,100,100
57.6007,100,100
57.5996,100,100
57.5985,100,100
57.5974,100,100
57.5963,100,100
57.5953,100,100
57.5942,100,100
57.5931,100,100
57.592,100,100
57.5909,100,100
57.5898,100,100
57.5887,100,100
57.5876,100,100
57.5865,100,100
57.5854,100,100
57.5843,100,100
57.5832,100,100
57.5821,100,100
57.581,100,100
57.5799,100,100
57.5788,100,100
57.5777,100,100
57.5766,100,100
57.5755,100,100
57.5744,100,100
57.5733,100,100
57.5722,100,100
57.5711,100,100
57.57,100,100
57.5689,100,100
57.5678,100,100
57.5667,100,100
57.5657,100,100
57.5646,100,100
57.5635,100,100
57.5624,100,100
57.5613,100,100
57.5602,100,100
57.5591,100,100
57.558,100,100
57.5569,100,100
57.5558,100,100
57.5547,100,100
57.5536,100,100
57.5525,100,100
57.5514,100,100
57.5503,100,100
57.5492,100,100
57.5481,100,100
57.547,100,100
57.5459,100,100
57.5448,100,100
57.5437,100,100
57.5426,100,100
57.5415,100,100
57.5404,100,100
57.5393,100,100
57.5382,100,100
57.5371,100,100
57.536,100,100
57.5349,100,100
57.5337,100,100
57.5326,100,100
57.5315,100,100
57.5304,100,100
57.5293,100,100
57.5282,100,100
57.5271,100,100
57.526,100,100
57.5249,100,100
57.5237,100,100
57.5226,100,100
57.5215,100,100
57.5204,100,100
57.5193,100,100
57.5182,100,100
57.5171,100,100
57.516,100,100
57.5148,100,100
57.5137,100,100
57.5126,100,100
57.5115,100,100
57.5104,100,100
57.5093,100,100
57.5082,100,100
57.5071,100,100
57.5059,100,100
57.5048,100,100
57.5037,100,100
57.5026,100,100
57.5015,100,100
57.5004,100,100
57.4993,100,100
57.4982,100,100
57.497,100,100
57.4959,100,100
57.4948,100,100
57.4937,100,100
57.4926,100,100
57.4915,100,100
57.4904,100,100
57.4893,100,100
57.4882,100,100
57.487,100,100
57.4859,100,100
57.4848,100,100
57.4837,100,100
57.4826,100,100
57.4815,100,100
57.4804,100,100
57.4793,100,100
57.4781,100,100
57.477,100,100
57.4759,100,100
57.4748,100,100
57.4737,100,100
57.4726,100,100
57.4715,100,100
57.4704,100,100
57.4692,100,100
57.4681,100,100
57.467,100,100
57.4659,100,100
57.4648,100,100
57.4637,100,100
57.4626,100,100
57.4615,100,100
57.4603,100,100
57.4592,100,100
57.4581,100,100
57.457,100,100
57.4559,100,100
57.4548,100,100
57.4537,100,100
57.4526,100,100
57.4515,100,100
57.4503,100,100
57.4492,100,100
57.4481,100,100
57.447,100,100
57.4459,100,100
57.4448,100,100
57.4437,100,100
57.4426,100,100
57.4414,100,100
57.4403,100,100
57.4392,100,100
57.4381,100,100
57.437,100,100
57.4359,100,100
57.4348,100,100
57.4337,100,100
57.4325,100,100
57.4314,100,100
57.4303,100,100
57.4292,100,100
57.4281,100,100
57.427,100,100
57.4258,100,100
57.4247,100,100
57.4236,100,100
57.4225,100,100
57.4213,100,100
57.4202,100,100
57.4191,100,100
57.418,100,100
57.4168,100,100
57.4157,100,100
57.4146,100,100
57.4135,100,100
57.4123,100,100
57.4112,100,100
57.4101,100,100
57.409,100,100
57.4078,100,100
57.4067,100,100
57.4056,100,100
57.4045,100,100
57.4033,100,100
57.4022,100,100
57.4011,100,100
57.4,100,100
57.3988,100,100
57.3977,100,100
57.3966,100,100
57.3955,100,100
57.3943,100,100
57.3932,100,100
57.3921,100,100
57.391,100,100
57.3898,100,100
57.3887,100,100
57.3876,100,100
57.3865,100,100
57.3854,100,100
57.3842,100,100
57.3831,100,100
57.382,100,100
57.3809,100,100
57.3797,100,100
57.3786,100,100
57.3775,100,100
57.3764,100,100
57.3752,100,100
57.3741,100,100
57.373,100,100
57.3719,100,100
57.3707,100,100
57.3696,100,100
57.3685,100,100
57.3674,100,100
57.3662,100,100
57.3651,100,100
57.364,100,100
57.3629,100,100
57.3617,100,100
57.3606,100,100
57.3595,100,100
57.3584,100,100
57.3572,100,100
57.3561,100,100
57.355,100,100
57.3539,100,100
57.3527,100,100
57.3516,100,100
57.3505,100,100
57.3494,100,100
57.3482,100,100
57.3471,100,100
57.346,100,100
57.3449,100,100
57.3437,100,100
57.3426,100,100
57.3415,100,100
57.3404,100,100
57.3393,100,100
57.3381,100,100
57.337,100,100
57.3359,100,100
57.3348,100,100
57.3336,100,100
57.3325,100,100
57.3314,100,100
57.3303,100,100
57.3291,100,100
57.328,100,100
57.3269,100,100
57.3258,100,100
57.3246,100,100
57.3235,100,100
57.3224,100,100
57.3213,100,100
57.3201,100,100
57.319,100,100
57.3179,100,100
57.3168,100,100
57.3156,100,100
57.3145,100,100
57.3134,100,100
57.3122,100,100
57.3111,100,100
57.31,100,100
57.3088,100,100
57.3077,100,100
57.3066,100,100
57.3054,100,100
57.3043,100,100
57.3032,100,100
57.302,100,100
57.3009,100,100
57.2998,100,100
57.2986,100,100
57.2975,100,100
57.2964,100,100
57.2952,100,100
57.2941,100,100
57.293,100,100
57.2918,100,100
57.2907,100,100
57.2896,100,100
57.2884,100,100
57.2873,100,100
57.2862,100,100
57.285,100,100
57.2839,100,100
57.2828,100,100
57.2816,100,100
57.2805,100,100
57.2794,100,100
57.2782,100,100
57.2771,100,100
57.276,100,100
57.2748,100,100
57.2737,100,100
57.2726,100,100
57.2714,100,100
57.2703,100,100
57.2692,100,100
57.268,100,100
57.2669,100,100
57.2657,100,100
57.2646,100,100
57.2635,100,100
57.2623,100,100
57.2612,100,100
57.2601,100,100
57.2589,100,100
57.2578,100,100
57.2567,100,100
57.2555,100,100
57.2544,100,100
57.2533,100,100
57.2521,100,100
57.251,100,100
57.2499,100,100
57.2487,100,100
57.2476,100,100
57.2465,100,100
57.2453,100,100
57.2442,100,100
57.2431,100,100
57.2419,100,100
57.2408,100,100
57.2397,100,100
57.2385,100,100
57.2374,100,100
57.2363,100,100
57.2351,100,100
57.234,100,100
57.2329,100,100
57.2317,100,100
57.2306,100,100
57.2295,100,100
57.2283,100,100
57.2272,100,100
57.2261,100,100
57.2249,100,100
57.2238,100,100
57.2227,100,100
57.2215,100,100
57.2204,100,100
57.2193,100,100
57.2181,100,100
57.217,100,100
57.2159,100,100
57.2147,100,100
57.2136,100,100
57.2125,100,100
57.2113,100,100
57.2102,100,100
57.2091,100,100
57.2079,100,100
57.2068,100,100
57.2057,100,100
57.2045,100,100
57.2034,100,100
57.2023,100,100
57.2011,100,100
57.2,100,100
57.1988,100,100
57.1977,100,100
57.1966,100,100
57.1954,100,100
57.1943,100,100
57.1931,100,100
57.192,100,100
57.1908,100,100
57.1897,100,100
57.1886,100,100
57.1874,100,100
57.1863,100,100
57.1851,100,100
57.184,100,100
57.1829,100,100
57.1817,100,100
57.1806,100,100
57.1794,100,100
57.1783,100,100
57.1772,100,100
57.176,100,100
57.1749,100,100
57.1737,100,100
57.1726,100,100
57.1715,100,100
57.1703,100,100
57.1692,100,100
57.168,100,100
57.1669,100,100
57.1657,100,100
57.1646,100,100
57.1635,100,100
57.1623,100,100
57.1612,100,100
57.16,100,100
57.1589,100,100
57.1578,100,100
57.1566,100,100
57.1555,100,100
57.1543,100,100
57.1532,100,100
57.1521,100,100
57.1509,100,100
57.1498,100,100
57.1486,100,100
57.1475,100,100
57.1464,100,100
57.1452,100,100
57.1441,100,100
57.1429,100,100
57.1418,100,100
57.1406,100,100
57.1395,100,100
57.1384,100,100
57.1372,100,100
57.1361,100,100
57.1349,100,100
57.1338,100,100
57.1327,100,100
57.1315,100,100
57.1304,100,100
57.1292,100,100
57.1281,100,100
57.127,100,100
57.1258,100,100
57.1247,100,100
57.1235,100,100
57.1224,100,100
57.1213,100,100
57.1201,100,100
57.119,100,100
57.1178,100,100
57.1167,100,100
57.1155,100,100
57.1144,100,100
57.1133,100,100
57.1121,100,100
57.111,100,100
57.1098,100,100
57.1087,100,100
57.1076,100,100
57.1064,100,100
57.1053,100,100
57.1041,100,100
57.103,100,100
57.1019,100,100
57.1007,100,100
57.0996,100,100
57.0984,100,100
57.0973,100,100
57.0962,100,100
57.095,100,100
57.0939,100,100
57.0927,100,100
57.0916,100,100
57.0904,100,100
57.0893,100,100
57.0882,100,100
57.087,100,100
57.0859,100,100
57.0847,100,100
57.0836,100,100
57.0824,100,100
57.0813,100,100
57.0801,100,100
57.079,100,100
57.0778,100,100
57.0767,100,100
57.0755,100,100
57.0744,100,100
57.0732,100,100
57.0721,100,100
57.0709,100,100
57.0698,100,100
57.0687,100,100
57.0675,100,100
57.0664,100,100
57.0652,100,100
57.0641,100,100
57.0629,100,100
57.0618,100,100
57.0606,100,100
57.0595,100,100
57.0583,100,100
57.0572,100,100
57.056,100,100
57.0549,100,100
57.0537,100,100
57.0526,100,100
57.0514,100,100
57.0503,100,100
57.0492,100,100
57.048,100,100
57.0469,100,100
57.0457,100,100
57.0446,100,100
57.0434,100,100
57.0423,100,100
57.0411,100,100
57.04,100,100
57.0388,100,100
57.0377,100,100
57.0365,100,100
57.0354,100,100
57.0342,100,100
57.0331,100,100
57.0319,100,100
57.0308,100,100
57.0297,100,100
57.0285,100,100
57.0274,100,100
57.0262,100,100
57.0251,100,100
57.0239,100,100
57.0228,100,100
57.0216,100,100
57.0205,100,100
57.0193,100,100
57.0182,100,100
57.017,100,100
57.0159,100,100
57.0147,100,100
57.0136,100,100
57.0124,100,100
57.0113,100,100
57.0102,100,100
57.009,100,100
57.0079,100,100
57.0067,100,100
57.0056,100,100
57.0044,100,100
57.0033,100,100
57.0021,100,100
57.001,100,100
56.9998,100,100
56.9987,100,100
56.9975,100,100
56.9964,100,100
56.9952,100,100
56.9941,100,100
56.9929,100,100
56.9918,100,100
56.9906,100,100
56.9895,100,100
56.9884,100,100
56.9872,100,100
56.9861,100,100
56.9849,100,100
56.9838,100,100
56.9826,100,100
56.9815,100,100
56.9803,100,100
56.9792,100,100
56.978,100,100
56.9769,100,100
56.9757,100,100
56.9746,100,100
56.9734,100,100
56.9723,100,100
56.9711,100,100
56.97,100,100
56.9688,100,100
56.9677,100,100
56.9665,100,100
56.9654,100,100
56.9642,100,100
56.963,100,100
56.9619,100,100
56.9607,100,100
56.9596,100,100
56.9584,100,100
56.9573,100,100
56.9561,100,100
56.955,100,100
56.9538,100,100
56.9527,100,100
56.9515,100,100
56.9504,100,100
56.9492,100,100
56.948,100,100
56.9469,100,100
56.9457,100,100
56.9446,100,100
56.9434,100,100
56.9423,100,100
56.9411,100,100
56.94,100,100
56.9388,100,100
56.9377,100,100
56.9365,100,100
56.9354,100,100
56.9342,100,100
56.9331,100,100
56.9319,100,100
56.9307,100,100
56.9296,100,100
56.9284,100,100
56.9273,100,100
56.9261,100,100
56.925,100,100
56.9238,100,100
56.9227,100,100
56.9215,100,100
56.9204,100,100
56.9192,100,100
56.9181,100,100
56.9169,100,100
56.9157,100,100
56.9146,100,100
56.9134,100,100
56.9123,100,100
56.9111,100,100
56.91,100,100
56.9088,100,100
56.9077,100,100
56.9065,100,100
56.9054,100,100
56.9042,100,100
56.9031,100,100
56.9019,100,100
56.9007,100,100
56.8996,100,100
56.8984,100,100
56.8973,100,100
56.8961,100,100
56.895,100,100
56.8938,100,100
56.8927,100,100
56.8915,100,100
56.8904,100,100
56.8892,100,100
56.8881,100,100
56.8869,100,100
56.8857,100,100
56.8846,100,100
56.8834,100,100
56.8823,100,100
56.8811,100,100
56.88,100,100
56.8788,100,100
56.8777,100,100
56.8765,100,100
56.8754,100,100
56.8742,100,100
56.8731,100,100
56.8719,100,100
56.8708,100,100
56.8696,100,100
56.8684,100,100
56.8673,100,100
56.8661,100,100
56.865,100,100
56.8638,100,100
56.8627,100,100
56.8615,100,100
56.8604,100,100
56.8592,100,100
56.8581,100,100
56.8569,100,100
56.8557,100,100
56.8546,100,100
56.8534,100,100
56.8523,100,100
56.8511,100,100
56.8499,100,100
56.8488,100,100
56.8476,100,100
56.8465,100,100
56.8453,100,100
56.8442,100,100
56.843,100,100
56.8418,100,100
56.8407,100,100
56.8395,100,100
56.8384,100,100
56.8372,100,100
56.8361,100,100
56.8349,100,100
56.8337,100,100
56.8326,100,100
56.8314,100,100
56.8303,100,100
56.8291,100,100
56.828,100,100
56.8268,100,100
56.8256,100,100
56.8245,100,100
56.8233,100,100
56.8222,100,100
56.821,100,100
56.8198,100,100
56.8187,100,100
56.8175,100,100
56.8164,100,100
56.8152,100,100
56.8141,100,100
56.8129,100,100
56.8117,100,100
56.8106,100,100
56.8094,100,100
56.8083,100,100
56.8071,100,100
56.806,100,100
56.8048,100,100
56.8036,100,100
56.8025,100,100
56.8013,100,100
56.8002,100,100
56.799,100,100
56.7978,100,100
56.7967,100,100
56.7955,100,100
56.7944,100,100
56.7932,100,100
56.7921,100,100
56.7909,100,100
56.7897,100,100
56.7886,100,100
56.7874,100,100
56.7863,100,100
56.7851,100,100
56.784,100,100
56.7828,100,100
56.7816,100,100
56.7805,100,100
56.7793,100,100
56.7782,100,100
56.777,100,100
56.7759,100,100
56.7747,100,100
56.7735,100,100
56.7724,100,100
56.7712,100,100
56.7701,100,100
56.7689,100,100
56.7677,100,100
56.7666,100,100
56.7654,100,100
56.7643,100,100
56.7631,100,100
56.762,100,100
56.7608,100,100
56.7596,100,100
56.7585,100,100
56.7573,100,100
56.7562,100,100
56.755,100,100
56.7539,100,100
56.7527,100,100
56.7515,100,100
56.7504,100,100
56.7492,100,100
56.7481,100,100
56.7469,100,100
56.7457,100,100
56.7446,100,100
56.7434,100,100
56.7423,100,100
56.7411,100,100
56.74,100,100
56.7388,100,100
56.7376,100,100
56.7365,100,100
56.7353,100,100
56.7342,100,100
56.733,100,100
56.7318,100,100
56.7307,100,100
56.7295,100,100
56.7284,100,100
56.7272,100,100
56.726,100,100
56.7249,100,100
56.7237,100,100
56.7226,100,100
56.7214,100,100
56.7202,100,100
56.7191,100,100
56.7179,100,100
56.7168,100,100
56.7156,100,100
56.7144,100,100
56.7133,100,100
56.7121,100,100
56.711,100,100
56.7098,100,100
56.7086,100,100
56.7075,100,100
56.7063,100,100
56.7052,100,100
56.704,100,100
56.7028,100,100
56.7017,100,100
56.7005,100,100
56.6994,100,100
56.6982,100,100
56.6971,100,100
56.6959,100,100
56.6947,100,100
56.6936,100,100
56.6924,100,100
56.6913,100,100
56.6901,100,100
56.6889,100,100
56.6878,100,100
56.6866,100,100
56.6855,100,100
56.6843,100,100
56.6831,100,100
56.682,100,100
56.6808,100,100
56.6797,100,100
56.6785,100,100
56.6773,100,100
56.6762,100,100
56.675,100,100
56.6739,100,100
56.6727,100,100
56.6715,100,100
56.6704,100,100
56.6692,100,100
56.6681,100,100
56.6669,100,100
56.6657,100,100
56.6646,100,100
56.6634,100,100
56.6623,100,100
56.6611,100,100
56.6599,100,100
56.6588,100,100
56.6576,100,100
56.6565,100,100
56.6553,100,100
56.6541,100,100
56.653,100,100
56.6518,100,100
56.6507,100,100
56.6495,100,100
56.6484,100,100
56.6472,100,100
56.646,100,100
56.6449,100,100
56.6437,100,100
56.6426,100,100
56.6414,100,100
56.6402,100,100
56.6391,100,100
56.6379,100,100
56.6368,100,100
56.6356,100,100
56.6344,100,100
56.6333,100,100
56.6321,100,100
56.631,100,100
56.6298,100,100
56.6286,100,100
56.6275,100,100
56.6263,100,100
56.6251,100,100
56.624,100,100
56.6228,100,100
56.6217,100,100
56.6205,100,100
56.6193,100,100
56.6182,100,100
56.617,100,100
56.6158,100,100
56.6147,100,100
56.6135,100,100
56.6123,100,100
56.6112,100,100
56.61,100,100
56.6088,100,100
56.6077,100,100
56.6065,100,100
56.6054,100,100
56.6042,100,100
56.603,100,100
56.6019,100,100
56.6007,100,100
56.5995,100,100
56.5984,100,100
56.5972,100,100
56.596,100,100
56.5949,100,100
56.5937,100,100
56.5925,100,100
56.5914,100,100
56.5902,100,100
56.589,100,100
56.5879,100,100
56.5867,100,100
56.5856,100,100
56.5844,100,100
56.5832,100,100
56.5821,100,100
56.5809,100,100
56.5797,100,100
56.5786,100,100
56.5774,100,100
56.5762,100,100
56.5751,100,100
56.5739,100,100
56.5727,100,100
56.5716,100,100
56.5704,100,100
56.5693,100,100
56.5681,100,100
56.5669,100,100
56.5658,100,100
56.5646,100,100
56.5634,100,100
56.5623,100,100
56.5611,100,100
56.5599,100,100
56.5588,100,100
56.5576,100,100
56.5564,100,100
56.5553,100,100
56.5541,100,100
56.553,100,100
56.5518,100,100
56.5506,100,100
56.5495,100,100
56.5483,100,100
56.5471,100,100
56.546,100,100
56.5448,100,100
56.5436,100,100
56.5425,100,100
56.5413,100,100
56.5401,100,100
56.539,100,100
56.5378,100,100
56.5367,100,100
56.5355,100,100
56.5343,100,100
56.5332,100,100
56.532,100,100
56.5308,100,100
56.5297,100,100
56.5285,100,100
56.5273,100,100
56.5262,100,100
56.525,100,100
56.5238,100,100
56.5227,100,100
56.5215,100,100
56.5203,100,100
56.5192,100,100
56.518,100,100
56.5169,100,100
56.5157,100,100
56.5145,100,100
56.5134,100,100
56.5122,100,100
56.511,100,100
56.5099,100,100
56.5087,100,100
56.5075,100,100
56.5064,100,100
56.5052,100,100
56.504,100,100
56.5029,100,100
56.5017,100,100
56.5006,100,100
56.4994,100,100
56.4982,100,100
56.4971,100,100
56.4959,100,100
56.4947,100,100
56.4936,100,100
56.4924,100,100
56.4912,100,100
56.4901,100,100
56.4889,100,100
56.4877,100,100
56.4866,100,100
56.4854,100,100
56.4842,100,100
56.4831,100,100
56.4819,100,100
56.4808,100,100
56.4796,100,100
56.4784,100,100
56.4773,100,100
56.4761,100,100
56.4749,100,100
56.4738,100,100
56.4726,100,100
56.4714,100,100
56.4703,100,100
56.4691,100,100
56.4679,100,100
56.4668,100,100
56.4656,100,100
56.4644,100,100
56.4633,100,100
56.4621,100,100
56.461,100,100
56.4598,100,100
56.4586,100,100
56.4575,100,100
56.4563,100,100
56.4551,100,100
56.454,100,100
56.4528,100,100
56.4516,100,100
56.4505,100,100
56.4493,100,100
56.4481,100,100
56.447,100,100
56.4458,100,100
56.4446,100,100
56.4435,100,100
56.4423,100,100
56.4412,100,100
56.44,100,100
56.4388,100,100
56.4377,100,100
56.4365,100,100
56.4353,100,100
56.4342,100,100
56.433,100,100
56.4318,100,100
56.4307,100,100
56.4295,100,100
56.4283,100,100
56.4272,100,100
56.426,100,100
56.4248,100,100
56.4237,100,100
56.4225,100,100
56.4214,100,100
56.4202,100,100
56.419,100,100
56.4179,100,100
56.4167,100,100
56.4155,100,100
56.4144,100,100
56.4132,100,100
56.412,100,100
56.4109,100,100
56.4097,100,100
56.4085,100,100
56.4074,100,100
56.4062,100,100
56.405,100,100
56.4039,100,100
56.4027,100,100
56.4016,100,100
56.4004,100,100
56.3992,100,100
56.3981,100,100
56.3969,100,100
56.3957,100,100
56.3946,100,100
56.3934,100,100
56.3922,100,100
56.3911,100,100
56.3899,100,100
56.3887,100,100
56.3876,100,100
56.3864,100,100
56.3853,100,100
56.3841,100,100
56.3829,100,100
56.3818,100,100
56.3806,100,100
56.3794,100,100
56.3783,100,100
56.3771,100,100
56.3759,100,100
56.3748,100,100
56.3736,100,100
56.3724,100,100
56.3713,100,100
56.3701,100,100
56.3689,100,100
56.3678,100,100
56.3666,100,100
56.3655,100,100
56.3643,100,100
56.3631,100,100
56.362,100,100
56.3608,100,100
56.3596,100,100
56.3585,100,100
56.3573,100,100
56.3561,100,100
56.355,100,100
56.3538,100,100
56.3526,100,100
56.3515,100,100
56.3503,100,100
56.3491,100,100
56.348,100,100
56.3468,100,100
56.3457,100,100
56.3445,100,100
56.3433,100,100
56.3422,100,100
56.341,100,100
56.3398,100,100
56.3387,100,100
56.3375,100,100
56.3363,100,100
56.3352,100,100
56.334,100,100
56.3328,100,100
56.3317,100,100
56.3305,100,100
56.3293,100,100
56.3282,100,100
56.327,100,100
56.3259,100,100
56.3247,100,100
56.3235,100,100
56.3224,100,100
56.3212,100,100
56.32,100,100
56.3189,100,100
56.3177,100,100
56.3165,100,100
56.3154,100,100
56.3142,100,100
56.313,100,100
56.3119,100,100
56.3107,100,100
56.3095,100,100
56.3084,100,100
56.3072,100,100
56.3061,100,100
56.3049,100,100
56.3037,100,100
56.3026,100,100
56.3014,100,100
56.3002,100,100
56.2991,100,100
56.2979,100,100
56.2967,100,100
56.2956,100,100
56.2944,100,100
56.2932,100,100
56.2921,100,100
56.2909,100,100
56.2897,100,100
56.2886,100,100
56.2874,100,100
56.2863,100,100
56.2851,100,100
56.2839,100,100
56.2828,100,100
56.2816,100,100
56.2804,100,100
56.2793,100,100
56.2781,100,100
56.2769,100,100
56.2758,100,100
56.2746,100,100
56.2734,100,100
56.2723,100,100
56.2711,100,100
56.27,100,100
56.2688,100,100
56.2676,100,100
56.2665,100,100
56.2653,100,100
56.2641,100,100
56.263,100,100
56.2618,100,100
56.2606,100,100
56.2595,100,100
56.2583,100,100
56.2571,100,100
56.256,100,100
56.2548,100,100
56.2536,100,100
56.2525,100,100
56.2513,100,100
56.2502,100,100
56.249,100,100
56.2478,100,100
56.2467,100,100
56.2455,100,100
56.2443,100,100
56.2432,100,100
56.242,100,100
56.2408,100,100
56.2397,100,100
56.2385,100,100
56.2373,100,100
56.2362,100,100
56.235,100,100
56.2338,100,100
56.2327,100,100
56.2315,100,100
56.2304,100,100
56.2292,100,100
56.228,100,100
56.2269,100,100
56.2257,100,100
56.2245,100,100
56.2234,100,100
56.2222,100,100
56.221,100,100
56.2199,100,100
56.2187,100,100
56.2175,100,100
56.2164,100,100
56.2152,100,100
56.214,100,100
56.2129,100,100
56.2117,100,100
56.2106,100,100
56.2094,100,100
56.2082,100,100
56.2071,100,100
56.2059,100,100
56.2047,100,100
56.2036,100,100
56.2024,100,100
56.2012,100,100
56.2001,100,100
56.1989,100,100
56.1977,100,100
56.1966,100,100
56.1954,100,100
56.1942,100,100
56.1931,100,100
56.1919,100,100
56.1908,100,100
56.1896,100,100
56.1884,100,100
56.1873,100,100
56.1861,100,100
56.1849,100,100
56.1838,100,100
56.1826,100,100
56.1814,100,100
56.1803,100,100
56.1791,100,100
56.1779,100,100
56.1768,100,100
56.1756,100,100
56.1744,100,100
56.1733,100,100
56.1721,100,100
56.171,100,100
56.1698,100,100
56.1686,100,100
56.1675,100,100
56.1663,100,100
56.1651,100,100
56.164,100,100
56.1628,100,100
56.1616,100,100
56.1605,100,100
56.1593,100,100
56.1581,100,100
56.157,100,100
56.1558,100,100
56.1546,100,100
56.1535,100,100
56.1523,100,100
56.1511,100,100
56.15,100,100
56.1488,100,100
56.1476,100,100
56.1465,100,100
56.1453,100,100
56.1442,100,100
56.143,100,100
56.1418,100,100
56.1407,100,100
56.1395,100,100
56.1383,100,100
56.1372,100,100
56.136,100,100
56.1348,100,100
56.1337,100,100
56.1325,100,100
56.1313,100,100
56.1302,100,100
56.129,100,100
56.1278,100,100
56.1267,100,100
56.1255,100,100
56.1243,100,100
56.1232,100,100
56.122,100,100
56.1208,100,100
56.1197,100,100
56.1185,100,100
56.1173,100,100
56.1162,100,100
56.115,100,100
56.1138,100,100
56.1127,100,100
56.1115,100,100
56.1103,100,100
56.1092,100,100
56.108,100,100
56.1068,100,100
56.1057,100,100
56.1045,100,100
56.1034,100,100
56.1022,100,100
56.101,100,100
56.0999,100,100
56.0987,100,100
56.0975,100,100
56.0964,100,100
56.0952,100,100
56.094,100,100
56.0929,100,100
56.0917,100,100
56.0905,100,100
56.0894,100,100
56.0882,100,100
56.087,100,100
56.0859,100,100
56.0847,100,100
56.0835,100,100
56.0824,100,100
56.0812,100,100
56.08,100,100
56.0789,100,100
56.0777,100,100
56.0765,100,100
56.0754,100,100
56.0742,100,100
56.073,100,100
56.0719,100,100
56.0707,100,100
56.0695,100,100
56.0684,100,100
56.0672,100,100
56.066,100,100
56.0649,100,100
56.0637,100,100
56.0625,100,100
56.0614,100,100
56.0602,100,100
56.0591,100,100
56.0579,100,100
56.0567,100,100
56.0556,100,100
56.0544,100,100
56.0532,100,100
56.0521,100,100
56.0509,100,100
56.0497,100,100
56.0486,100,100
56.0474,100,100
56.0462,100,100
56.0451,100,100
56.0439,100,100
56.0427,100,100
56.0416,100,100
56.0404,100,100
56.0392,100,100
56.038,100,100
56.0369,100,100
56.0357,100,100
56.0345,100,100
56.0334,100,100
56.0322,100,100
56.031,100,100
56.0299,100,100
56.0287,100,100
56.0275,100,100
56.0263,100,100
56.0252,100,100
56.024,100,100
56.0228,100,100
56.0217,100,100
56.0205,100,100
56.0193,100,100
56.0182,100,100
56.017,100,100
56.0158,100,100
56.0146,100,100
56.0135,100,100
56.0123,100,100
56.0111,100,100
56.01,100,100
56.0088,100,100
56.0076,100,100
56.0065,100,100
56.0053,100,100
56.0041,100,100
56.0029,100,100
56.0018,100,100
56.0006,100,100
55.9994,100,100
55.9983,100,100
55.9971,100,100
55.9959,100,100
55.9948,100,100
55.9936,100,100
55.9924,100,100
55.9913,100,100
55.9901,100,100
55.9889,100,100
55.9877,100,100
55.9866,100,100
55.9854,100,100
55.9842,100,100
55.9831,100,100
55.9819,100,100
55.9807,100,100
55.9796,100,100
55.9784,100,100
55.9772,100,100
55.976,100,100
55.9749,100,100
55.9737,100,100
55.9725,100,100
55.9714,100,100
55.9702,100,100
55.969,100,100
55.9679,100,100
55.9667,100,100
55.9655,100,100
55.9643,100,100
55.9632,100,100
55.962,100,100
55.9608,100,100
55.9597,100,100
55.9585,100,100
55.9573,100,100
55.9562,100,100
55.955,100,100
55.9538,100,100
55.9526,100,100
55.9515,100,100
55.9503,100,100
55.9491,100,100
55.948,100,100
55.9468,100,100
55.9456,100,100
55.9445,100,100
55.9433,100,100
55.9421,100,100
55.9409,100,100
55.9398,100,100
55.9386,100,100
55.9374,100,100
55.9363,100,100
55.9351,100,100
55.9339,100,100
55.9328,100,100
55.9316,100,100
55.9304,100,100
55.9293,100,100
55.9281,100,100
55.9269,100,100
55.9257,100,100
55.9246,100,100
55.9234,100,100
55.9222,100,100
55.9211,100,100
55.9199,100,100
55.9187,100,100
55.9176,100,100
55.9164,100,100
55.9152,100,100
55.914,100,100
55.9129,100,100
55.9117,100,100
55.9105,100,100
55.9094,100,100
55.9082,100,100
55.907,100,100
55.9059,100,100
55.9047,100,100
55.9035,100,100
55.9023,100,100
55.9012,100,100
55.9,100,100
55.8988,100,100
55.8977,100,100
55.8965,100,100
55.8953,100,100
55.8942,100,100
55.893,100,100
55.8918,100,100
55.8906,100,100
55.8895,100,100
55.8883,100,100
55.8871,100,100
55.886,100,100
55.8848,100,100
55.8836,100,100
55.8825,100,100
55.8813,100,100
55.8801,100,100
55.879,100,100
55.8778,100,100
55.8766,100,100
55.8754,100,100
55.8743,100,100
55.8731,100,100
55.8719,100,100
55.8708,100,100
55.8696,100,100
55.8684,100,100
55.8673,100,100
55.8661,100,100
55.8649,100,100
55.8637,100,100
55.8626,100,100
55.8614,100,100
55.8602,100,100
55.8591,100,100
55.8579,100,100
55.8567,100,100
55.8556,100,100
55.8544,100,100
55.8532,100,100
55.852,100,100
55.8509,100,100
55.8497,100,100
55.8485,100,100
55.8474,100,100
55.8462,100,100
55.845,100,100
55.8439,100,100
55.8427,100,100
55.8415,100,100
55.8403,100,100
55.8392,100,100
55.838,100,100
55.8368,100,100
55.8357,100,100
55.8345,100,100
55.8333,100,100
55.8322,100,100
55.831,100,100
55.8298,100,100
55.8287,100,100
55.8275,100,100
55.8263,100,100
55.8251,100,100
55.824,100,100
55.8228,100,100
55.8216,100,100
55.8205,100,100
55.8193,100,100
55.8181,100,100
55.817,100,100
55.8158,100,100
55.8146,100,100
55.8134,100,100
55.8123,100,100
55.8111,100,100
55.8099,100,100
55.8088,100,100
55.8076,100,100
55.8064,100,100
55.8053,100,100
55.8041,100,100
55.8029,100,100
55.8017,100,100
55.8006,100,100
55.7994,100,100
55.7982,100,100
55.7971,100,100
55.7959,100,100
55.7947,100,100
55.7936,100,100
55.7924,100,100
55.7912,100,100
55.79,100,100
55.7889,100,100
55.7877,100,100
55.7865,100,100
55.7854,100,100
55.7842,100,100
55.783,100,100
55.7819,100,100
55.7807,100,100
55.7795,100,100
55.7783,100,100
55.7772,100,100
55.776,100,100
55.7748,100,100
55.7737,100,100
55.7725,100,100
55.7713,100,100
55.7702,100,100
55.769,100,100
55.7678,100,100
55.7667,100,100
55.7655,100,100
55.7643,100,100
55.7631,100,100
55.762,100,100
55.7608,100,100
55.7596,100,100
55.7585,100,100
55.7573,100,100
55.7561,100,100
55.755,100,100
55.7538,100,100
55.7526,100,100
55.7514,100,100
55.7503,100,100
55.7491,100,100
55.7479,100,100
55.7468,100,100
55.7456,100,100
55.7444,100,100
55.7433,100,100
55.7421,100,100
55.7409,100,100
55.7397,100,100
55.7386,100,100
55.7374,100,100
55.7362,100,100
55.7351,100,100
55.7339,100,100
55.7327,100,100
55.7316,100,100
55.7304,100,100
55.7292,100,100
55.728,100,100
55.7269,100,100
55.7257,100,100
55.7245,100,100
55.7234,100,100
55.7222,100,100
55.721,100,100
55.7199,100,100
55.7187,100,100
55.7175,100,100
55.7164,100,100
55.7152,100,100
55.714,100,100
55.7128,100,100
55.7117,100,100
55.7105,100,100
55.7093,100,100
55.7082,100,100
55.707,100,100
55.7058,100,100
55.7047,100,100
55.7035,100,100
55.7023,100,100
55.7011,100,100
55.7,100,100
55.6988,100,100
55.6976,100,100
55.6965,100,100
55.6953,100,100
55.6941,100,100
55.693,100,100
55.6918,100,100
55.6906,100,100
55.6894,100,100
55.6883,100,100
55.6871,100,100
55.6859,100,100
55.6848,100,100
55.6836,100,100
55.6824,100,100
55.6813,100,100
55.6801,100,100
55.6789,100,100
55.6777,100,100
55.6766,100,100
55.6754,100,100
55.6742,100,100
55.6731,100,100
55.6719,100,100
55.6707,100,100
55.6696,100,100
55.6684,100,100
55.6672,100,100
55.6661,100,100
55.6649,100,100
55.6637,100,100
55.6625,100,100
55.6614,100,100
55.6602,100,100
55.659,100,100
55.6579,100,100
55.6567,100,100
55.6555,100,100
55.6544,100,100
55.6532,100,100
55.652,100,100
55.6508,100,100
55.6497,100,100
55.6485,100,100
55.6473,100,100
55.6462,100,100
55.645,100,100
55.6438,100,100
55.6427,100,100
55.6415,100,100
55.6403,100,100
55.6391,100,100
55.638,100,100
55.6368,100,100
55.6356,100,100
55.6345,100,100
55.6333,100,100
55.6321,100,100
55.631,100,100
55.6298,100,100
55.6286,100,100
55.6274,100,100
55.6263,100,100
55.6251,100,100
55.6239,100,100
55.6228,100,100
55.6216,100,100
55.6204,100,100
55.6193,100,100
55.6181,100,100
55.6169,100,100
55.6157,100,100
55.6146,100,100
55.6134,100,100
55.6122,100,100
55.6111,100,100
55.6099,100,100
55.6087,100,100
55.6076,100,100
55.6064,100,100
55.6052,100,100
55.6041,100,100
55.6029,100,100
55.6017,100,100
55.6005,100,100
55.5994,100,100
55.5982,100,100
55.597,100,100
55.5959,100,100
55.5947,100,100
55.5935,100,100
55.5924,100,100
55.5912,100,100
55.59,100,100
55.5888,100,100
55.5877,100,100
55.5865,100,100
55.5853,100,100
55.5842,100,100
55.583,100,100
55.5818,100,100
55.5807,100,100
55.5795,100,100
55.5783,100,100
55.5771,100,100
55.576,100,100
55.5748,100,100
55.5736,100,100
55.5725,100,100
55.5713,100,100
55.5701,100,100
55.569,100,100
55.5678,100,100
55.5666,100,100
55.5654,100,100
55.5643,100,100
55.5631,100,100
55.5619,100,100
55.5608,100,100
55.5596,100,100
55.5584,100,100
55.5573,100,100
55.5561,100,100
55.5549,100,100
55.5538,100,100
55.5526,100,100
55.5514,100,100
55.5502,100,100
55.5491,100,100
55.5479,100,100
55.5467,100,100
55.5456,100,100
55.5444,100,100
55.5432,100,100
55.5421,100,100
55.5409,100,100
55.5397,100,100
55.5385,100,100
55.5374,100,100
55.5362,100,100
55.535,100,100
55.5339,100,100
55.5327,100,100
55.5315,100,100
55.5304,100,100
55.5292,100,100
55.528,100,100
55.5268,100,100
55.5257,100,100
55.5245,100,100
55.5233,100,100
55.5222,100,100
55.521,100,100
55.5198,100,100
55.5187,100,100
55.5175,100,100
55.5163,100,100
55.5151,100,100
55.514,100,100
55.5128,100,100
55.5116,100,100
55.5105,100,100
55.5093,100,100
55.5081,100,100
55.507,100,100
55.5058,100,100
55.5046,100,100
55.5034,100,100
55.5023,100,100
55.5011,100,100
55.4999,100,100
55.4988,100,100
55.4976,100,100
55.4964,100,100
55.4953,100,100
55.4941,100,100
55.4929,100,100
55.4918,100,100
55.4906,100,100
55.4894,100,100
55.4882,100,100
55.4871,100,100
55.4859,100,100
55.4847,100,100
55.4836,100,100
55.4824,100,100
55.4812,100,100
55.4801,100,100
55.4789,100,100
55.4777,100,100
55.4765,100,100
55.4754,100,100
55.4742,100,100
55.473,100,100
55.4719,100,100
55.4707,100,100
55.4695,100,100
55.4684,100,100
55.4672,100,100
55.466,100,100
55.4648,100,100
55.4637,100,100
55.4625,100,100
55.4613,100,100
55.4602,100,100
55.459,100,100
55.4578,100,100
55.4567,100,100
55.4555,100,100
55.4543,100,100
55.4531,100,100
55.452,100,100
55.4508,100,100
55.4496,100,100
55.4485,100,100
55.4473,100,100
55.4461,100,100
55.445,100,100
55.4438,100,100
55.4426,100,100
55.4415,100,100
55.4403,100,100
55.4391,100,100
55.4379,100,100
55.4368,100,100
55.4356,100,100
55.4344,100,100
55.4333,100,100
55.4321,100,100
55.4309,100,100
55.4298,100,100
55.4286,100,100
55.4274,100,100
55.4262,100,100
55.4251,100,100
55.4239,100,100
55.4227,100,100
55.4216,100,100
55.4204,100,100
55.4192,100,100
55.4181,100,100
55.4169,100,100
55.4157,100,100
55.4145,100,100
55.4134,100,100
55.4122,100,100
55.411,100,100
55.4099,100,100
55.4087,100,100
55.4075,100,100
55.4064,100,100
55.4052,100,100
55.404,100,100
55.4028,100,100
55.4017,100,100
55.4005,100,100
55.3993,100,100
55.3982,100,100
55.397,100,100
55.3958,100,100
55.3947,100,100
55.3935,100,100
55.3923,100,100
55.3912,100,100
55.39,100,100
55.3888,100,100
55.3876,100,100
55.3865,100,100
55.3853,100,100
55.3841,100,100
55.383,100,100
55.3818,100,100
55.3806,100,100
55.3795,100,100
55.3783,100,100
55.3771,100,100
55.3759,100,100
55.3748,100,100
55.3736,100,100
55.3724,100,100
55.3713,100,100
55.3701,100,100
55.3689,100,100
55.3678,100,100
55.3666,100,100
55.3654,100,100
55.3642,100,100
55.3631,100,100
55.3619,100,100
55.3607,100,100
55.3596,100,100
55.3584,100,100
55.3572,100,100
55.3561,100,100
55.3549,100,100
55.3537,100,100
55.3525,100,100
55.3514,100,100
55.3502,100,100
55.349,100,100
55.3479,100,100
55.3467,100,100
55.3455,100,100
55.3444,100,100
55.3432,100,100
55.342,100,100
55.3408,100,100
55.3397,100,100
55.3385,100,100
55.3373,100,100
55.3362,100,100
55.335,100,100
55.3338,100,100
55.3327,100,100
55.3315,100,100
55.3303,100,100
55.3292,100,100
55.328,100,100
55.3268,100,100
55.3256,100,100
55.3245,100,100
55.3233,100,100
55.3221,100,100
55.321,100,100
55.3198,100,100
55.3186,100,100
55.3175,100,100
55.3163,100,100
55.3151,100,100
55.3139,100,100
55.3128,100,100
55.3116,100,100
55.3104,100,100
55.3093,100,100
55.3081,100,100
55.3069,100,100
55.3058,100,100
55.3046,100,100
55.3034,100,100
55.3022,100,100
55.3011,100,100
55.2999,100,100
55.2987,100,100
55.2976,100,100
55.2964,100,100
55.2952,100,100
55.2941,100,100
55.2929,100,100
55.2917,100,100
55.2905,100,100
55.2894,100,100
55.2882,100,100
55.287,100,100
55.2859,100,100
55.2847,100,100
55.2835,100,100
55.2824,100,100
55.2812,100,100
55.28,100,100
55.2789,100,100
55.2777,100,100
55.2765,100,100
55.2753,100,100
55.2742,100,100
55.273,100,100
55.2718,100,100
55.2707,100,100
55.2695,100,100
55.2683,100,100
55.2672,100,100
55.266,100,100
55.2648,100,100
55.2636,100,100
55.2625,100,100
55.2613,100,100
55.2601,100,100
55.259,100,100
55.2578,100,100
55.2566,100,100
55.2555,100,100
55.2543,100,100
55.2531,100,100
55.2519,100,100
55.2508,100,100
55.2496,100,100
55.2484,100,100
55.2473,100,100
55.2461,100,100
55.2449,100,100
55.2438,100,100
55.2426,100,100
55.2414,100,100
55.2402,100,100
55.2391,100,100
55.2379,100,100
55.2367,100,100
55.2356,100,100
55.2344,100,100
55.2332,100,100
55.2321,100,100
55.2309,100,100
55.2297,100,100
55.2286,100,100
55.2274,100,100
55.2262,100,100
55.225,100,100
55.2239,100,100
55.2227,100,100
55.2215,100,100
55.2204,100,100
55.2192,100,100
55.218,100,100
55.2169,100,100
55.2157,100,100
55.2145,100,100
55.2133,100,100
55.2122,100,100
55.211,100,100
55.2098,100,100
55.2087,100,100
55.2075,100,100
55.2063,100,100
55.2052,100,100
55.204,100,100
55.2028,100,100
55.2016,100,100
55.2005,100,100
55.1993,100,100
55.1981,100,100
55.197,100,100
55.1958,100,100
55.1946,100,100
55.1935,100,100
55.1923,100,100
55.1911,100,100
55.1899,100,100
55.1888,100,100
55.1876,100,100
55.1864,100,100
55.1853,100,100
55.1841,100,100
55.1829,100,100
55.1818,100,100
55.1806,100,100
55.1794,100,100
55.1782,100,100
55.1771,100,100
55.1759,100,100
55.1747,100,100
55.1736,100,100
55.1724,100,100
55.1712,100,100
55.1701,100,100
55.1689,100,100
55.1677,100,100
55.1666,100,100
55.1654,100,100
55.1642,100,100
55.163,100,100
55.1619,100,100
55.1607,100,100
55.1595,100,100
55.1584,100,100
55.1572,100,100
55.156,100,100
55.1549,100,100
55.1537,100,100
55.1525,100,100
55.1513,100,100
55.1502,100,100
55.149,100,100
55.1478,100,100
55.1467,100,100
55.1455,100,100
55.1443,100,100
55.1432,100,100
55.142,100,100
55.1408,100,100
55.1396,100,100
55.1385,100,100
55.1373,100,100
55.1361,100,100
55.135,100,100
55.1338,100,100
55.1326,100,100
55.1315,100,100
55.1303,100,100
55.1291,100,100
55.1279,100,100
55.1268,100,100
55.1256,100,100
55.1244,100,100
55.1233,100,100
55.1221,100,100
55.1209,100,100
55.1198,100,100
55.1186,100,100
55.1174,100,100
55.1163,100,100
55.1151,100,100
55.1139,100,100
55.1127,100,100
55.1116,100,100
55.1104,100,100
55.1092,100,100
55.1081,100,100
55.1069,100,100
55.1057,100,100
55.1045,100,100
55.1034,100,100
55.1022,100,100
55.101,100,100
55.0998,100,100
55.0987,100,100
55.0975,100,100
55.0963,100,100
55.0951,100,100
55.094,100,100
55.0928,100,100
55.0916,100,100
55.0904,100,100
55.0893,100,100
55.0881,100,100
55.0869,100,100
55.0857,100,100
55.0846,100,100
55.0834,100,100
55.0822,100,100
55.081,100,100
55.0799,100,100
55.0787,100,100
55.0775,100,100
55.0763,100,100
55.0752,100,100
55.074,100,100
55.0728,100,100
55.0716,100,100
55.0705,100,100
55.0693,100,100
55.0681,100,100
55.0669,100,100
55.0658,100,100
55.0646,100,100
55.0634,100,100
55.0622,100,100
55.0611,100,100
55.0599,100,100
55.0587,100,100
55.0575,100,100
55.0564,100,100
55.0552,100,100
55.054,100,100
55.0528,100,100
55.0517,100,100
55.0505,100,100
55.0493,100,100
55.0481,100,100
55.047,100,100
55.0458,100,100
55.0446,100,100
55.0434,100,100
55.0423,100,100
55.0411,100,100
55.0399,100,100
55.0387,100,100
55.0376,100,100
55.0364,100,100
55.0352,100,100
55.034,100,100
55.0329,100,100
55.0317,100,100
55.0305,100,100
55.0293,100,100
55.0282,100,100
55.027,100,100
55.0258,100,100
55.0246,100,100
55.0235,100,100
55.0223,100,100
55.0211,100,100
55.0199,100,100
55.0188,100,100
55.0176,100,100
55.0164,100,100
55.0152,100,100
55.0141,100,100
55.0129,100,100
55.0117,100,100
55.0105,100,100
55.0094,100,100
55.0082,100,100
55.007,100,100
55.0058,100,100
55.0047,100,100
55.0035,100,100
55.0023,100,100
55.0011,100,100
55,100,100
54.9988,100,100
54.9976,100,100
54.9964,100,100
54.9953,100,100
54.9941,100,100
54.9929,100,100
54.9917,100,100
54.9906,100,100
54.9894,100,100
54.9882,100,100
54.987,100,100
54.9858,100,100
54.9847,100,100
54.9835,100,100
54.9823,100,100
54.9811,100,100
54.9799,100,100
54.9788,100,100
54.9776,100,100
54.9764,100,100
54.9752,100,100
54.974,100,100
54.9729,100,100
54.9717,100,100
54.9705,100,100
54.9693,100,100
54.9681,100,100
54.967,100,100
54.9658,100,100
54.9646,100,100
54.9634,100,100
54.9622,100,100
54.961,100,100
54.9599,100,100
54.9587,100,100
54.9575,100,100
54.9563,100,100
54.9551,100,100
54.954,100,100
54.9528,100,100
54.9516,100,100
54.9504,100,100
54.9492,100,100
54.9481,100,100
54.9469,100,100
54.9457,100,100
54.9445,100,100
54.9433,100,100
54.9422,100,100
54.941,100,100
54.9398,100,100
54.9386,100,100
54.9374,100,100
54.9363,100,100
54.9351,100,100
54.9339,100,100
54.9327,100,100
54.9315,100,100
54.9304,100,100
54.9292,100,100
54.928,100,100
54.9268,100,100
54.9256,100,100
54.9245,100,100
54.9233,100,100
54.9221,100,100
54.9209,100,100
54.9197,100,100
54.9186,100,100
54.9174,100,100
54.9162,100,100
54.915,100,100
54.9138,100,100
54.9127,100,100
54.9115,100,100
54.9103,100,100
54.9091,100,100
54.9079,100,100
54.9068,100,100
54.9056,100,100
54.9044,100,100
54.9032,100,100
54.902,100,100
54.9009,100,100
54.8997,100,100
54.8985,100,100
54.8973,100,100
54.8961,100,100
54.895,100,100
54.8938,100,100
54.8926,100,100
54.8914,100,100
54.8902,100,100
54.8891,100,100
54.8879,100,100
54.8867,100,100
54.8855,100,100
54.8843,100,100
54.8832,100,100
54.882,100,100
54.8808,100,100
54.8796,100,100
54.8784,100,100
54.8773,100,100
54.8761,100,100
54.8749,100,100
54.8737,100,100
54.8725,100,100
54.8713,100,100
54.8702,100,100
54.869,100,100
54.8678,100,100
54.8666,100,100
54.8654,100,100
54.8642,100,100
54.8631,100,100
54.8619,100,100
54.8607,100,100
54.8595,100,100
54.8583,100,100
54.8571,100,100
54.8559,100,100
54.8548,100,100
54.8536,100,100
54.8524,100,100
54.8512,100,100
54.85,100,100
54.8488,100,100
54.8477,100,100
54.8465,100,100
54.8453,100,100
54.8441,100,100
54.8429,100,100
54.8417,100,100
54.8405,100,100
54.8394,100,100
54.8382,100,100
54.837,100,100
54.8358,100,100
54.8346,100,100
54.8334,100,100
54.8323,100,100
54.8311,100,100
54.8299,100,100
54.8287,100,100
54.8275,100,100
54.8263,100,100
54.8251,100,100
54.824,100,100
54.8228,100,100
54.8216,100,100
54.8204,100,100
54.8192,100,100
54.818,100,100
54.8169,100,100
54.8157,100,100
54.8145,100,100
54.8133,100,100
54.8121,100,100
54.8109,100,100
54.8097,100,100
54.8086,100,100
54.8074,100,100
54.8062,100,100
54.805,100,100
54.8038,100,100
54.8026,100,100
54.8015,100,100
54.8003,100,100
54.7991,100,100
54.7979,100,100
54.7967,100,100
54.7955,100,100
54.7943,100,100
54.7932,100,100
54.792,100,100
54.7908,100,100
54.7896,100,100
54.7884,100,100
54.7872,100,100
54.7861,100,100
54.7849,100,100
54.7837,100,100
54.7825,100,100
54.7813,100,100
54.7801,100,100
54.779,100,100
54.7778,100,100
54.7766,100,100
54.7754,100,100
54.7742,100,100
54.773,100,100
54.7718,100,100
54.7707,100,100
54.7695,100,100
54.7683,100,100
54.7671,100,100
54.7659,100,100
54.7647,100,100
54.7636,100,100
54.7624,100,100
54.7612,100,100
54.76,100,100
54.7588,100,100
54.7576,100,100
54.7564,100,100
54.7553,100,100
54.7541,100,100
54.7529,100,100
54.7517,100,100
54.7505,100,100
54.7493,100,100
54.7481,100,100
54.747,100,100
54.7458,100,100
54.7446,100,100
54.7434,100,100
54.7422,100,100
54.741,100,100
54.7399,100,100
54.7387,100,100
54.7375,100,100
54.7363,100,100
54.7351,100,100
54.7339,100,100
54.7327,100,100
54.7316,100,100
54.7304,100,100
54.7292,100,100
54.728,100,100
54.7268,100,100
54.7256,100,100
54.7244,100,100
54.7233,100,100
54.7221,100,100
54.7209,100,100
54.7197,100,100
54.7185,100,100
54.7173,100,100
54.7161,100,100
54.715,100,100
54.7138,100,100
54.7126,100,100
54.7114,100,100
54.7102,100,100
54.709,100,100
54.7078,100,100
54.7067,100,100
54.7055,100,100
54.7043,100,100
54.7031,100,100
54.7019,100,100
54.7007,100,100
54.6995,100,100
54.6984,100,100
54.6972,100,100
54.696,100,100
54.6948,100,100
54.6936,100,100
54.6924,100,100
54.6913,100,100
54.6901,100,100
54.6889,100,100
54.6877,100,100
54.6865,100,100
54.6853,100,100
54.6841,100,100
54.683,100,100
54.6818,100,100
54.6806,100,100
54.6794,100,100
54.6782,100,100
54.677,100,100
54.6758,100,100
54.6747,100,100
54.6735,100,100
54.6723,100,100
54.6711,100,100
54.6699,100,100
54.6687,100,100
54.6675,100,100
54.6664,100,100
54.6652,100,100
54.664,100,100
54.6628,100,100
54.6616,100,100
54.6604,100,100
54.6592,100,100
54.6581,100,100
54.6569,100,100
54.6557,100,100
54.6545,100,100
54.6533,100,100
54.6521,100,100
54.651,100,100
54.6498,100,100
54.6486,100,100
54.6474,100,100
54.6462,100,100
54.645,100,100
54.6438,100,100
54.6427,100,100
54.6415,100,100
54.6403,100,100
54.6391,100,100
54.6379,100,100
54.6367,100,100
54.6355,100,100
54.6344,100,100
54.6332,100,100
54.632,100,100
54.6308,100,100
54.6296,100,100
54.6284,100,100
54.6272,100,100
54.6261,100,100
54.6249,100,100
54.6237,100,100
54.6225,100,100
54.6213,100,100
54.6201,100,100
54.6189,100,100
54.6178,100,100
54.6166,100,100
54.6154,100,100
54.6142,100,100
54.613,100,100
54.6118,100,100
54.6106,100,100
54.6095,100,100
54.6083,100,100
54.6071,100,100
54.6059,100,100
54.6047,100,100
54.6035,100,100
54.6024,100,100
54.6012,100,100
54.6,100,100
54.5988,100,100
54.5976,100,100
54.5964,100,100
54.5952,100,100
54.5941,100,100
54.5929,100,100
54.5917,100,100
54.5905,100,100
54.5893,100,100
54.5881,100,100
54.5869,100,100
54.5858,100,100
54.5846,100,100
54.5834,100,100
54.5822,100,100
54.581,100,100
54.5798,100,100
54.5786,100,100
54.5775,100,100
54.5763,100,100
54.5751,100,100
54.5739,100,100
54.5727,100,100
54.5715,100,100
54.5703,100,100
54.5692,100,100
54.568,100,100
54.5668,100,100
54.5656,100,100
54.5644,100,100
54.5632,100,100
54.5621,100,100
54.5609,100,100
54.5597,100,100
54.5585,100,100
54.5573,100,100
54.5561,100,100
54.5549,100,100
54.5538,100,100
54.5526,100,100
54.5514,100,100
54.5502,100,100
54.549,100,100
54.5478,100,100
54.5466,100,100
54.5455,100,100
54.5443,100,100
54.5431,100,100
54.5419,100,100
54.5407,100,100
54.5395,100,100
54.5383,100,100
54.5372,100,100
54.536,100,100
54.5348,100,100
54.5336,100,100
54.5324,100,100
54.5312,100,100
54.53,100,100
54.5289,100,100
54.5277,100,100
54.5265,100,100
54.5253,100,100
54.5241,100,100
54.5229,100,100
54.5218,100,100
54.5206,100,100
54.5194,100,100
54.5182,100,100
54.517,100,100
54.5158,100,100
54.5147,100,100
54.5135,100,100
54.5123,100,100
54.5111,100,100
54.5099,100,100
54.5088,100,100
54.5076,100,100
54.5064,100,100
54.5052,100,100
54.504,100,100
54.5029,100,100
54.5017,100,100
54.5005,100,100
54.4993,100,100
54.4981,100,100
54.497,100,100
54.4958,100,100
54.4946,100,100
54.4934,100,100
54.4922,100,100
54.4911,100,100
54.4899,100,100
54.4887,100,100
54.4875,100,100
54.4863,100,100
54.4852,100,100
54.484,100,100
54.4828,100,100
54.4816,100,100
54.4804,100,100
54.4793,100,100
54.4781,100,100
54.4769,100,100
54.4757,100,100
54.4745,100,100
54.4733,100,100
54.4722,100,100
54.471,100,100
54.4698,100,100
54.4686,100,100
54.4674,100,100
54.4663,100,100
54.4651,100,100
54.4639,100,100
54.4627,100,100
54.4615,100,100
54.4604,100,100
54.4592,100,100
54.458,100,100
54.4568,100,100
54.4556,100,100
54.4545,100,100
54.4533,100,100
54.4521,100,100
54.4509,100,100
54.4497,100,100
54.4486,100,100
54.4474,100,100
54.4462,100,100
54.445,100,100
54.4438,100,100
54.4427,100,100
54.4415,100,100
54.4403,100,100
54.4391,100,100
54.4379,100,100
54.4368,100,100
54.4356,100,100
54.4344,100,100
54.4332,100,100
54.432,100,100
54.4309,100,100
54.4297,100,100
54.4285,100,100
54.4273,100,100
54.4261,100,100
54.425,100,100
54.4238,100,100
54.4226,100,100
54.4214,100,100
54.4202,100,100
54.4191,100,100
54.4179,100,100
54.4167,100,100
54.4155,100,100
54.4143,100,100
54.4132,100,100
54.412,100,100
54.4108,100,100
54.4096,100,100
54.4084,100,100
54.4073,100,100
54.4061,100,100
54.4049,100,100
54.4037,100,100
54.4025,100,100
54.4014,100,100
54.4002,100,100
54.399,100,100
54.3978,100,100
54.3966,100,100
54.3955,100,100
54.3943,100,100
54.3931,100,100
54.3919,100,100
54.3907,100,100
54.3896,100,100
54.3884,100,100
54.3872,100,100
54.386,100,100
54.3848,100,100
54.3837,100,100
54.3825,100,100
54.3813,100,100
54.3801,100,100
54.3789,100,100
54.3778,100,100
54.3766,100,100
54.3754,100,100
54.3742,100,100
54.373,100,100
54.3718,100,100
54.3707,100,100
54.3695,100,100
54.3683,100,100
54.3671,100,100
54.3659,100,100
54.3648,100,100
54.3636,100,100
54.3624,100,100
54.3612,100,100
54.36,100,100
54.3589,100,100
54.3577,100,100
54.3565,100,100
54.3553,100,100
54.3541,100,100
54.353,100,100
54.3518,100,100
54.3506,100,100
54.3494,100,100
54.3482,100,100
54.3471,100,100
54.3459,100,100
54.3447,100,100
54.3435,100,100
54.3423,100,100
54.3412,100,100
54.34,100,100
54.3388,100,100
54.3376,100,100
54.3364,100,100
54.3353,100,100
54.3341,100,100
54.3329,100,100
54.3317,100,100
54.3305,100,100
54.3294,100,100
54.3282,100,100
54.327,100,100
54.3258,100,100
54.3246,100,100
54.3235,100,100
54.3223,100,100
54.3211,100,100
54.3199,100,100
54.3187,100,100
54.3176,100,100
54.3164,100,100
54.3152,100,100
54.314,100,100
54.3128,100,100
54.3117,100,100
54.3105,100,100
54.3093,100,100
54.3081,100,100
54.3069,100,100
54.3058,100,100
54.3046,100,100
54.3034,100,100
54.3022,100,100
54.301,100,100
54.2999,100,100
54.2987,100,100
54.2975,100,100
54.2963,100,100
54.2951,100,100
54.294,100,100
54.2928,100,100
54.2916,100,100
54.2904,100,100
54.2892,100,100
54.2881,100,100
54.2869,100,100
54.2857,100,100
54.2845,100,100
54.2833,100,100
54.2822,100,100
54.281,100,100
54.2798,100,100
54.2786,100,100
54.2774,100,100
54.2763,100,100
54.2751,100,100
54.2739,100,100
54.2727,100,100
54.2715,100,100
54.2704,100,100
54.2692,100,100
54.268,100,100
54.2668,100,100
54.2656,100,100
54.2645,100,100
54.2633,100,100
54.2621,100,100
54.2609,100,100
54.2597,100,100
54.2586,100,100
54.2574,100,100
54.2562,100,100
54.255,100,100
54.2538,100,100
54.2527,100,100
54.2515,100,100
54.2503,100,100
54.2491,100,100
54.2479,100,100
54.2467,100,100
54.2456,100,100
54.2444,100,100
54.2432,100,100
54.242,100,100
54.2408,100,100
54.2397,100,100
54.2385,100,100
54.2373,100,100
54.2361,100,100
54.2349,100,100
54.2338,100,100
54.2326,100,100
54.2314,100,100
54.2302,100,100
54.229,100,100
54.2279,100,100
54.2267,100,100
54.2255,100,100
54.2243,100,100
54.2231,100,100
54.222,100,100
54.2208,100,100
54.2196,100,100
54.2184,100,100
54.2172,100,100
54.2161,100,100
54.2149,100,100
54.2137,100,100
54.2125,100,100
54.2113,100,100
54.2102,100,100
54.209,100,100
54.2078,100,100
54.2066,100,100
54.2054,100,100
54.2043,100,100
54.2031,100,100
54.2019,100,100
54.2007,100,100
54.1995,100,100
54.1984,100,100
54.1972,100,100
54.196,100,100
54.1948,100,100
54.1936,100,100
54.1925,100,100
54.1913,100,100
54.1901,100,100
54.1889,100,100
54.1877,100,100
54.1866,100,100
54.1854,100,100
54.1842,100,100
54.183,100,100
54.1818,100,100
54.1807,100,100
54.1795,100,100
54.1783,100,100
54.1771,100,100
54.1759,100,100
54.1748,100,100
54.1736,100,100
54.1724,100,100
54.1712,100,100
54.17,100,100
54.1689,100,100
54.1677,100,100
54.1665,100,100
54.1653,100,100
54.1641,100,100
54.163,100,100
54.1618,100,100
54.1606,100,100
54.1594,100,100
54.1582,100,100
54.1571,100,100
54.1559,100,100
54.1547,100,100
54.1535,100,100
54.1523,100,100
54.1512,100,100
54.15,100,100
54.1488,100,100
54.1476,100,100
54.1464,100,100
54.1453,100,100
54.1441,100,100
54.1429,100,100
54.1417,100,100
54.1405,100,100
54.1394,100,100
54.1382,100,100
54.137,100,100
54.1358,100,100
54.1346,100,100
54.1335,100,100
54.1323,100,100
54.1311,100,100
54.1299,100,100
54.1287,100,100
54.1275,100,100
54.1264,100,100
54.1252,100,100
54.124,100,100
54.1228,100,100
54.1216,100,100
54.1205,100,100
54.1193,100,100
54.1181,100,100
54.1169,100,100
54.1157,100,100
54.1146,100,100
54.1134,100,100
54.1122,100,100
54.111,100,100
54.1098,100,100
54.1087,100,100
54.1075,100,100
54.1063,100,100
54.1051,100,100
54.1039,100,100
54.1028,100,100
54.1016,100,100
54.1004,100,100
54.0992,100,100
54.098,100,100
54.0969,100,100
54.0957,100,100
54.0945,100,100
54.0933,100,100
54.0921,100,100
54.091,100,100
54.0898,100,100
54.0886,100,100
54.0874,100,100
54.0862,100,100
54.0851,100,100
54.0839,100,100
54.0827,100,100
54.0815,100,100
54.0803,100,100
54.0792,100,100
54.078,100,100
54.0768,100,100
54.0756,100,100
54.0744,100,100
54.0733,100,100
54.0721,100,100
54.0709,100,100
54.0697,100,100
54.0685,100,100
54.0674,100,100
54.0662,100,100
54.065,100,100
54.0638,100,100
54.0626,100,100
54.0615,100,100
54.0603,100,100
54.0591,100,100
54.0579,100,100
54.0567,100,100
54.0556,100,100
54.0544,100,100
54.0532,100,100
54.052,100,100
54.0508,100,100
54.0497,100,100
54.0485,100,100
54.0473,100,100
54.0461,100,100
54.0449,100,100
54.0438,100,100
54.0426,100,100
54.0414,100,100
54.0402,100,100
54.0391,100,100
54.0379,100,100
54.0367,100,100
54.0355,100,100
54.0344,100,100
54.0332,100,100
54.032,100,100
54.0308,100,100
54.0297,100,100
54.0285,100,100
54.0273,100,100
54.0261,100,100
54.025,100,100
54.0238,100,100
54.0226,100,100
54.0214,100,100
54.0203,100,100
54.0191,100,100
54.0179,100,100
54.0167,100,100
54.0156,100,100
54.0144,100,100
54.0132,100,100
54.012,100,100
54.0109,100,100
54.0097,100,100
54.0085,100,100
54.0073,100,100
54.0062,100,100
54.005,100,100
54.0038,100,100
54.0026,100,100
54.0014,100,100
54.0003,100,100
53.9991,100,100
53.9979,100,100
53.9967,100,100
53.9956,100,100
53.9944,100,100
53.9932,100,100
53.992,100,100
53.9909,100,100
53.9897,100,100
53.9885,100,100
53.9873,100,100
53.9862,100,100
53.985,100,100
53.9838,100,100
53.9826,100,100
53.9815,100,100
53.9803,100,100
53.9791,100,100
53.9779,100,100
53.9768,100,100
53.9756,100,100
53.9744,100,100
53.9732,100,100
53.9721,100,100
53.9709,100,100
53.9697,100,100
53.9685,100,100
53.9674,100,100
53.9662,100,100
53.965,100,100
53.9638,100,100
53.9627,100,100
53.9615,100,100
53.9603,100,100
53.9591,100,100
53.958,100,100
53.9568,100,100
53.9556,100,100
53.9544,100,100
53.9532,100,100
53.9521,100,100
53.9509,100,100
53.9497,100,100
53.9485,100,100
53.9474,100,100
53.9462,100,100
53.945,100,100
53.9438,100,100
53.9427,100,100
53.9415,100,100
53.9403,100,100
53.9391,100,100
53.938,100,100
53.9368,100,100
53.9356,100,100
53.9344,100,100
53.9333,100,100
53.9321,100,100
53.9309,100,100
53.9297,100,100
53.9286,100,100
53.9274,100,100
53.9262,100,100
53.925,100,100
53.9239,100,100
53.9227,100,100
53.9215,100,100
53.9203,100,100
53.9192,100,100
53.918,100,100
53.9168,100,100
53.9156,100,100
53.9145,100,100
53.9133,100,100
53.9121,100,100
53.9109,100,100
53.9098,100,100
53.9086,100,100
53.9074,100,100
53.9062,100,100
53.9051,100,100
53.9039,100,100
53.9027,100,100
53.9015,100,100
53.9004,100,100
53.8992,100,100
53.898,100,100
53.8968,100,100
53.8957,100,100
53.8945,100,100
53.8933,100,100
53.8921,100,100
53.891,100,100
53.8898,100,100
53.8886,100,100
53.8874,100,100
53.8863,100,100
53.8851,100,100
53.8839,100,100
53.8827,100,100
53.8816,100,100
53.8804,100,100
53.8792,100,100
53.878,100,100
53.8769,100,100
53.8757,100,100
53.8745,100,100
53.8733,100,100
53.8722,100,100
53.871,100,100
53.8698,100,100
53.8686,100,100
53.8675,100,100
53.8663,100,100
53.8651,100,100
53.8639,100,100
53.8628,100,100
53.8616,100,100
53.8604,100,100
53.8592,100,100
53.8581,100,100
53.8569,100,100
53.8557,100,100
53.8545,100,100
53.8534,100,100
53.8522,100,100
53.851,100,100
53.8498,100,100
53.8487,100,100
53.8475,100,100
53.8463,100,100
53.8451,100,100
53.844,100,100
53.8428,100,100
53.8416,100,100
53.8404,100,100
53.8393,100,100
53.8381,100,100
53.8369,100,100
53.8357,100,100
53.8346,100,100
53.8334,100,100
53.8322,100,100
53.831,100,100
53.8299,100,100
53.8287,100,100
53.8275,100,100
53.8263,100,100
53.8252,100,100
53.824,100,100
53.8228,100,100
53.8216,100,100
53.8205,100,100
53.8193,100,100
53.8181,100,100
53.8169,100,100
53.8158,100,100
53.8146,100,100
53.8134,100,100
53.8122,100,100
53.8111,100,100
53.8099,100,100
53.8087,100,100
53.8075,100,100
53.8064,100,100
53.8052,100,100
53.804,100,100
53.8028,100,100
53.8017,100,100
53.8005,100,100
53.7993,100,100
53.7981,100,100
53.797,100,100
53.7958,100,100
53.7946,100,100
53.7934,100,100
53.7923,100,100
53.7911,100,100
53.7899,100,100
53.7887,100,100
53.7876,100,100
53.7864,100,100
53.7852,100,100
53.784,100,100
53.7829,100,100
53.7817,100,100
53.7805,100,100
53.7793,100,100
53.7782,100,100
53.777,100,100
53.7758,100,100
53.7746,100,100
53.7735,100,100
53.7723,100,100
53.7711,100,100
53.7699,100,100
53.7688,100,100
53.7676,100,100
53.7664,100,100
53.7652,100,100
53.7641,100,100
53.7629,100,100
53.7617,100,100
53.7605,100,100
53.7594,100,100
53.7582,100,100
53.757,100,100
53.7558,100,100
53.7547,100,100
53.7535,100,100
53.7523,100,100
53.7511,100,100
53.75,100,100
53.7488,100,100
53.7476,100,100
53.7464,100,100
53.7453,100,100
53.7441,100,100
53.7429,100,100
53.7417,100,100
53.7406,100,100
53.7394,100,100
53.7382,100,100
53.737,100,100
53.7359,100,100
53.7347,100,100
53.7335,100,100
53.7323,100,100
53.7312,100,100
53.73,100,100
53.7288,100,100
53.7276,100,100
53.7265,100,100
53.7253,100,100
53.7241,100,100
53.7229,100,100
53.7218,100,100
53.7206,100,100
53.7194,100,100
53.7182,100,100
53.7171,100,100
53.7159,100,100
53.7147,100,100
53.7135,100,100
53.7124,100,100
53.7112,100,100
53.71,100,100
53.7088,100,100
53.7077,100,100
53.7065,100,100
53.7053,100,100
53.7041,100,100
53.703,100,100
53.7018,100,100
53.7006,100,100
53.6994,100,100
53.6983,100,100
53.6971,100,100
53.6959,100,100
53.6947,100,100
53.6936,100,100
53.6924,100,100
53.6912,100,100
53.69,100,100
53.6889,100,100
53.6877,100,100
53.6865,100,100
53.6853,100,100
53.6842,100,100
53.683,100,100
53.6818,100,100
53.6806,100,100
53.6795,100,100
53.6783,100,100
53.6771,100,100
53.6759,100,100
53.6748,100,100
53.6736,100,100
53.6724,100,100
53.6712,100,100
53.6701,100,100
53.6689,100,100
53.6677,100,100
53.6665,100,100
53.6654,100,100
53.6642,100,100
53.663,100,100
53.6618,100,100
53.6607,100,100
53.6595,100,100
53.6583,100,100
53.6571,100,100
53.656,100,100
53.6548,100,100
53.6536,100,100
53.6524,100,100
53.6513,100,100
53.6501,100,100
53.6489,100,100
53.6477,100,100
53.6466,100,100
53.6454,100,100
53.6442,100,100
53.643,100,100
53.6419,100,100
53.6407,100,100
53.6395,100,100
53.6383,100,100
53.6372,100,100
53.636,100,100
53.6348,100,100
53.6336,100,100
53.6325,100,100
53.6313,100,100
53.6301,100,100
53.6289,100,100
53.6278,100,100
53.6266,100,100
53.6254,100,100
53.6242,100,100
53.6231,100,100
53.6219,100,100
53.6207,100,100
53.6195,100,100
53.6184,100,100
53.6172,100,100
53.616,100,100
53.6148,100,100
53.6137,100,100
53.6125,100,100
53.6113,100,100
53.6101,100,100
53.609,100,100
53.6078,100,100
53.6066,100,100
53.6054,100,100
53.6043,100,100
53.6031,100,100
53.6019,100,100
53.6007,100,100
53.5996,100,100
53.5984,100,100
53.5972,100,100
53.596,100,100
53.5949,100,100
53.5937,100,100
53.5925,100,100
53.5913,100,100
53.5902,100,100
53.589,100,100
53.5878,100,100
53.5867,100,100
53.5855,100,100
53.5843,100,100
53.5831,100,100
53.582,100,100
53.5808,100,100
53.5796,100,100
53.5784,100,100
53.5773,100,100
53.5761,100,100
53.5749,100,100
53.5737,100,100
53.5726,100,100
53.5714,100,100
53.5702,100,100
53.5691,100,100
53.5679,100,100
53.5667,100,100
53.5656,100,100
53.5644,100,100
53.5632,100,100
53.562,100,100
53.5609,100,100
53.5597,100,100
53.5585,100,100
53.5574,100,100
53.5562,100,100
53.555,100,100
53.5539,100,100
53.5527,100,100
53.5515,100,100
53.5503,100,100
53.5492,100,100
53.548,100,100
53.5468,100,100
53.5457,100,100
53.5445,100,100
53.5433,100,100
53.5422,100,100
53.541,100,100
53.5398,100,100
53.5386,100,100
53.5375,100,100
53.5363,100,100
53.5351,100,100
53.534,100,100
53.5328,100,100
53.5316,100,100
53.5305,100,100
53.5293,100,100
53.5281,100,100
53.527,100,100
53.5258,100,100
53.5246,100,100
53.5234,100,100
53.5223,100,100
53.5211,100,100
53.5199,100,100
53.5188,100,100
53.5176,100,100
53.5164,100,100
53.5153,100,100
53.5141,100,100
53.5129,100,100
53.5117,100,100
53.5106,100,100
53.5094,100,100
53.5082,100,100
53.5071,100,100
53.5059,100,100
53.5047,100,100
53.5036,100,100
53.5024,100,100
53.5012,100,100
53.5,100,100
53.4989,100,100
53.4977,100,100
53.4965,100,100
53.4954,100,100
53.4942,100,100
53.493,100,100
53.4919,100,100
53.4907,100,100
53.4895,100,100
53.4883,100,100
53.4872,100,100
53.486,100,100
53.4848,100,100
53.4837,100,100
53.4825,100,100
53.4813,100,100
53.4802,100,100
53.479,100,100
53.4778,100,100
53.4767,100,100
53.4755,100,100
53.4743,100,100
53.4731,100,100
53.472,100,100
53.4708,100,100
53.4696,100,100
53.4685,100,100
53.4673,100,100
53.4661,100,100
53.465,100,100
53.4638,100,100
53.4626,100,100
53.4614,100,100
53.4603,100,100
53.4591,100,100
53.4579,100,100
53.4568,100,100
53.4556,100,100
53.4544,100,100
53.4533,100,100
53.4521,100,100
53.4509,100,100
53.4497,100,100
53.4486,100,100
53.4474,100,100
53.4462,100,100
53.4451,100,100
53.4439,100,100
53.4427,100,100
53.4416,100,100
53.4404,100,100
53.4392,100,100
53.438,100,100
53.4369,100,100
53.4357,100,100
53.4345,100,100
53.4334,100,100
53.4322,100,100
53.431,100,100
53.4299,100,100
53.4287,100,100
53.4275,100,100
53.4263,100,100
53.4252,100,100
53.424,100,100
53.4228,100,100
53.4217,100,100
53.4205,100,100
53.4193,100,100
53.4182,100,100
53.417,100,100
53.4158,100,100
53.4147,100,100
53.4135,100,100
53.4123,100,100
53.4111,100,100
53.41,100,100
53.4088,100,100
53.4076,100,100
53.4065,100,100
53.4053,100,100
53.4041,100,100
53.403,100,100
53.4018,100,100
53.4006,100,100
53.3994,100,100
53.3983,100,100
53.3971,100,100
53.3959,100,100
53.3948,100,100
53.3936,100,100
53.3924,100,100
53.3913,100,100
53.3901,100,100
53.3889,100,100
53.3877,100,100
53.3866,100,100
53.3854,100,100
53.3842,100,100
53.3831,100,100
53.3819,100,100
53.3807,100,100
53.3796,100,100
53.3784,100,100
53.3772,100,100
53.376,100,100
53.3749,100,100
53.3737,100,100
53.3725,100,100
53.3714,100,100
53.3702,100,100
53.369,100,100
53.3679,100,100
53.3667,100,100
53.3655,100,100
53.3644,100,100
53.3632,100,100
53.362,100,100
53.3608,100,100
53.3597,100,100
53.3585,100,100
53.3573,100,100
53.3562,100,100
53.355,100,100
53.3538,100,100
53.3527,100,100
53.3515,100,100
53.3503,100,100
53.3491,100,100
53.348,100,100
53.3468,100,100
53.3456,100,100
53.3445,100,100
53.3433,100,100
53.3421,100,100
53.3409,100,100
53.3398,100,100
53.3386,100,100
53.3374,100,100
53.3363,100,100
53.3351,100,100
53.3339,100,100
53.3327,100,100
53.3316,100,100
53.3304,100,100
53.3292,100,100
53.328,100,100
53.3269,100,100
53.3257,100,100
53.3245,100,100
53.3233,100,100
53.3222,100,100
53.321,100,100
53.3198,100,100
53.3186,100,100
53.3175,100,100
53.3163,100,100
53.3151,100,100
53.314,100,100
53.3128,100,100
53.3116,100,100
53.3104,100,100
53.3093,100,100
53.3081,100,100
53.3069,100,100
53.3057,100,100
53.3046,100,100
53.3034,100,100
53.3022,100,100
53.301,100,100
53.2999,100,100
53.2987,100,100
53.2975,100,100
53.2963,100,100
53.2952,100,100
53.294,100,100
53.2928,100,100
53.2916,100,100
53.2905,100,100
53.2893,100,100
53.2881,100,100
53.287,100,100
53.2858,100,100
53.2846,100,100
53.2834,100,100
53.2823,100,100
53.2811,100,100
53.2799,100,100
53.2787,100,100
53.2776,100,100
53.2764,100,100
53.2752,100,100
53.274,100,100
53.2729,100,100
53.2717,100,100
53.2705,100,100
53.2693,100,100
53.2682,100,100
53.267,100,100
53.2658,100,100
53.2647,100,100
53.2635,100,100
53.2623,100,100
53.2611,100,100
53.26,100,100
53.2588,100,100
53.2576,100,100
53.2564,100,100
53.2553,100,100
53.2541,100,100
53.2529,100,100
53.2517,100,100
53.2506,100,100
53.2494,100,100
53.2482,100,100
53.247,100,100
53.2459,100,100
53.2447,100,100
53.2435,100,100
53.2424,100,100
53.2412,100,100
53.24,100,100
53.2388,100,100
53.2377,100,100
53.2365,100,100
53.2353,100,100
53.2341,100,100
53.233,100,100
53.2318,100,100
53.2306,100,100
53.2294,100,100
53.2283,100,100
53.2271,100,100
53.2259,100,100
53.2247,100,100
53.2236,100,100
53.2224,100,100
53.2212,100,100
53.22,100,100
53.2189,100,100
53.2177,100,100
53.2165,100,100
53.2153,100,100
53.2142,100,100
53.213,100,100
53.2118,100,100
53.2106,100,100
53.2095,100,100
53.2083,100,100
53.2071,100,100
53.2059,100,100
53.2048,100,100
53.2036,100,100
53.2024,100,100
53.2012,100,100
53.2001,100,100
53.1989,100,100
53.1977,100,100
53.1966,100,100
53.1954,100,100
53.1942,100,100
53.193,100,100
53.1919,100,100
53.1907,100,100
53.1895,100,100
53.1883,100,100
53.1872,100,100
53.186,100,100
53.1848,100,100
53.1836,100,100
53.1825,100,100
53.1813,100,100
53.1801,100,100
53.1789,100,100
53.1778,100,100
53.1766,100,100
53.1754,100,100
53.1742,100,100
53.1731,100,100
53.1719,100,100
53.1707,100,100
53.1695,100,100
53.1684,100,100
53.1672,100,100
53.166,100,100
53.1648,100,100
53.1637,100,100
53.1625,100,100
53.1613,100,100
53.1601,100,100
53.159,100,100
53.1578,100,100
53.1566,100,100
53.1554,100,100
53.1543,100,100
53.1531,100,100
53.1519,100,100
53.1507,100,100
53.1496,100,100
53.1484,100,100
53.1472,100,100
53.146,100,100
53.1449,100,100
53.1437,100,100
53.1425,100,100
53.1413,100,100
53.1402,100,100
53.139,100,100
53.1378,100,100
53.1366,100,100
53.1355,100,100
53.1343,100,100
53.1331,100,100
53.1319,100,100
53.1308,100,100
53.1296,100,100
53.1284,100,100
53.1272,100,100
53.1261,100,100
53.1249,100,100
53.1237,100,100
53.1225,100,100
53.1214,100,100
53.1202,100,100
53.119,100,100
53.1178,100,100
53.1167,100,100
53.1155,100,100
53.1143,100,100
53.1131,100,100
53.112,100,100
53.1108,100,100
53.1096,100,100
53.1085,100,100
53.1073,100,100
53.1061,100,100
53.1049,100,100
53.1038,100,100
53.1026,100,100
53.1014,100,100
53.1003,100,100
53.0991,100,100
53.0979,100,100
53.0967,100,100
53.0956,100,100
53.0944,100,100
53.0932,100,100
53.092,100,100
53.0909,100,100
53.0897,100,100
53.0885,100,100
53.0874,100,100
53.0862,100,100
53.085,100,100
53.0838,100,100
53.0827,100,100
53.0815,100,100
53.0803,100,100
53.0792,100,100
53.078,100,100
53.0768,100,100
53.0756,100,100
53.0745,100,100
53.0733,100,100
53.0721,100,100
53.071,100,100
53.0698,100,100
53.0686,100,100
53.0674,100,100
53.0663,100,100
53.0651,100,100
53.0639,100,100
53.0628,100,100
53.0616,100,100
53.0604,100,100
53.0592,100,100
53.0581,100,100
53.0569,100,100
53.0557,100,100
53.0546,100,100
53.0534,100,100
53.0522,100,100
53.051,100,100
53.0499,100,100
53.0487,100,100
53.0475,100,100
53.0464,100,100
53.0452,100,100
53.044,100,100
53.0428,100,100
53.0417,100,100
53.0405,100,100
53.0393,100,100
53.0382,100,100
53.037,100,100
53.0358,100,100
53.0346,100,100
53.0335,100,100
53.0323,100,100
53.0311,100,100
53.03,100,100
53.0288,100,100
53.0276,100,100
53.0264,100,100
53.0253,100,100
53.0241,100,100
53.0229,100,100
53.0218,100,100
53.0206,100,100
53.0194,100,100
53.0182,100,100
53.0171,100,100
53.0159,100,100
53.0147,100,100
53.0136,100,100
53.0124,100,100
53.0112,100,100
53.01,100,100
53.0089,100,100
53.0077,100,100
53.0065,100,100
53.0054,100,100
53.0042,100,100
53.003,100,100
53.0018,100,100
53.0007,100,100
52.9995,100,100
52.9983,100,100
52.9972,100,100
52.996,100,100
52.9948,100,100
52.9936,100,100
52.9925,100,100
52.9913,100,100
52.9901,100,100
52.989,100,100
52.9878,100,100
52.9866,100,100
52.9855,100,100
52.9843,100,100
52.9831,100,100
52.9819,100,100
52.9808,100,100
52.9796,100,100
52.9784,100,100
52.9773,100,100
52.9761,100,100
52.9749,100,100
52.9737,100,100
52.9726,100,100
52.9714,100,100
52.9702,100,100
52.9691,100,100
52.9679,100,100
52.9667,100,100
52.9656,100,100
52.9644,100,100
52.9632,100,100
52.962,100,100
52.9609,100,100
52.9597,100,100
52.9585,100,100
52.9574,100,100
52.9562,100,100
52.955,100,100
52.9539,100,100
52.9527,100,100
52.9515,100,100
52.9503,100,100
52.9492,100,100
52.948,100,100
52.9468,100,100
52.9457,100,100
52.9445,100,100
52.9433,100,100
52.9421,100,100
52.941,100,100
52.9398,100,100
52.9386,100,100
52.9375,100,100
52.9363,100,100
52.9351,100,100
52.934,100,100
52.9328,100,100
52.9316,100,100
52.9304,100,100
52.9293,100,100
52.9281,100,100
52.9269,100,100
52.9258,100,100
52.9246,100,100
52.9234,100,100
52.9222,100,100
52.9211,100,100
52.9199,100,100
52.9187,100,100
52.9176,100,100
52.9164,100,100
52.9152,100,100
52.9141,100,100
52.9129,100,100
52.9117,100,100
52.9105,100,100
52.9094,100,100
52.9082,100,100
52.907,100,100
52.9059,100,100
52.9047,100,100
52.9035,100,100
52.9024,100,100
52.9012,100,100
52.9,100,100
52.8988,100,100
52.8977,100,100
52.8965,100,100
52.8953,100,100
52.8942,100,100
52.893,100,100
52.8918,100,100
52.8906,100,100
52.8895,100,100
52.8883,100,100
52.8871,100,100
52.886,100,100
52.8848,100,100
52.8836,100,100
52.8825,100,100
52.8813,100,100
52.8801,100,100
52.8789,100,100
52.8778,100,100
52.8766,100,100
52.8754,100,100
52.8743,100,100
52.8731,100,100
52.8719,100,100
52.8707,100,100
52.8696,100,100
52.8684,100,100
52.8672,100,100
52.866,100,100
52.8649,100,100
52.8637,100,100
52.8625,100,100
52.8613,100,100
52.8602,100,100
52.859,100,100
52.8578,100,100
52.8566,100,100
52.8555,100,100
52.8543,100,100
52.8531,100,100
52.8519,100,100
52.8508,100,100
52.8496,100,100
52.8484,100,100
52.8472,100,100
52.8461,100,100
52.8449,100,100
52.8437,100,100
52.8425,100,100
52.8414,100,100
52.8402,100,100
52.839,100,100
52.8378,100,100
52.8367,100,100
52.8355,100,100
52.8343,100,100
52.8331,100,100
52.832,100,100
52.8308,100,100
52.8296,100,100
52.8284,100,100
52.8273,100,100
52.8261,100,100
52.8249,100,100
52.8237,100,100
52.8226,100,100
52.8214,100,100
52.8202,100,100
52.819,100,100
52.8179,100,100
52.8167,100,100
52.8155,100,100
52.8143,100,100
52.8132,100,100
52.812,100,100
52.8108,100,100
52.8096,100,100
52.8085,100,100
52.8073,100,100
52.8061,100,100
52.8049,100,100
52.8038,100,100
52.8026,100,100
52.8014,100,100
52.8002,100,100
52.7991,100,100
52.7979,100,100
52.7967,100,100
52.7955,100,100
52.7944,100,100
52.7932,100,100
52.792,100,100
52.7908,100,100
52.7897,100,100
52.7885,100,100
52.7873,100,100
52.7861,100,100
52.785,100,100
52.7838,100,100
52.7826,100,100
52.7814,100,100
52.7803,100,100
52.7791,100,100
52.7779,100,100
52.7767,100,100
52.7756,100,100
52.7744,100,100
52.7732,100,100
52.7721,100,100
52.7709,100,100
52.7697,100,100
52.7685,100,100
52.7674,100,100
52.7662,100,100
52.765,100,100
52.7638,100,100
52.7627,100,100
52.7615,100,100
52.7603,100,100
52.7591,100,100
52.758,100,100
52.7568,100,100
52.7556,100,100
52.7544,100,100
52.7533,100,100
52.7521,100,100
52.7509,100,100
52.7497,100,100
52.7486,100,100
52.7474,100,100
52.7462,100,100
52.745,100,100
52.7439,100,100
52.7427,100,100
52.7415,100,100
52.7403,100,100
52.7392,100,100
52.738,100,100
52.7368,100,100
52.7356,100,100
52.7345,100,100
52.7333,100,100
52.7321,100,100
52.7309,100,100
52.7298,100,100
52.7286,100,100
52.7274,100,100
52.7262,100,100
52.7251,100,100
52.7239,100,100
52.7227,100,100
52.7215,100,100
52.7204,100,100
52.7192,100,100
52.718,100,100
52.7168,100,100
52.7157,100,100
52.7145,100,100
52.7133,100,100
52.7121,100,100
52.711,100,100
52.7098,100,100
52.7086,100,100
52.7074,100,100
52.7063,100,100
52.7051,100,100
52.7039,100,100
52.7027,100,100
52.7015,100,100
52.7004,100,100
52.6992,100,100
52.698,100,100
52.6968,100,100
52.6957,100,100
52.6945,100,100
52.6933,100,100
52.6921,100,100
52.691,100,100
52.6898,100,100
52.6886,100,100
52.6874,100,100
52.6863,100,100
52.6851,100,100
52.6839,100,100
52.6827,100,100
52.6816,100,100
52.6804,100,100
52.6792,100,100
52.678,100,100
52.6769,100,100
52.6757,100,100
52.6745,100,100
52.6733,100,100
52.6722,100,100
52.671,100,100
52.6698,100,100
52.6686,100,100
52.6675,100,100
52.6663,100,100
52.6651,100,100
52.6639,100,100
52.6628,100,100
52.6616,100,100
52.6604,100,100
52.6592,100,100
52.6581,100,100
52.6569,100,100
52.6557,100,100
52.6545,100,100
52.6534,100,100
52.6522,100,100
52.651,100,100
52.6498,100,100
52.6487,100,100
52.6475,100,100
52.6463,100,100
52.6451,100,100
52.644,100,100
52.6428,100,100
52.6416,100,100
52.6404,100,100
52.6393,100,100
52.6381,100,100
52.6369,100,100
52.6357,100,100
52.6346,100,100
52.6334,100,100
52.6322,100,100
52.631,100,100
52.6299,100,100
52.6287,100,100
52.6275,100,100
52.6263,100,100
52.6252,100,100
52.624,100,100
52.6228,100,100
52.6216,100,100
52.6205,100,100
52.6193,100,100
52.6181,100,100
52.6169,100,100
52.6158,100,100
52.6146,100,100
52.6134,100,100
52.6122,100,100
52.6111,100,100
52.6099,100,100
52.6087,100,100
52.6075,100,100
52.6064,100,100
52.6052,100,100
52.604,100,100
52.6028,100,100
52.6017,100,100
52.6005,100,100
52.5993,100,100
52.5981,100,100
52.597,100,100
52.5958,100,100
52.5946,100,100
52.5934,100,100
52.5923,100,100
52.5911,100,100
52.5899,100,100
52.5887,100,100
52.5876,100,100
52.5864,100,100
52.5852,100,100
52.584,100,100
52.5829,100,100
52.5817,100,100
52.5805,100,100
52.5793,100,100
52.5782,100,100
52.577,100,100
52.5758,100,100
52.5746,100,100
52.5735,100,100
52.5723,100,100
52.5711,100,100
52.5699,100,100
52.5688,100,100
52.5676,100,100
52.5664,100,100
52.5652,100,100
52.5641,100,100
52.5629,100,100
52.5617,100,100
52.5605,100,100
52.5594,100,100
52.5582,100,100
52.557,100,100
52.5558,100,100
52.5547,100,100
52.5535,100,100
52.5523,100,100
52.5511,100,100
52.55,100,100
52.5488,100,100
52.5476,100,100
52.5464,100,100
52.5453,100,100
52.5441,100,100
52.5429,100,100
52.5417,100,100
52.5406,100,100
52.5394,100,100
52.5382,100,100
52.537,100,100
52.5359,100,100
52.5347,100,100
52.5335,100,100
52.5323,100,100
52.5312,100,100
52.53,100,100
52.5288,100,100
52.5276,100,100
52.5265,100,100
52.5253,100,100
52.5241,100,100
52.5229,100,100
52.5218,100,100
52.5206,100,100
52.5194,100,100
52.5182,100,100
52.5171,100,100
52.5159,100,100
52.5147,100,100
52.5135,100,100
52.5124,100,100
52.5112,100,100
52.51,100,100
52.5088,100,100
52.5077,100,100
52.5065,100,100
52.5053,100,100
52.5041,100,100
52.503,100,100
52.5018,100,100
52.5006,100,100
52.4994,100,100
52.4983,100,100
52.4971,100,100
52.4959,100,100
52.4947,100,100
52.4936,100,100
52.4924,100,100
52.4912,100,100
52.49,100,100
52.4889,100,100
52.4877,100,100
52.4865,100,100
52.4853,100,100
52.4842,100,100
52.483,100,100
52.4818,100,100
52.4806,100,100
52.4795,100,100
52.4783,100,100
52.4771,100,100
52.4759,100,100
52.4748,100,100
52.4736,100,100
52.4724,100,100
52.4712,100,100
52.4701,100,100
52.4689,100,100
52.4677,100,100
52.4665,100,100
52.4654,100,100
52.4642,100,100
52.463,100,100
52.4618,100,100
52.4607,100,100
52.4595,100,100
52.4583,100,100
52.4571,100,100
52.456,100,100
52.4548,100,100
52.4536,100,100
52.4524,100,100
52.4513,100,100
52.4501,100,100
52.4489,100,100
52.4477,100,100
52.4466,100,100
52.4454,100,100
52.4442,100,100
52.443,100,100
52.4419,100,100
52.4407,100,100
52.4395,100,100
52.4383,100,100
52.4372,100,100
52.436,100,100
52.4348,100,100
52.4336,100,100
52.4325,100,100
52.4313,100,100
52.4301,100,100
52.4289,100,100
52.4278,100,100
52.4266,100,100
52.4254,100,100
52.4242,100,100
52.4231,100,100
52.4219,100,100
52.4207,100,100
52.4195,100,100
52.4184,100,100
52.4172,100,100
52.416,100,100
52.4148,100,100
52.4137,100,100
52.4125,100,100
52.4113,100,100
52.4101,100,100
52.409,100,100
52.4078,100,100
52.4066,100,100
52.4054,100,100
52.4043,100,100
52.4031,100,100
52.4019,100,100
52.4007,100,100
52.3996,100,100
52.3984,100,100
52.3972,100,100
52.396,100,100
52.3949,100,100
52.3937,100,100
52.3925,100,100
52.3913,100,100
52.3902,100,100
52.389,100,100
52.3878,100,100
52.3866,100,100
52.3855,100,100
52.3843,100,100
52.3831,100,100
52.3819,100,100
52.3808,100,100
52.3796,100,100
52.3784,100,100
52.3772,100,100
52.3761,100,100
52.3749,100,100
52.3737,100,100
52.3725,100,100
52.3714,100,100
52.3702,100,100
52.369,100,100
52.3678,100,100
52.3667,100,100
52.3655,100,100
52.3643,100,100
52.3631,100,100
52.362,100,100
52.3608,100,100
52.3596,100,100
52.3584,100,100
52.3573,100,100
52.3561,100,100
52.3549,100,100
52.3537,100,100
52.3526,100,100
52.3514,100,100
52.3502,100,100
52.349,100,100
52.3479,100,100
52.3467,100,100
52.3455,100,100
52.3443,100,100
52.3432,100,100
52.342,100,100
52.3408,100,100
52.3396,100,100
52.3385,100,100
52.3373,100,100
52.3361,100,100
52.3349,100,100
52.3338,100,100
52.3326,100,100
52.3314,100,100
52.3302,100,100
52.3291,100,100
52.3279,100,100
52.3267,100,100
52.3255,100,100
52.3244,100,100
52.3232,100,100
52.322,100,100
52.3208,100,100
52.3197,100,100
52.3185,100,100
52.3173,100,100
52.3161,100,100
52.315,100,100
52.3138,100,100
52.3126,100,100
52.3114,100,100
52.3103,100,100
52.3091,100,100
52.3079,100,100
52.3067,100,100
52.3056,100,100
52.3044,100,100
52.3032,100,100
52.3021,100,100
52.3009,100,100
52.2997,100,100
52.2985,100,100
52.2974,100,100
52.2962,100,100
52.295,100,100
52.2938,100,100
52.2927,100,100
52.2915,100,100
52.2903,100,100
52.2891,100,100
52.288,100,100
52.2868,100,100
52.2856,100,100
52.2844,100,100
52.2833,100,100
52.2821,100,100
52.2809,100,100
52.2797,100,100
52.2786,100,100
52.2774,100,100
52.2762,100,100
52.275,100,100
52.2739,100,100
52.2727,100,100
52.2715,100,100
52.2703,100,100
52.2692,100,100
52.268,100,100
52.2668,100,100
52.2656,100,100
52.2645,100,100
52.2633,100,100
52.2621,100,100
52.2609,100,100
52.2598,100,100
52.2586,100,100
52.2574,100,100
52.2562,100,100
52.2551,100,100
52.2539,100,100
52.2527,100,100
52.2515,100,100
52.2504,100,100
52.2492,100,100
52.248,100,100
52.2468,100,100
52.2457,100,100
52.2445,100,100
52.2433,100,100
52.2421,100,100
52.241,100,100
52.2398,100,100
52.2386,100,100
52.2374,100,100
52.2363,100,100
52.2351,100,100
52.2339,100,100
52.2327,100,100
52.2315,100,100
52.2304,100,100
52.2292,100,100
52.228,100,100
52.2268,100,100
52.2257,100,100
52.2245,100,100
52.2233,100,100
52.2221,100,100
52.221,100,100
52.2198,100,100
52.2186,100,100
52.2174,100,100
52.2163,100,100
52.2151,100,100
52.2139,100,100
52.2127,100,100
52.2116,100,100
52.2104,100,100
52.2092,100,100
52.208,100,100
52.2069,100,100
52.2057,100,100
52.2045,100,100
52.2033,100,100
52.2022,100,100
52.201,100,100
52.1998,100,100
52.1986,100,100
52.1975,100,100
52.1963,100,100
52.1951,100,100
52.1939,100,100
52.1928,100,100
52.1916,100,100
52.1904,100,100
52.1892,100,100
52.1881,100,100
52.1869,100,100
52.1857,100,100
52.1845,100,100
52.1834,100,100
52.1822,100,100
52.181,100,100
52.1798,100,100
52.1787,100,100
52.1775,100,100
52.1763,100,100
52.1751,100,100
52.174,100,100
52.1728,100,100
52.1716,100,100
52.1704,100,100
52.1693,100,100
52.1681,100,100
52.1669,100,100
52.1657,100,100
52.1646,100,100
52.1634,100,100
52.1622,100,100
52.161,100,100
52.1599,100,100
52.1587,100,100
52.1575,100,100
52.1563,100,100
52.1552,100,100
52.154,100,100
52.1528,100,100
52.1516,100,100
52.1505,100,100
52.1493,100,100
52.1481,100,100
52.1469,100,100
52.1458,100,100
52.1446,100,100
52.1434,100,100
52.1422,100,100
52.1411,100,100
52.1399,100,100
52.1387,100,100
52.1375,100,100
52.1364,100,100
52.1352,100,100
52.134,100,100
52.1328,100,100
52.1317,100,100
52.1305,100,100
52.1293,100,100
52.1281,100,100
52.127,100,100
52.1258,100,100
52.1246,100,100
52.1234,100,100
52.1223,100,100
52.1211,100,100
52.1199,100,100
52.1187,100,100
52.1176,100,100
52.1164,100,100
52.1152,100,100
52.114,100,100
52.1129,100,100
52.1117,100,100
52.1105,100,100
52.1093,100,100
52.1082,100,100
52.107,100,100
52.1058,100,100
52.1046,100,100
52.1035,100,100
52.1023,100,100
52.1011,100,100
52.0999,100,100
52.0988,100,100
52.0976,100,100
52.0964,100,100
52.0952,100,100
52.0941,100,100
52.0929,100,100
52.0917,100,100
52.0905,100,100
52.0894,100,100
52.0882,100,100
52.087,100,100
52.0858,100,100
52.0847,100,100
52.0835,100,100
52.0823,100,100
52.0811,100,100
52.08,100,100
52.0788,100,100
52.0776,100,100
52.0764,100,100
52.0753,100,100
52.0741,100,100
52.0729,100,100
52.0717,100,100
52.0706,100,100
52.0694,100,100
52.0682,100,100
52.067,100,100
52.0659,100,100
52.0647,100,100
52.0635,100,100
52.0623,100,100
52.0612,100,100
52.06,100,100
52.0588,100,100
52.0576,100,100
52.0565,100,100
52.0553,100,100
52.0541,100,100
52.0529,100,100
52.0518,100,100
52.0506,100,100
52.0494,100,100
52.0482,100,100
52.0471,100,100
52.0459,100,100
52.0447,100,100
52.0436,100,100
52.0424,100,100
52.0412,100,100
52.04,100,100
52.0389,100,100
52.0377,100,100
52.0365,100,100
52.0353,100,100
52.0342,100,100
52.033,100,100
52.0318,100,100
52.0307,100,100
52.0295,100,100
52.0283,100,100
52.0271,100,100
52.026,100,100
52.0248,100,100
52.0236,100,100
52.0224,100,100
52.0213,100,100
52.0201,100,100
52.0189,100,100
52.0178,100,100
52.0166,100,100
52.0154,100,100
52.0142,100,100
52.0131,100,100
52.0119,100,100
52.0107,100,100
52.0095,100,100
52.0084,100,100
52.0072,100,100
52.006,100,100
52.0049,100,100
52.0037,100,100
52.0025,100,100
52.0013,100,100
52.0002,100,100
51.999,100,100
51.9978,100,100
51.9967,100,100
51.9955,100,100
51.9943,100,100
51.9931,100,100
51.992,100,100
51.9908,100,100
51.9896,100,100
51.9884,100,100
51.9873,100,100
51.9861,100,100
51.9849,100,100
51.9838,100,100
51.9826,100,100
51.9814,100,100
51.9802,100,100
51.9791,100,100
51.9779,100,100
51.9767,100,100
51.9755,100,100
51.9744,100,100
51.9732,100,100
51.972,100,100
51.9709,100,100
51.9697,100,100
51.9685,100,100
51.9673,100,100
51.9662,100,100
51.965,100,100
51.9638,100,100
51.9626,100,100
51.9615,100,100
51.9603,100,100
51.9591,100,100
51.958,100,100
51.9568,100,100
51.9556,100,100
51.9544,100,100
51.9533,100,100
51.9521,100,100
51.9509,100,100
51.9497,100,100
51.9486,100,100
51.9474,100,100
51.9462,100,100
51.9451,100,100
51.9439,100,100
51.9427,100,100
51.9415,100,100
51.9404,100,100
51.9392,100,100
51.938,100,100
51.9368,100,100
51.9357,100,100
51.9345,100,100
51.9333,100,100
51.9322,100,100
51.931,100,100
51.9298,100,100
51.9287,100,100
51.9275,100,100
51.9263,100,100
51.9252,100,100
51.924,100,100
51.9228,100,100
51.9217,100,100
51.9205,100,100
51.9193,100,100
51.9182,100,100
51.917,100,100
51.9158,100,100
51.9147,100,100
51.9135,100,100
51.9123,100,100
51.9112,100,100
51.91,100,100
51.9088,100,100
51.9077,100,100
51.9065,100,100
51.9053,100,100
51.9042,100,100
51.903,100,100
51.9018,100,100
51.9007,100,100
51.8995,100,100
51.8983,100,100
51.8972,100,100
51.896,100,100
51.8948,100,100
51.8937,100,100
51.8925,100,100
51.8913,100,100
51.8902,100,100
51.889,100,100
51.8878,100,100
51.8867,100,100
51.8855,100,100
51.8843,100,100
51.8832,100,100
51.882,100,100
51.8808,100,100
51.8797,100,100
51.8785,100,100
51.8773,100,100
51.8762,100,100
51.875,100,100
51.8738,100,100
51.8727,100,100
51.8715,100,100
51.8703,100,100
51.8692,100,100
51.868,100,100
51.8668,100,100
51.8657,100,100
51.8645,100,100
51.8633,100,100
51.8622,100,100
51.861,100,100
51.8598,100,100
51.8587,100,100
51.8575,100,100
51.8563,100,100
51.8552,100,100
51.854,100,100
51.8528,100,100
51.8517,100,100
51.8505,100,100
51.8493,100,100
51.8482,100,100
51.847,100,100
51.8458,100,100
51.8447,100,100
51.8435,100,100
51.8423,100,100
51.8412,100,100
51.84,100,100
51.8388,100,100
51.8377,100,100
51.8365,100,100
51.8353,100,100
51.8342,100,100
51.833,100,100
51.8318,100,100
51.8307,100,100
51.8295,100,100
51.8283,100,100
51.8272,100,100
51.826,100,100
51.8248,100,100
51.8237,100,100
51.8225,100,100
51.8213,100,100
51.8202,100,100
51.819,100,100
51.8178,100,100
51.8167,100,100
51.8157,100,100
51.8146,100,100
51.8135,100,100
51.8124,100,100
51.8113,100,100
51.8102,100,100
51.8091,100,100
51.8081,100,100
51.807,100,100
51.8059,100,100
51.8048,100,100
51.8037,100,100
51.8026,100,100
51.8015,100,100
51.8005,100,100
51.7994,100,100
51.7983,100,100
51.7972,100,100
51.7961,100,100
51.795,100,100
51.794,100,100
51.7929,100,100
51.7918,100,100
51.7907,100,100
51.7896,100,100
51.7885,100,100
51.7874,100,100
51.7864,100,100
51.7853,100,100
51.7842,100,100
51.7831,100,100
51.782,100,100
51.7809,100,100
51.7799,100,100
51.7788,100,100
51.7777,100,100
51.7766,100,100
51.7755,100,100
51.7744,100,100
51.7733,100,100
51.7723,100,100
51.7712,100,100
51.7701,100,100
51.769,100,100
51.7679,100,100
51.7668,100,100
51.7657,100,100
51.7647,100,100
51.7636,100,100
51.7625,100,100
51.7614,100,100
51.7603,100,100
51.7592,100,100
51.7582,100,100
51.7571,100,100
51.756,100,100
51.7549,100,100
51.7538,100,100
51.7527,100,100
51.7516,100,100
51.7506,100,100
51.7495,100,100
51.7484,100,100
51.7473,100,100
51.7462,100,100
51.7451,100,100
51.7441,100,100
51.743,100,100
51.7419,100,100
51.7408,100,100
51.7397,100,100
51.7386,100,100
51.7375,100,100
51.7365,100,100
51.7354,100,100
51.7343,100,100
51.7332,100,100
51.7321,100,100
51.731,100,100
51.7299,100,100
51.7289,100,100
51.7278,100,100
51.7267,100,100
51.7256,100,100
51.7245,100,100
51.7234,100,100
51.7224,100,100
51.7213,100,100
51.7202,100,100
51.7191,100,100
51.718,100,100
51.7169,100,100
51.7158,100,100
51.7148,100,100
51.7137,100,100
51.7126,100,100
51.7115,100,100
51.7104,100,100
51.7093,100,100
51.7084,100,100
51.7074,100,100
51.7064,100,100
51.7055,100,100
51.7045,100,100
51.7036,100,100
51.7026,100,100
51.7017,100,100
51.7007,100,100
51.6997,100,100
51.6988,100,100
51.6978,100,100
51.6969,100,100
51.6959,100,100
51.6949,100,100
51.694,100,100
51.693,100,100
51.6921,100,100
51.6911,100,100
51.6902,100,100
51.6892,100,100
51.6882,100,100
51.6873,100,100
51.6863,100,100
51.6854,100,100
51.6844,100,100
51.6834,100,100
51.6825,100,100
51.6815,100,100
51.6806,100,100
51.6796,100,100
51.6787,100,100
51.6777,100,100
51.6767,100,100
51.6758,100,100
51.6748,100,100
51.6739,100,100
51.6729,100,100
51.6719,100,100
51.671,100,100
51.67,100,100
51.6691,100,100
51.6681,100,100
51.6671,100,100
51.6662,100,100
51.6652,100,100
51.6643,100,100
51.6633,100,100
51.6624,100,100
51.6614,100,100
51.6604,100,100
51.6595,100,100
51.6585,100,100
51.6576,100,100
51.6566,100,100
51.6556,100,100
51.6547,100,100
51.6537,100,100
51.6528,100,100
51.6518,100,100
51.6509,100,100
51.6499,100,100
51.6489,100,100
51.648,100,100
51.647,100,100
51.6461,100,100
51.6451,100,100
51.6441,100,100
51.6432,100,100
51.6422,100,100
51.6413,100,100
51.6403,100,100
51.6394,100,100
51.6384,100,100
51.6374,100,100
51.6365,100,100
51.6355,100,100
51.6346,100,100
51.6336,100,100
51.6326,100,100
51.6317,100,100
51.6307,100,100
51.6298,100,100
51.6288,100,100
51.6279,100,100
51.6269,100,100
51.6259,100,100
51.625,100,100
51.624,100,100
51.6231,100,100
51.6221,100,100
51.6211,100,100
51.6202,100,100
51.6192,100,100
51.6183,100,100
51.6173,100,100
51.6164,100,100
51.6154,100,100
51.6144,100,100
51.6135,100,100
51.6126,100,100
51.6118,100,100
51.611,100,100
51.6102,100,100
51.6093,100,100
51.6085,100,100
51.6077,100,100
51.6069,100,100
51.606,100,100
51.6052,100,100
51.6044,100,100
51.6036,100,100
51.6027,100,100
51.6019,100,100
51.6011,100,100
51.6003,100,100
51.5994,100,100
51.5986,100,100
51.5978,100,100
51.597,100,100
51.5961,100,100
51.5953,100,100
51.5945,100,100
51.5937,100,100
51.5928,100,100
51.592,100,100
51.5912,100,100
51.5904,100,100
51.5895,100,100
51.5887,100,100
51.5879,100,100
51.5871,100,100
51.5862,100,100
51.5854,100,100
51.5846,100,100
51.5838,100,100
51.5829,100,100
51.5821,100,100
51.5813,100,100
51.5805,100,100
51.5796,100,100
51.5788,100,100
51.578,100,100
51.5772,100,100
51.5763,100,100
51.5755,100,100
51.5747,100,100
51.5739,100,100
51.573,100,100
51.5722,100,100
51.5714,100,100
51.5706,100,100
51.5697,100,100
51.5689,100,100
51.5681,100,100
51.5673,100,100
51.5664,100,100
51.5656,100,100
51.5648,100,100
51.564,100,100
51.5631,100,100
51.5623,100,100
51.5615,100,100
51.5607,100,100
51.5598,100,100
51.559,100,100
51.5582,100,100
51.5574,100,100
51.5565,100,100
51.5557,100,100
51.5549,100,100
51.5541,100,100
51.5532,100,100
51.5524,100,100
51.5516,100,100
51.5508,100,100
51.5499,100,100
51.5491,100,100
51.5483,100,100
51.5475,100,100
51.5466,100,100
51.5458,100,100
51.545,100,100
51.5442,100,100
51.5433,100,100
51.5425,100,100
51.5417,100,100
51.5409,100,100
51.54,100,100
51.5392,100,100
51.5384,100,100
51.5376,100,100
51.5367,100,100
51.5359,100,100
51.5351,100,100
51.5343,100,100
51.5334,100,100
51.5326,100,100
51.5318,100,100
51.531,100,100
51.5302,100,100
51.5295,100,100
51.5288,100,100
51.5281,100,100
51.5273,100,100
51.5266,100,100
51.5259,100,100
51.5252,100,100
51.5245,100,100
51.5238,100,100
51.523,100,100
51.5223,100,100
51.5216,100,100
51.5209,100,100
51.5202,100,100
51.5194,100,100
51.5187,100,100
51.518,100,100
51.5173,100,100
51.5166,100,100
51.5158,100,100
51.5151,100,100
51.5144,100,100
51.5137,100,100
51.513,100,100
51.5122,100,100
51.5115,100,100
51.5108,100,100
51.5101,100,100
51.5094,100,100
51.5086,100,100
51.5079,100,100
51.5072,100,100
51.5065,100,100
51.5058,100,100
51.505,100,100
51.5043,100,100
51.5036,100,100
51.5029,100,100
51.5022,100,100
51.5015,100,100
51.5007,100,100
51.5,100,100
51.4993,100,100
51.4986,100,100
51.4979,100,100
51.4971,100,100
51.4964,100,100
51.4957,100,100
51.495,100,100
51.4943,100,100
51.4935,100,100
51.4928,100,100
51.4921,100,100
51.4914,100,100
51.4907,100,100
51.4899,100,100
51.4892,100,100
51.4885,100,100
51.4878,100,100
51.4871,100,100
51.4863,100,100
51.4856,100,100
51.4849,100,100
51.4842,100,100
51.4835,100,100
51.4828,100,100
51.482,100,100
51.4813,100,100
51.4806,100,100
51.4799,100,100
51.4792,100,100
51.4784,100,100
51.4777,100,100
51.477,100,100
51.4763,100,100
51.4756,100,100
51.4748,100,100
51.4741,100,100
51.4734,100,100
51.4727,100,100
51.472,100,100
51.4712,100,100
51.4705,100,100
51.4698,100,100
51.4691,100,100
51.4684,100,100
51.4676,100,100
51.4669,100,100
51.4662,100,100
51.4655,100,100
51.4648,100,100
51.464,100,100
51.4633,100,100
51.4626,100,100
51.4619,100,100
51.4612,100,100
51.4605,100,100
51.4597,100,100
51.459,100,100
51.4584,100,100
51.4577,100,100
51.4571,100,100
51.4565,100,100
51.4558,100,100
51.4552,100,100
51.4545,100,100
51.4539,100,100
51.4533,100,100
51.4526,100,100
51.452,100,100
51.4514,100,100
51.4507,100,100
51.4501,100,100
51.4495,100,100
51.4488,100,100
51.4482,100,100
51.4475,100,100
51.4469,100,100
51.4463,100,100
51.4456,100,100
51.445,100,100
51.4444,100,100
51.4437,100,100
51.4431,100,100
51.4425,100,100
51.4418,100,100
51.4412,100,100
51.4405,100,100
51.4399,100,100
51.4393,100,100
51.4386,100,100
51.438,100,100
51.4374,100,100
51.4367,100,100
51.4361,100,100
51.4355,100,100
51.4348,100,100
51.4342,100,100
51.4336,100,100
51.4329,100,100
51.4323,100,100
51.4316,100,100
51.431,100,100
51.4304,100,100
51.4297,100,100
51.4291,100,100
51.4285,100,100
51.4278,100,100
51.4272,100,100
51.4266,100,100
51.4259,100,100
51.4253,100,100
51.4246,100,100
51.424,100,100
51.4234,100,100
51.4227,100,100
51.4221,100,100
51.4215,100,100
51.4208,100,100
51.4202,100,100
51.4196,100,100
51.4189,100,100
51.4183,100,100
51.4176,100,100
51.417,100,100
51.4164,100,100
51.4157,100,100
51.4151,100,100
51.4145,100,100
51.4138,100,100
51.4132,100,100
51.4126,100,100
51.4119,100,100
51.4113,100,100
51.4106,100,100
51.41,100,100
51.4094,100,100
51.4087,100,100
51.4081,100,100
51.4075,100,100
51.4068,100,100
51.4062,100,100
51.4056,100,100
51.4049,100,100
51.4043,100,100
51.4036,100,100
51.403,100,100
51.4024,100,100
51.4017,100,100
51.4011,100,100
51.4005,100,100
51.3998,100,100
51.3992,100,100
51.3986,100,100
51.3979,100,100
51.3973,100,100
51.3967,100,100
51.396,100,100
51.3954,100,100
51.3948,100,100
51.3942,100,100
51.3937,100,100
51.3931,100,100
51.3925,100,100
51.3919,100,100
51.3914,100,100
51.3908,100,100
51.3902,100,100
51.3897,100,100
51.3891,100,100
51.3885,100,100
51.3879,100,100
51.3874,100,100
51.3868,100,100
51.3862,100,100
51.3857,100,100
51.3851,100,100
51.3845,100,100
51.384,100,100
51.3834,100,100
51.3828,100,100
51.3822,100,100
51.3817,100,100
51.3811,100,100
51.3805,100,100
51.38,100,100
51.3794,100,100
51.3788,100,100
51.3782,100,100
51.3777,100,100
51.3771,100,100
51.3765,100,100
51.376,100,100
51.3754,100,100
51.3748,100,100
51.3742,100,100
51.3737,100,100
51.3731,100,100
51.3725,100,100
51.372,100,100
51.3714,100,100
51.3708,100,100
51.3703,100,100
51.3697,100,100
51.3691,100,100
51.3685,100,100
51.368,100,100
51.3674,100,100
51.3668,100,100
51.3663,100,100
51.3657,100,100
51.3651,100,100
51.3645,100,100
51.364,100,100
51.3634,100,100
51.3628,100,100
51.3623,100,100
51.3617,100,100
51.3611,100,100
51.3605,100,100
51.36,100,100
51.3594,100,100
51.3588,100,100
51.3583,100,100
51.3577,100,100
51.3571,100,100
51.3566,100,100
51.356,100,100
51.3554,100,100
51.3548,100,100
51.3543,100,100
51.3537,100,100
51.3531,100,100
51.3526,100,100
51.352,100,100
51.3514,100,100
51.3508,100,100
51.3503,100,100
51.3497,100,100
51.3491,100,100
51.3486,100,100
51.348,100,100
51.3474,100,100
51.3468,100,100
51.3463,100,100
51.3457,100,100
51.3451,100,100
51.3446,100,100
51.344,100,100
51.3434,100,100
51.3429,100,100
51.3423,100,100
51.3417,100,100
51.3411,100,100
51.3406,100,100
51.34,100,100
51.3394,100,100
51.3389,100,100
51.3383,100,100
51.3378,100,100
51.3372,100,100
51.3367,100,100
51.3362,100,100
51.3357,100,100
51.3352,100,100
51.3346,100,100
51.3341,100,100
51.3336,100,100
51.3331,100,100
51.3326,100,100
51.332,100,100
51.3315,100,100
51.331,100,100
51.3305,100,100
51.33,100,100
51.3294,100,100
51.3289,100,100
51.3284,100,100
51.3279,100,100
51.3274,100,100
51.3269,100,100
51.3263,100,100
51.3258,100,100
51.3253,100,100
51.3248,100,100
51.3243,100,100
51.3237,100,100
51.3232,100,100
51.3227,100,100
51.3222,100,100
51.3217,100,100
51.3211,100,100
51.3206,100,100
51.3201,100,100
51.3196,100,100
51.3191,100,100
51.3185,100,100
51.318,100,100
51.3175,100,100
51.317,100,100
51.3165,100,100
51.3159,100,100
51.3154,100,100
51.3149,100,100
51.3144,100,100
51.3139,100,100
51.3134,100,100
51.3128,100,100
51.3123,100,100
51.3118,100,100
51.3113,100,100
51.3108,100,100
51.3102,100,100
51.3097,100,100
51.3092,100,100
51.3087,100,100
51.3082,100,100
51.3076,100,100
51.3071,100,100
51.3066,100,100
51.3061,100,100
51.3056,100,100
51.305,100,100
51.3045,100,100
51.304,100,100
51.3035,100,100
51.303,100,100
51.3024,100,100
51.3019,100,100
51.3014,100,100
51.3009,100,100
51.3004,100,100
51.2999,100,100
51.2993,100,100
51.2988,100,100
51.2983,100,100
51.2978,100,100
51.2973,100,100
51.2967,100,100
51.2962,100,100
51.2957,100,100
51.2952,100,100
51.2947,100,100
51.2941,100,100
51.2936,100,100
51.2931,100,100
51.2926,100,100
51.2921,100,100
51.2915,100,100
51.291,100,100
51.2905,100,100
51.29,100,100
51.2895,100,100
51.2889,100,100
51.2884,100,100
51.2879,100,100
51.2874,100,100
51.2869,100,100
51.2864,100,100
51.2859,100,100
51.2854,100,100
51.2849,100,100
51.2844,100,100
51.284,100,100
51.2835,100,100
51.283,100,100
51.2825,100,100
51.282,100,100
51.2816,100,100
51.2811,100,100
51.2806,100,100
51.2801,100,100
51.2797,100,100
51.2792,100,100
51.2787,100,100
51.2782,100,100
51.2777,100,100
51.2773,100,100
51.2768,100,100
51.2763,100,100
51.2758,100,100
51.2753,100,100
51.2749,100,100
51.2744,100,100
51.2739,100,100
51.2734,100,100
51.273,100,100
51.2725,100,100
51.272,100,100
51.2715,100,100
51.271,100,100
51.2706,100,100
51.2701,100,100
51.2696,100,100
51.2691,100,100
51.2687,100,100
51.2682,100,100
51.2677,100,100
51.2672,100,100
51.2667,100,100
51.2663,100,100
51.2658,100,100
51.2653,100,100
51.2648,100,100
51.2643,100,100
51.2639,100,100
51.2634,100,100
51.2629,100,100
51.2624,100,100
51.262,100,100
51.2615,100,100
51.261,100,100
51.2605,100,100
51.26,100,100
51.2596,100,100
51.2591,100,100
51.2586,100,100
51.2581,100,100
51.2577,100,100
51.2572,100,100
51.2567,100,100
51.2562,100,100
51.2557,100,100
51.2553,100,100
51.2548,100,100
51.2543,100,100
51.2538,100,100
51.2534,100,100
51.2529,100,100
51.2524,100,100
51.2519,100,100
51.2514,100,100
51.251,100,100
51.2505,100,100
51.25,100,100
51.2495,100,100
51.249,100,100
51.2486,100,100
51.2481,100,100
51.2476,100,100
51.2471,100,100
51.2467,100,100
51.2462,100,100
51.2457,100,100
51.2452,100,100
51.2447,100,100
51.2443,100,100
51.2438,100,100
51.2433,100,100
51.2428,100,100
51.2424,100,100
51.2419,100,100
51.2414,100,100
51.2409,100,100
51.2404,100,100
51.24,100,100
51.2395,100,100
51.239,100,100
51.2385,100,100
51.2381,100,100
51.2376,100,100
51.2372,100,100
51.2368,100,100
51.2363,100,100
51.2359,100,100
51.2355,100,100
51.235,100,100
51.2346,100,100
51.2341,100,100
51.2337,100,100
51.2333,100,100
51.2328,100,100
51.2324,100,100
51.232,100,100
51.2315,100,100
51.2311,100,100
51.2306,100,100
51.2302,100,100
51.2298,100,100
51.2293,100,100
51.2289,100,100
51.2284,100,100
51.228,100,100
51.2276,100,100
51.2271,100,100
51.2267,100,100
51.2263,100,100
51.2258,100,100
51.2254,100,100
51.2249,100,100
51.2245,100,100
51.2241,100,100
51.2236,100,100
51.2232,100,100
51.2228,100,100
51.2223,100,100
51.2219,100,100
51.2214,100,100
51.221,100,100
51.2206,100,100
51.2201,100,100
51.2197,100,100
51.2193,100,100
51.2188,100,100
51.2184,100,100
51.2179,100,100
51.2175,100,100
51.2171,100,100
51.2166,100,100
51.2162,100,100
51.2157,100,100
51.2153,100,100
51.2149,100,100
51.2144,100,100
51.214,100,100
51.2136,100,100
51.2131,100,100
51.2127,100,100
51.2122,100,100
51.2118,100,100
51.2114,100,100
51.2109,100,100
51.2105,100,100
51.2101,100,100
51.2096,100,100
51.2092,100,100
51.2087,100,100
51.2083,100,100
51.2079,100,100
51.2074,100,100
51.207,100,100
51.2065,100,100
51.2061,100,100
51.2057,100,100
51.2052,100,100
51.2048,100,100
51.2044,100,100
51.2039,100,100
51.2035,100,100
51.203,100,100
51.2026,100,100
51.2022,100,100
51.2017,100,100
51.2013,100,100
51.2009,100,100
51.2004,100,100
51.2,100,100
51.1995,100,100
51.1991,100,100
51.1987,100,100
51.1982,100,100
51.1978,100,100
51.1974,100,100
51.1969,100,100
51.1965,100,100
51.196,100,100
51.1956,100,100
51.1952,100,100
51.1947,100,100
51.1943,100,100
51.1939,100,100
51.1935,100,100
51.1931,100,100
51.1927,100,100
51.1923,100,100
51.1919,100,100
51.1915,100,100
51.1911,100,100
51.1907,100,100
51.1903,100,100
51.1899,100,100
51.1895,100,100
51.1891,100,100
51.1887,100,100
51.1883,100,100
51.1879,100,100
51.1875,100,100
51.1871,100,100
51.1867,100,100
51.1863,100,100
51.1859,100,100
51.1855,100,100
51.1851,100,100
51.1847,100,100
51.1843,100,100
51.1839,100,100
51.1835,100,100
51.1831,100,100
51.1827,100,100
51.1823,100,100
51.1819,100,100
51.1815,100,100
51.1811,100,100
51.1807,100,100
51.1803,100,100
51.1799,100,100
51.1795,100,100
51.1791,100,100
51.1786,100,100
51.1782,100,100
51.1778,100,100
51.1774,100,100
51.177,100,100
51.1766,100,100
51.1762,100,100
51.1758,100,100
51.1754,100,100
51.175,100,100
51.1746,100,100
51.1742,100,100
51.1738,100,100
51.1734,100,100
51.173,100,100
51.1726,100,100
51.1722,100,100
51.1718,100,100
51.1714,100,100
51.171,100,100
51.1706,100,100
51.1702,100,100
51.1698,100,100
51.1694,100,100
51.169,100,100
51.1686,100,100
51.1682,100,100
51.1678,100,100
51.1674,100,100
51.167,100,100
51.1666,100,100
51.1662,100,100
51.1658,100,100
51.1654,100,100
51.165,100,100
51.1646,100,100
51.1642,100,100
51.1638,100,100
51.1634,100,100
51.163,100,100
51.1626,100,100
51.1622,100,100
51.1618,100,100
51.1614,100,100
51.161,100,100
51.1606,100,100
51.1602,100,100
51.1598,100,100
51.1594,100,100
51.159,100,100
51.1586,100,100
51.1582,100,100
51.1578,100,100
51.1574,100,100
51.157,100,100
51.1566,100,100
51.1562,100,100
51.1558,100,100
51.1553,100,100
51.1549,100,100
51.1545,100,100
51.1542,100,100
51.1538,100,100
51.1534,100,100
51.1531,100,100
51.1527,100,100
51.1523,100,100
51.1519,100,100
51.1516,100,100
51.1512,100,100
51.1508,100,100
51.1505,100,100
51.1501,100,100
51.1497,100,100
51.1493,100,100
51.149,100,100
51.1486,100,100
51.1482,100,100
51.1479,100,100
51.1475,100,100
51.1471,100,100
51.1467,100,100
51.1464,100,100
51.146,100,100
51.1456,100,100
51.1453,100,100
51.1449,100,100
51.1445,100,100
51.1441,100,100
51.1438,100,100
51.1434,100,100
51.143,100,100
51.1427,100,100
51.1423,100,100
51.1419,100,100
51.1415,100,100
51.1412,100,100
51.1408,100,100
51.1404,100,100
51.1401,100,100
51.1397,100,100
51.1393,100,100
51.1389,100,100
51.1386,100,100
51.1382,100,100
51.1378,100,100
51.1375,100,100
51.1371,100,100
51.1367,100,100
51.1364,100,100
51.136,100,100
51.1356,100,100
51.1352,100,100
51.1349,100,100
51.1345,100,100
51.1341,100,100
51.1338,100,100
51.1334,100,100
51.133,100,100
51.1326,100,100
51.1323,100,100
51.1319,100,100
51.1315,100,100
51.1312,100,100
51.1308,100,100
51.1304,100,100
51.13,100,100
51.1297,100,100
51.1293,100,100
51.1289,100,100
51.1286,100,100
51.1282,100,100
51.1278,100,100
51.1274,100,100
51.1271,100,100
51.1267,100,100
51.1263,100,100
51.126,100,100
51.1256,100,100
51.1252,100,100
51.1248,100,100
51.1245,100,100
51.1241,100,100
51.1237,100,100
51.1234,100,100
51.123,100,100
51.1226,100,100
51.1222,100,100
51.1219,100,100
51.1215,100,100
51.1211,100,100
51.1208,100,100
51.1204,100,100
51.12,100,100
51.1196,100,100
51.1193,100,100
51.1189,100,100
51.1185,100,100
51.1182,100,100
51.1178,100,100
51.1174,100,100
51.1171,100,100
51.1167,100,100
51.1164,100,100
51.116,100,100
51.1157,100,100
51.1153,100,100
51.115,100,100
51.1146,100,100
51.1143,100,100
51.1139,100,100
51.1136,100,100
51.1132,100,100
51.1129,100,100
51.1126,100,100
51.1122,100,100
51.1119,100,100
51.1115,100,100
51.1112,100,100
51.1108,100,100
51.1105,100,100
51.1101,100,100
51.1098,100,100
51.1094,100,100
51.1091,100,100
51.1087,100,100
51.1084,100,100
51.108,100,100
51.1077,100,100
51.1073,100,100
51.107,100,100
51.1066,100,100
51.1063,100,100
51.1059,100,100
51.1056,100,100
51.1053,100,100
51.1049,100,100
51.1046,100,100
51.1042,100,100
51.1039,100,100
51.1035,100,100
51.1032,100,100
51.1028,100,100
51.1025,100,100
51.1021,100,100
51.1018,100,100
51.1014,100,100
51.1011,100,100
51.1007,100,100
51.1004,100,100
51.1,100,100
51.0997,100,100
51.0993,100,100
51.099,100,100
51.0987,100,100
51.0983,100,100
51.098,100,100
51.0976,100,100
51.0973,100,100
51.0969,100,100
51.0966,100,100
51.0962,100,100
51.0959,100,100
51.0955,100,100
51.0952,100,100
51.0948,100,100
51.0945,100,100
51.0941,100,100
51.0938,100,100
51.0934,100,100
51.0931,100,100
51.0927,100,100
51.0924,100,100
51.0921,100,100
51.0917,100,100
51.0914,100,100
51.091,100,100
51.0907,100,100
51.0903,100,100
51.09,100,100
51.0896,100,100
51.0893,100,100
51.0889,100,100
51.0886,100,100
51.0882,100,100
51.0879,100,100
51.0875,100,100
51.0872,100,100
51.0868,100,100
51.0865,100,100
51.0861,100,100
51.0858,100,100
51.0854,100,100
51.0851,100,100
51.0848,100,100
51.0844,100,100
51.0841,100,100
51.0837,100,100
51.0834,100,100
51.083,100,100
51.0827,100,100
51.0823,100,100
51.082,100,100
51.0817,100,100
51.0814,100,100
51.081,100,100
51.0807,100,100
51.0804,100,100
51.0801,100,100
51.0797,100,100
51.0794,100,100
51.0791,100,100
51.0788,100,100
51.0784,100,100
51.0781,100,100
51.0778,100,100
51.0775,100,100
51.0771,100,100
51.0768,100,100
51.0765,100,100
51.0761,100,100
51.0758,100,100
51.0755,100,100
51.0752,100,100
51.0748,100,100
51.0745,100,100
51.0742,100,100
51.0739,100,100
51.0735,100,100
51.0732,100,100
51.0729,100,100
51.0726,100,100
51.0722,100,100
51.0719,100,100
51.0716,100,100
51.0713,100,100
51.0709,100,100
51.0706,100,100
51.0703,100,100
51.07,100,100
51.0696,100,100
51.0693,100,100
51.069,100,100
51.0687,100,100
51.0683,100,100
51.068,100,100
51.0677,100,100
51.0673,100,100
51.067,100,100
51.0667,100,100
51.0664,100,100
51.066,100,100
51.0657,100,100
51.0654,100,100
51.0651,100,100
51.0647,100,100
51.0644,100,100
51.0641,100,100
51.0638,100,100
51.0634,100,100
51.0631,100,100
51.0628,100,100
51.0625,100,100
51.0621,100,100
51.0618,100,100
51.0615,100,100
51.0612,100,100
51.0608,100,100
51.0605,100,100
51.0602,100,100
51.0599,100,100
51.0595,100,100
51.0592,100,100
51.0589,100,100
51.0585,100,100
51.0582,100,100
51.0579,100,100
51.0576,100,100
51.0572,100,100
51.0569,100,100
51.0566,100,100
51.0563,100,100
51.0559,100,100
51.0556,100,100
51.0553,100,100
51.055,100,100
51.0546,100,100
51.0543,100,100
51.054,100,100
51.0537,100,100
51.0533,100,100
51.053,100,100
51.0527,100,100
51.0524,100,100
51.052,100,100
51.0517,100,100
51.0514,100,100
51.0511,100,100
51.0507,100,100
51.0504,100,100
51.0501,100,100
51.0498,100,100
51.0495,100,100
51.0491,100,100
51.0488,100,100
51.0485,100,100
51.0482,100,100
51.0479,100,100
51.0476,100,100
51.0473,100,100
51.047,100,100
51.0467,100,100
51.0464,100,100
51.0461,100,100
51.0457,100,100
51.0454,100,100
51.0451,100,100
51.0448,100,100
51.0445,100,100
51.0442,100,100
51.0439,100,100
51.0436,100,100
51.0433,100,100
51.043,100,100
51.0427,100,100
51.0424,100,100
51.042,100,100
51.0417,100,100
51.0414,100,100
51.0411,100,100
51.0408,100,100
51.0405,100,100
51.0402,100,100
51.0399,100,100
51.0396,100,100
51.0393,100,100
51.039,100,100
51.0387,100,100
51.0383,100,100
51.038,100,100
51.0377,100,100
51.0374,100,100
51.0371,100,100
51.0368,100,100
51.0365,100,100
51.0362,100,100
51.0359,100,100
51.0356,100,100
51.0353,100,100
51.0349,100,100
51.0346,100,100
51.0343,100,100
51.034,100,100
51.0337,100,100
51.0334,100,100
51.0331,100,100
51.0328,100,100
51.0325,100,100
51.0322,100,100
51.0319,100,100
51.0316,100,100
51.0312,100,100
51.0309,100,100
51.0306,100,100
51.0303,100,100
51.03,100,100
51.0297,100,100
51.0294,100,100
51.0291,100,100
51.0288,100,100
51.0285,100,100
51.0282,100,100
51.0278,100,100
51.0275,100,100
51.0272,100,100
51.0269,100,100
51.0266,100,100
51.0263,100,100
51.026,100,100
51.0257,100,100
51.0254,100,100
51.0251,100,100
51.0248,100,100
51.0245,100,100
51.0241,100,100
51.0238,100,100
51.0235,100,100
51.0232,100,100
51.0229,100,100
51.0226,100,100
51.0223,100,100
51.022,100,100
51.0217,100,100
51.0214,100,100
51.0211,100,100
51.0208,100,100
51.0204,100,100
51.0201,100,100
51.0198,100,100
51.0195,100,100
51.0192,100,100
51.0189,100,100
51.0186,100,100
51.0183,100,100
51.018,100,100
51.0177,100,100
51.0174,100,100
51.0171,100,100
51.0168,100,100
51.0166,100,100
51.0163,100,100
51.016,100,100
51.0157,100,100
51.0154,100,100
51.0151,100,100
51.0148,100,100
51.0145,100,100
51.0142,100,100
51.0139,100,100
51.0136,100,100
51.0133,100,100
51.013,100,100
51.0127,100,100
51.0124,100,100
51.0121,100,100
51.0118,100,100
51.0115,100,100
51.0112,100,100
51.011,100,100
51.0107,100,100
51.0104,100,100
51.0101,100,100
51.0098,100,100
51.0095,100,100
51.0092,100,100
51.0089,100,100
51.0086,100,100
51.0083,100,100
51.008,100,100
51.0077,100,100
51.0074,100,100
51.0071,100,100
51.0068,100,100
51.0065,100,100
51.0062,100,100
51.0059,100,100
51.0056,100,100
51.0054,100,100
51.0051,100,100
51.0048,100,100
51.0045,100,100
51.0042,100,100
51.0039,100,100
51.0036,100,100
51.0033,100,100
51.003,100,100
51.0027,100,100
51.0024,100,100
51.0021,100,100
51.0018,100,100
51.0015,100,100
51.0012,100,100
51.0009,100,100
51.0006,100,100
51.0003,100,100
51,100,100
50.9998,100,100
50.9995,100,100
50.9992,100,100
50.9989,100,100
50.9986,100,100
50.9983,100,100
50.998,100,100
50.9977,100,100
50.9974,100,100
50.9971,100,100
50.9968,100,100
50.9965,100,100
50.9962,100,100
50.9959,100,100
50.9956,100,100
50.9953,100,100
50.995,100,100
50.9947,100,100
50.9945,100,100
50.9942,100,100
50.9939,100,100
50.9936,100,100
50.9933,100,100
50.993,100,100
50.9927,100,100
50.9924,100,100
50.9921,100,100
50.9918,100,100
50.9915,100,100
50.9912,100,100
50.9909,100,100
50.9906,100,100
50.9903,100,100
50.99,100,100
50.9897,100,100
50.9895,100,100
50.9892,100,100
50.9889,100,100
50.9886,100,100
50.9883,100,100
50.988,100,100
50.9878,100,100
50.9875,100,100
50.9872,100,100
50.9869,100,100
50.9866,100,100
50.9864,100,100
50.9861,100,100
50.9858,100,100
50.9855,100,100
50.9852,100,100
50.985,100,100
50.9847,100,100
50.9844,100,100
50.9841,100,100
50.9838,100,100
50.9836,100,100
50.9833,100,100
50.983,100,100
50.9827,100,100
50.9824,100,100
50.9822,100,100
50.9819,100,100
50.9816,100,100
50.9813,100,100
50.981,100,100
50.9807,100,100
50.9805,100,100
50.9802,100,100
50.9799,100,100
50.9796,100,100
50.9793,100,100
50.9791,100,100
50.9788,100,100
50.9785,100,100
50.9782,100,100
50.9779,100,100
50.9777,100,100
50.9774,100,100
50.9771,100,100
50.9768,100,100
50.9765,100,100
50.9763,100,100
50.976,100,100
50.9757,100,100
50.9754,100,100
50.9751,100,100
50.9748,100,100
50.9746,100,100
50.9743,100,100
50.974,100,100
50.9737,100,100
50.9734,100,100
50.9732,100,100
50.9729,100,100
50.9726,100,100
50.9723,100,100
50.972,100,100
50.9718,100,100
50.9715,100,100
50.9712,100,100
50.9709,100,100
50.9706,100,100
50.9704,100,100
50.9701,100,100
50.9698,100,100
50.9695,100,100
50.9692,100,100
50.969,100,100
50.9687,100,100
50.9684,100,100
50.9681,100,100
50.9678,100,100
50.9675,100,100
50.9673,100,100
50.967,100,100
50.9667,100,100
50.9664,100,100
50.9661,100,100
50.9659,100,100
50.9656,100,100
50.9653,100,100
50.965,100,100
50.9647,100,100
50.9645,100,100
50.9642,100,100
50.9639,100,100
50.9636,100,100
50.9633,100,100
50.9631,100,100
50.9628,100,100
50.9625,100,100
50.9622,100,100
50.9619,100,100
50.9616,100,100
50.9614,100,100
50.9611,100,100
50.9608,100,100
50.9606,100,100
50.9603,100,100
50.96,100,100
50.9598,100,100
50.9595,100,100
50.9592,100,100
50.959,100,100
50.9587,100,100
50.9584,100,100
50.9582,100,100
50.9579,100,100
50.9576,100,100
50.9574,100,100
50.9571,100,100
50.9568,100,100
50.9566,100,100
50.9563,100,100
50.956,100,100
50.9558,100,100
50.9555,100,100
50.9552,100,100
50.955,100,100
50.9547,100,100
50.9544,100,100
50.9542,100,100
50.9539,100,100
50.9536,100,100
50.9534,100,100
50.9531,100,100
50.9528,100,100
50.9526,100,100
50.9523,100,100
50.952,100,100
50.9518,100,100
50.9515,100,100
50.9512,100,100
50.951,100,100
50.9507,100,100
50.9504,100,100
50.9502,100,100
50.9499,100,100
50.9496,100,100
50.9494,100,100
50.9491,100,100
50.9488,100,100
50.9486,100,100
50.9483,100,100
50.948,100,100
50.9478,100,100
50.9475,100,100
50.9472,100,100
50.947,100,100
50.9467,100,100
50.9464,100,100
50.9462,100,100
50.9459,100,100
50.9456,100,100
50.9454,100,100
50.9451,100,100
50.9448,100,100
50.9446,100,100
50.9443,100,100
50.944,100,100
50.9438,100,100
50.9435,100,100
50.9432,100,100
50.943,100,100
50.9427,100,100
50.9424,100,100
50.9422,100,100
50.9419,100,100
50.9416,100,100
50.9414,100,100
50.9411,100,100
50.9408,100,100
50.9406,100,100
50.9403,100,100
50.94,100,100
50.9398,100,100
50.9395,100,100
50.9392,100,100
50.939,100,100
50.9387,100,100
50.9384,100,100
50.9382,100,100
50.9379,100,100
50.9376,100,100
50.9374,100,100
50.9371,100,100
50.9368,100,100
50.9366,100,100
50.9363,100,100
50.936,100,100
50.9358,100,100
50.9355,100,100
50.9352,100,100
50.935,100,100
50.9347,100,100
50.9345,100,100
50.9342,100,100
50.934,100,100
50.9337,100,100
50.9335,100,100
50.9332,100,100
50.9329,100,100
50.9327,100,100
50.9324,100,100
50.9322,100,100
50.9319,100,100
50.9317,100,100
50.9314,100,100
50.9312,100,100
50.9309,100,100
50.9306,100,100
50.9304,100,100
50.9301,100,100
50.9299,100,100
50.9296,100,100
50.9294,100,100
50.9291,100,100
50.9289,100,100
50.9286,100,100
50.9284,100,100
50.9281,100,100
50.9278,100,100
50.9276,100,100
50.9273,100,100
50.9271,100,100
50.9268,100,100
50.9266,100,100
50.9263,100,100
50.9261,100,100
50.9258,100,100
50.9255,100,100
50.9253,100,100
50.925,100,100
50.9248,100,100
50.9245,100,100
50.9243,100,100
50.924,100,100
50.9238,100,100
50.9235,100,100
50.9233,100,100
50.923,100,100
50.9227,100,100
50.9225,100,100
50.9222,100,100
50.922,100,100
50.9217,100,100
50.9215,100,100
50.9212,100,100
50.921,100,100
50.9207,100,100
50.9205,100,100
50.9202,100,100
50.9199,100,100
50.9197,100,100
50.9194,100,100
50.9192,100,100
50.9189,100,100
50.9187,100,100
50.9184,100,100
50.9182,100,100
50.9179,100,100
50.9176,100,100
50.9174,100,100
50.9171,100,100
50.9169,100,100
50.9166,100,100
50.9164,100,100
50.9161,100,100
50.9159,100,100
50.9156,100,100
50.9154,100,100
50.9151,100,100
50.9148,100,100
50.9146,100,100
50.9143,100,100
50.9141,100,100
50.9138,100,100
50.9136,100,100
50.9133,100,100
50.9131,100,100
50.9128,100,100
50.9125,100,100
50.9123,100,100
50.912,100,100
50.9118,100,100
50.9115,100,100
50.9113,100,100
50.911,100,100
50.9108,100,100
50.9105,100,100
50.9103,100,100
50.91,100,100
50.9097,100,100
50.9095,100,100
50.9092,100,100
50.909,100,100
50.9088,100,100
50.9085,100,100
50.9083,100,100
50.908,100,100
50.9078,100,100
50.9075,100,100
50.9073,100,100
50.907,100,100
50.9068,100,100
50.9065,100,100
50.9063,100,100
50.906,100,100
50.9058,100,100
50.9056,100,100
50.9053,100,100
50.9051,100,100
50.9048,100,100
50.9046,100,100
50.9043,100,100
50.9041,100,100
50.9038,100,100
50.9036,100,100
50.9033,100,100
50.9031,100,100
50.9028,100,100
50.9026,100,100
50.9024,100,100
50.9021,100,100
50.9019,100,100
50.9016,100,100
50.9014,100,100
50.9011,100,100
50.9009,100,100
50.9006,100,100
50.9004,100,100
50.9001,100,100
50.8999,100,100
50.8997,100,100
50.8994,100,100
50.8992,100,100
50.8989,100,100
50.8987,100,100
50.8984,100,100
50.8982,100,100
50.8979,100,100
50.8977,100,100
50.8974,100,100
50.8972,100,100
50.8969,100,100
50.8967,100,100
50.8965,100,100
50.8962,100,100
50.896,100,100
50.8957,100,100
50.8955,100,100
50.8952,100,100
50.895,100,100
50.8947,100,100
50.8945,100,100
50.8942,100,100
50.894,100,100
50.8937,100,100
50.8935,100,100
50.8933,100,100
50.893,100,100
50.8928,100,100
50.8925,100,100
50.8923,100,100
50.892,100,100
50.8918,100,100
50.8915,100,100
50.8913,100,100
50.891,100,100
50.8908,100,100
50.8906,100,100
50.8903,100,100
50.8901,100,100
50.8898,100,100
50.8896,100,100
50.8893,100,100
50.8891,100,100
50.8888,100,100
50.8886,100,100
50.8883,100,100
50.8881,100,100
50.8878,100,100
50.8876,100,100
50.8874,100,100
50.8871,100,100
50.8869,100,100
50.8866,100,100
50.8864,100,100
50.8861,100,100
50.8859,100,100
50.8856,100,100
50.8854,100,100
50.8851,100,100
50.8849,100,100
50.8847,100,100
50.8844,100,100
50.8842,100,100
50.8839,100,100
50.8837,100,100
50.8835,100,100
50.8832,100,100
50.883,100,100
50.8827,100,100
50.8825,100,100
50.8823,100,100
50.882,100,100
50.8818,100,100
50.8815,100,100
50.8813,100,100
50.8811,100,100
50.8808,100,100
50.8806,100,100
50.8803,100,100
50.8801,100,100
50.8799,100,100
50.8796,100,100
50.8794,100,100
50.8791,100,100
50.8789,100,100
50.8787,100,100
50.8784,100,100
50.8782,100,100
50.8779,100,100
50.8777,100,100
50.8775,100,100
50.8772,100,100
50.877,100,100
50.8767,100,100
50.8765,100,100
50.8763,100,100
50.876,100,100
50.8758,100,100
50.8756,100,100
50.8753,100,100
50.8751,100,100
50.8748,100,100
50.8746,100,100
50.8744,100,100
50.8741,100,100
50.8739,100,100
50.8736,100,100
50.8734,100,100
50.8732,100,100
50.8729,100,100
50.8727,100,100
50.8724,100,100
50.8722,100,100
50.872,100,100
50.8717,100,100
50.8715,100,100
50.8712,100,100
50.871,100,100
50.8708,100,100
50.8705,100,100
50.8703,100,100
50.87,100,100
50.8698,100,100
50.8696,100,100
50.8693,100,100
50.8691,100,100
50.8688,100,100
50.8686,100,100
50.8684,100,100
50.8681,100,100
50.8679,100,100
50.8676,100,100
50.8674,100,100
50.8672,100,100
50.8669,100,100
50.8667,100,100
50.8665,100,100
50.8662,100,100
50.866,100,100
50.8657,100,100
50.8655,100,100
50.8653,100,100
50.865,100,100
50.8648,100,100
50.8645,100,100
50.8643,100,100
50.8641,100,100
50.8638,100,100
50.8636,100,100
50.8633,100,100
50.8631,100,100
50.8629,100,100
50.8626,100,100
50.8624,100,100
50.8621,100,100
50.8619,100,100
50.8617,100,100
50.8614,100,100
50.8612,100,100
50.8609,100,100
50.8607,100,100
50.8605,100,100
50.8602,100,100
50.86,100,100
50.8598,100,100
50.8595,100,100
50.8593,100,100
50.8591,100,100
50.8588,100,100
50.8586,100,100
50.8583,100,100
50.8581,100,100
50.8579,100,100
50.8576,100,100
50.8574,100,100
50.8572,100,100
50.8569,100,100
50.8567,100,100
50.8565,100,100
50.8562,100,100
50.856,100,100
50.8558,100,100
50.8555,100,100
50.8553,100,100
50.855,100,100
50.8548,100,100
50.8546,100,100
50.8543,100,100
50.8541,100,100
50.8539,100,100
50.8536,100,100
50.8534,100,100
50.8532,100,100
50.8529,100,100
50.8527,100,100
50.8525,100,100
50.8522,100,100
50.852,100,100
50.8518,100,100
50.8515,100,100
50.8513,100,100
50.851,100,100
50.8508,100,100
50.8506,100,100
50.8503,100,100
50.8501,100,100
50.8499,100,100
50.8496,100,100
50.8494,100,100
50.8492,100,100
50.8489,100,100
50.8487,100,100
50.8485,100,100
50.8482,100,100
50.848,100,100
50.8477,100,100
50.8475,100,100
50.8473,100,100
50.847,100,100
50.8468,100,100
50.8466,100,100
50.8463,100,100
50.8461,100,100
50.8459,100,100
50.8456,100,100
50.8454,100,100
50.8452,100,100
50.8449,100,100
50.8447,100,100
50.8444,100,100
50.8442,100,100
50.844,100,100
50.8437,100,100
50.8435,100,100
50.8433,100,100
50.843,100,100
50.8428,100,100
50.8426,100,100
50.8423,100,100
50.8421,100,100
50.8419,100,100
50.8416,100,100
50.8414,100,100
50.8411,100,100
50.8409,100,100
50.8407,100,100
50.8404,100,100
50.8402,100,100
50.84,100,100
50.8397,100,100
50.8395,100,100
50.8393,100,100
50.839,100,100
50.8388,100,100
50.8386,100,100
50.8383,100,100
50.8381,100,100
50.8378,100,100
50.8376,100,100
50.8374,100,100
50.8371,100,100
50.8369,100,100
50.8367,100,100
50.8365,100,100
50.8362,100,100
50.836,100,100
50.8358,100,100
50.8355,100,100
50.8353,100,100
50.8351,100,100
50.8348,100,100
50.8346,100,100
50.8344,100,100
50.8342,100,100
50.8339,100,100
50.8337,100,100
50.8335,100,100
50.8332,100,100
50.833,100,100
50.8328,100,100
50.8326,100,100
50.8323,100,100
50.8321,100,100
50.8319,100,100
50.8316,100,100
50.8314,100,100
50.8312,100,100
50.8309,100,100
50.8307,100,100
50.8305,100,100
50.8303,100,100
50.83,100,100
50.8298,100,100
50.8296,100,100
50.8293,100,100
50.8291,100,100
50.8289,100,100
50.8287,100,100
50.8284,100,100
50.8282,100,100
50.828,100,100
50.8277,100,100
50.8275,100,100
50.8273,100,100
50.8271,100,100
50.8268,100,100
50.8266,100,100
50.8264,100,100
50.8261,100,100
50.8259,100,100
50.8257,100,100
50.8254,100,100
50.8252,100,100
50.825,100,100
50.8248,100,100
50.8245,100,100
50.8243,100,100
50.8241,100,100
50.8238,100,100
50.8236,100,100
50.8234,100,100
50.8232,100,100
50.8229,100,100
50.8227,100,100
50.8225,100,100
50.8222,100,100
50.822,100,100
50.8218,100,100
50.8215,100,100
50.8213,100,100
50.8211,100,100
50.8209,100,100
50.8206,100,100
50.8204,100,100
50.8202,100,100
50.8199,100,100
50.8197,100,100
50.8195,100,100
50.8193,100,100
50.819,100,100
50.8188,100,100
50.8186,100,100
50.8183,100,100
50.8181,100,100
50.8179,100,100
50.8176,100,100
50.8174,100,100
50.8172,100,100
50.817,100,100
50.8167,100,100
50.8165,100,100
50.8163,100,100
50.816,100,100
50.8158,100,100
50.8156,100,100
50.8154,100,100
50.8151,100,100
50.8149,100,100
50.8147,100,100
50.8144,100,100
50.8142,100,100
50.814,100,100
50.8138,100,100
50.8135,100,100
50.8133,100,100
50.8131,100,100
50.8129,100,100
50.8126,100,100
50.8124,100,100
50.8122,100,100
50.812,100,100
50.8118,100,100
50.8115,100,100
50.8113,100,100
50.8111,100,100
50.8109,100,100
50.8106,100,100
50.8104,100,100
50.8102,100,100
50.81,100,100
50.8097,100,100
50.8095,100,100
50.8093,100,100
50.8091,100,100
50.8089,100,100
50.8086,100,100
50.8084,100,100
50.8082,100,100
50.808,100,100
50.8077,100,100
50.8075,100,100
50.8073,100,100
50.8071,100,100
50.8068,100,100
50.8066,100,100
50.8064,100,100
50.8062,100,100
50.8059,100,100
50.8057,100,100
50.8055,100,100
50.8053,100,100
50.8051,100,100
50.8048,100,100
50.8046,100,100
50.8044,100,100
50.8042,100,100
50.8039,100,100
50.8037,100,100
50.8035,100,100
50.8033,100,100
50.803,100,100
50.8028,100,100
50.8026,100,100
50.8024,100,100
50.8022,100,100
50.8019,100,100
50.8017,100,100
50.8015,100,100
50.8013,100,100
50.801,100,100
50.8008,100,100
50.8006,100,100
50.8004,100,100
50.8001,100,100
50.7999,100,100
50.7997,100,100
50.7995,100,100
50.7992,100,100
50.799,100,100
50.7988,100,100
50.7986,100,100
50.7984,100,100
50.7981,100,100
50.7979,100,100
50.7977,100,100
50.7975,100,100
50.7972,100,100
50.797,100,100
50.7968,100,100
50.7966,100,100
50.7963,100,100
50.7961,100,100
50.7959,100,100
50.7957,100,100
50.7955,100,100
50.7952,100,100
50.795,100,100
50.7948,100,100
50.7946,100,100
50.7943,100,100
50.7941,100,100
50.7939,100,100
50.7937,100,100
50.7934,100,100
50.7932,100,100
50.793,100,100
50.7928,100,100
50.7925,100,100
50.7923,100,100
50.7921,100,100
50.7919,100,100
50.7917,100,100
50.7914,100,100
50.7912,100,100
50.791,100,100
50.7908,100,100
50.7906,100,100
50.7904,100,100
50.7901,100,100
50.7899,100,100
50.7897,100,100
50.7895,100,100
50.7893,100,100
50.789,100,100
50.7888,100,100
50.7886,100,100
50.7884,100,100
50.7882,100,100
50.788,100,100
50.7877,100,100
50.7875,100,100
50.7873,100,100
50.7871,100,100
50.7869,100,100
50.7866,100,100
50.7864,100,100
50.7862,100,100
50.786,100,100
50.7858,100,100
50.7856,100,100
50.7853,100,100
50.7851,100,100
50.7849,100,100
50.7847,100,100
50.7845,100,100
50.7843,100,100
50.784,100,100
50.7838,100,100
50.7836,100,100
50.7834,100,100
50.7832,100,100
50.7829,100,100
50.7827,100,100
50.7825,100,100
50.7823,100,100
50.7821,100,100
50.7819,100,100
50.7816,100,100
50.7814,100,100
50.7812,100,100
50.781,100,100
50.7808,100,100
50.7805,100,100
50.7803,100,100
50.7801,100,100
50.7799,100,100
50.7797,100,100
50.7795,100,100
50.7792,100,100
50.779,100,100
50.7788,100,100
50.7786,100,100
50.7784,100,100
50.7781,100,100
50.7779,100,100
50.7777,100,100
50.7775,100,100
50.7773,100,100
50.7771,100,100
50.7768,100,100
50.7766,100,100
50.7764,100,100
50.7762,100,100
50.776,100,100
50.7757,100,100
50.7755,100,100
50.7753,100,100
50.7751,100,100
50.7749,100,100
50.7747,100,100
50.7744,100,100
50.7742,100,100
50.774,100,100
50.7738,100,100
50.7736,100,100
50.7734,100,100
50.7731,100,100
50.7729,100,100
50.7727,100,100
50.7725,100,100
50.7723,100,100
50.772,100,100
50.7718,100,100
50.7716,100,100
50.7714,100,100
50.7712,100,100
50.771,100,100
50.7707,100,100
50.7705,100,100
50.7703,100,100
50.7701,100,100
50.7699,100,100
50.7697,100,100
50.7694,100,100
50.7692,100,100
50.769,100,100
50.7688,100,100
50.7686,100,100
50.7684,100,100
50.7682,100,100
50.768,100,100
50.7677,100,100
50.7675,100,100
50.7673,100,100
50.7671,100,100
50.7669,100,100
50.7667,100,100
50.7665,100,100
50.7663,100,100
50.766,100,100
50.7658,100,100
50.7656,100,100
50.7654,100,100
50.7652,100,100
50.765,100,100
50.7648,100,100
50.7646,100,100
50.7643,100,100
50.7641,100,100
50.7639,100,100
50.7637,100,100
50.7635,100,100
50.7633,100,100
50.7631,100,100
50.7629,100,100
50.7626,100,100
50.7624,100,100
50.7622,100,100
50.762,100,100
50.7618,100,100
50.7616,100,100
50.7614,100,100
50.7612,100,100
50.7609,100,100
50.7607,100,100
50.7605,100,100
50.7603,100,100
50.7601,100,100
50.7599,100,100
50.7597,100,100
50.7595,100,100
50.7592,100,100
50.759,100,100
50.7588,100,100
50.7586,100,100
50.7584,100,100
50.7582,100,100
50.758,100,100
50.7578,100,100
50.7575,100,100
50.7573,100,100
50.7571,100,100
50.7569,100,100
50.7567,100,100
50.7565,100,100
50.7563,100,100
50.7561,100,100
50.7558,100,100
50.7556,100,100
50.7554,100,100
50.7552,100,100
50.755,100,100
50.7548,100,100
50.7546,100,100
50.7544,100,100
50.7541,100,100
50.7539,100,100
50.7537,100,100
50.7535,100,100
50.7533,100,100
50.7531,100,100
50.7529,100,100
50.7527,100,100
50.7524,100,100
50.7522,100,100
50.752,100,100
50.7518,100,100
50.7516,100,100
50.7514,100,100
50.7512,100,100
50.751,100,100
50.7507,100,100
50.7505,100,100
50.7503,100,100
50.7501,100,100
50.7499,100,100
50.7497,100,100
50.7495,100,100
50.7493,100,100
50.749,100,100
50.7488,100,100
50.7486,100,100
50.7484,100,100
50.7482,100,100
50.748,100,100
50.7478,100,100
50.7476,100,100
50.7474,100,100
50.7472,100,100
50.747,100,100
50.7467,100,100
50.7465,100,100
50.7463,100,100
50.7461,100,100
50.7459,100,100
50.7457,100,100
50.7455,100,100
50.7453,100,100
50.7451,100,100
50.7449,100,100
50.7447,100,100
50.7445,100,100
50.7442,100,100
50.744,100,100
50.7438,100,100
50.7436,100,100
50.7434,100,100
50.7432,100,100
50.743,100,100
50.7428,100,100
50.7426,100,100
50.7424,100,100
50.7422,100,100
50.742,100,100
50.7417,100,100
50.7415,100,100
50.7413,100,100
50.7411,100,100
50.7409,100,100
50.7407,100,100
50.7405,100,100
50.7403,100,100
50.7401,100,100
50.7399,100,100
50.7397,100,100
50.7395,100,100
50.7392,100,100
50.739,100,100
50.7388,100,100
50.7386,100,100
50.7384,100,100
50.7382,100,100
50.738,100,100
50.7378,100,100
50.7376,100,100
50.7374,100,100
50.7372,100,100
50.737,100,100
50.7367,100,100
50.7365,100,100
50.7363,100,100
50.7361,100,100
50.7359,100,100
50.7357,100,100
50.7355,100,100
50.7353,100,100
50.7351,100,100
50.7349,100,100
50.7347,100,100
50.7345,100,100
50.7342,100,100
50.734,100,100
50.7338,100,100
50.7336,100,100
50.7334,100,100
50.7332,100,100
50.733,100,100
50.7328,100,100
50.7326,100,100
50.7324,100,100
50.7322,100,100
50.732,100,100
50.7317,100,100
50.7315,100,100
50.7313,100,100
50.7311,100,100
50.7309,100,100
50.7307,100,100
50.7305,100,100
50.7303,100,100
50.7301,100,100
50.7299,100,100
50.7297,100,100
50.7295,100,100
50.7292,100,100
50.729,100,100
50.7288,100,100
50.7286,100,100
50.7284,100,100
50.7282,100,100
50.728,100,100
50.7278,100,100
50.7276,100,100
50.7274,100,100
50.7272,100,100
50.727,100,100
50.7268,100,100
50.7265,100,100
50.7263,100,100
50.7261,100,100
50.7259,100,100
50.7257,100,100
50.7255,100,100
50.7253,100,100
50.7251,100,100
50.7249,100,100
50.7247,100,100
50.7245,100,100
50.7243,100,100
50.7241,100,100
50.7239,100,100
50.7236,100,100
50.7234,100,100
50.7232,100,100
50.723,100,100
50.7228,100,100
50.7226,100,100
50.7224,100,100
50.7222,100,100
50.722,100,100
50.7218,100,100
50.7216,100,100
50.7214,100,100
50.7212,100,100
50.7209,100,100
50.7207,100,100
50.7205,100,100
50.7203,100,100
50.7201,100,100
50.7199,100,100
50.7197,100,100
50.7195,100,100
50.7193,100,100
50.7191,100,100
50.7189,100,100
50.7187,100,100
50.7185,100,100
50.7182,100,100
50.718,100,100
50.7178,100,100
50.7176,100,100
50.7174,100,100
50.7172,100,100
50.717,100,100
50.7168,100,100
50.7166,100,100
50.7164,100,100
50.7162,100,100
50.716,100,100
50.7158,100,100
50.7156,100,100
50.7153,100,100
50.7151,100,100
50.7149,100,100
50.7147,100,100
50.7145,100,100
50.7143,100,100
50.7141,100,100
50.7139,100,100
50.7137,100,100
50.7135,100,100
50.7133,100,100
50.7131,100,100
50.7129,100,100
50.7126,100,100
50.7124,100,100
50.7122,100,100
50.712,100,100
50.7118,100,100
50.7116,100,100
50.7114,100,100
50.7112,100,100
50.711,100,100
50.7108,100,100
50.7106,100,100
50.7104,100,100
50.7102,100,100
50.71,100,100
50.7097,100,100
50.7095,100,100
50.7093,100,100
50.7091,100,100
50.7089,100,100
50.7087,100,100
50.7085,100,100
50.7083,100,100
50.7081,100,100
50.7079,100,100
50.7077,100,100
50.7075,100,100
50.7073,100,100
50.707,100,100
50.7068,100,100
50.7066,100,100
50.7064,100,100
50.7062,100,100
50.706,100,100
50.7058,100,100
50.7056,100,100
50.7054,100,100
50.7052,100,100
50.705,100,100
50.7048,100,100
50.7046,100,100
50.7044,100,100
50.7041,100,100
50.7039,100,100
50.7037,100,100
50.7035,100,100
50.7033,100,100
50.7031,100,100
50.7029,100,100
50.7027,100,100
50.7025,100,100
50.7023,100,100
50.7021,100,100
50.7019,100,100
50.7017,100,100
50.7014,100,100
50.7012,100,100
50.701,100,100
50.7008,100,100
50.7006,100,100
50.7004,100,100
50.7002,100,100
50.7,100,100
50.6998,100,100
50.6996,100,100
50.6994,100,100
50.6992,100,100
50.699,100,100
50.6988,100,100
50.6985,100,100
50.6983,100,100
50.6981,100,100
50.6979,100,100
50.6977,100,100
50.6975,100,100
50.6973,100,100
50.6971,100,100
50.6969,100,100
50.6967,100,100
50.6965,100,100
50.6963,100,100
50.6961,100,100
50.6959,100,100
50.6956,100,100
50.6954,100,100
50.6952,100,100
50.695,100,100
50.6948,100,100
50.6946,100,100
50.6944,100,100
50.6942,100,100
50.694,100,100
50.6938,100,100
50.6936,100,100
50.6934,100,100
50.6932,100,100
50.6929,100,100
50.6927,100,100
50.6925,100,100
50.6923,100,100
50.6921,100,100
50.6919,100,100
50.6917,100,100
50.6915,100,100
50.6913,100,100
50.6911,100,100
50.6909,100,100
50.6907,100,100
50.6905,100,100
50.6903,100,100
50.69,100,100
50.6898,100,100
50.6896,100,100
50.6894,100,100
50.6892,100,100
50.689,100,100
50.6888,100,100
50.6886,100,100
50.6884,100,100
50.6882,100,100
50.688,100,100
50.6878,100,100
50.6876,100,100
50.6873,100,100
50.6871,100,100
50.6869,100,100
50.6867,100,100
50.6865,100,100
50.6863,100,100
50.6861,100,100
50.6859,100,100
50.6857,100,100
50.6855,100,100
50.6853,100,100
50.6851,100,100
50.6849,100,100
50.6847,100,100
50.6845,100,100
50.6843,100,100
50.6841,100,100
50.6839,100,100
50.6837,100,100
50.6835,100,100
50.6833,100,100
50.6831,100,100
50.6829,100,100
50.6827,100,100
50.6825,100,100
50.6823,100,100
50.6821,100,100
50.6819,100,100
50.6817,100,100
50.6815,100,100
50.6813,100,100
50.6811,100,100
50.6809,100,100
50.6807,100,100
50.6805,100,100
50.6803,100,100
50.6801,100,100
50.6799,100,100
50.6797,100,100
50.6794,100,100
50.6792,100,100
50.679,100,100
50.6788,100,100
50.6786,100,100
50.6784,100,100
50.6782,100,100
50.678,100,100
50.6778,100,100
50.6776,100,100
50.6774,100,100
50.6772,100,100
50.677,100,100
50.6768,100,100
50.6766,100,100
50.6764,100,100
50.6762,100,100
50.676,100,100
50.6758,100,100
50.6756,100,100
50.6754,100,100
50.6752,100,100
50.675,100,100
50.6748,100,100
50.6746,100,100
50.6744,100,100
50.6742,100,100
50.674,100,100
50.6738,100,100
50.6736,100,100
50.6734,100,100
50.6732,100,100
50.673,100,100
50.6728,100,100
50.6726,100,100
50.6724,100,100
50.6722,100,100
50.672,100,100
50.6718,100,100
50.6716,100,100
50.6714,100,100
50.6712,100,100
50.671,100,100
50.6708,100,100
50.6706,100,100
50.6704,100,100
50.6701,100,100
50.6699,100,100
50.6697,100,100
50.6695,100,100
50.6693,100,100
50.6691,100,100
50.6689,100,100
50.6687,100,100
50.6685,100,100
50.6683,100,100
50.6681,100,100
50.6679,100,100
50.6677,100,100
50.6675,100,100
50.6673,100,100
50.6671,100,100
50.6669,100,100
50.6667,100,100
50.6665,100,100
50.6663,100,100
50.6661,100,100
50.6659,100,100
50.6657,100,100
50.6655,100,100
50.6653,100,100
50.6651,100,100
50.6649,100,100
50.6647,100,100
50.6645,100,100
50.6643,100,100
50.6641,100,100
50.6639,100,100
50.6637,100,100
50.6635,100,100
50.6633,100,100
50.6631,100,100
50.6629,100,100
50.6627,100,100
50.6625,100,100
50.6623,100,100
50.6621,100,100
50.6619,100,100
50.6617,100,100
50.6615,100,100
50.6613,100,100
50.6611,100,100
50.6608,100,100
50.6606,100,100
50.6604,100,100
50.6602,100,100
50.66,100,100
50.6598,100,100
50.6596,100,100
50.6594,100,100
50.6592,100,100
50.659,100,100
50.6588,100,100
50.6586,100,100
50.6584,100,100
50.6582,100,100
50.658,100,100
50.6578,100,100
50.6576,100,100
50.6574,100,100
50.6572,100,100
50.657,100,100
50.6568,100,100
50.6566,100,100
50.6564,100,100
50.6562,100,100
50.656,100,100
50.6558,100,100
50.6556,100,100
50.6554,100,100
50.6552,100,100
50.655,100,100
50.6548,100,100
50.6546,100,100
50.6544,100,100
50.6542,100,100
50.654,100,100
50.6538,100,100
50.6536,100,100
50.6534,100,100
50.6532,100,100
50.653,100,100
50.6528,100,100
50.6526,100,100
50.6524,100,100
50.6522,100,100
50.652,100,100
50.6518,100,100
50.6516,100,100
50.6513,100,100
50.6511,100,100
50.6509,100,100
50.6507,100,100
50.6505,100,100
50.6503,100,100
50.6501,100,100
50.6499,100,100
50.6497,100,100
50.6495,100,100
50.6493,100,100
50.6491,100,100
50.6489,100,100
50.6487,100,100
50.6485,100,100
50.6483,100,100
50.6481,100,100
50.6479,100,100
50.6477,100,100
50.6475,100,100
50.6473,100,100
50.6471,100,100
50.6469,100,100
50.6467,100,100
50.6465,100,100
50.6463,100,100
50.6461,100,100
50.6459,100,100
50.6457,100,100
50.6455,100,100
50.6453,100,100
50.6451,100,100
50.6449,100,100
50.6447,100,100
50.6445,100,100
50.6443,100,100
50.6441,100,100
50.6439,100,100
50.6437,100,100
50.6435,100,100
50.6433,100,100
50.6431,100,100
50.6429,100,100
50.6427,100,100
50.6425,100,100
50.6423,100,100
50.642,100,100
50.6418,100,100
50.6416,100,100
50.6414,100,100
50.6412,100,100
50.641,100,100
50.6408,100,100
50.6406,100,100
50.6404,100,100
50.6402,100,100
50.64,100,100
50.6398,100,100
50.6396,100,100
50.6394,100,100
50.6392,100,100
50.639,100,100
50.6388,100,100
50.6386,100,100
50.6384,100,100
50.6382,100,100
50.638,100,100
50.6378,100,100
50.6376,100,100
50.6374,100,100
50.6372,100,100
50.637,100,100
50.6368,100,100
50.6366,100,100
50.6364,100,100
50.6362,100,100
50.636,100,100
50.6358,100,100
50.6356,100,100
50.6354,100,100
50.6352,100,100
50.635,100,100
50.6348,100,100
50.6346,100,100
50.6344,100,100
50.6342,100,100
50.634,100,100
50.6338,100,100
50.6336,100,100
50.6334,100,100
50.6332,100,100
50.633,100,100
50.6327,100,100
50.6325,100,100
50.6323,100,100
50.6321,100,100
50.6319,100,100
50.6317,100,100
50.6315,100,100
50.6313,100,100
50.6311,100,100
50.6309,100,100
50.6307,100,100
50.6305,100,100
50.6303,100,100
50.6301,100,100
50.6299,100,100
50.6297,100,100
50.6295,100,100
50.6293,100,100
50.6291,100,100
50.6289,100,100
50.6287,100,100
50.6285,100,100
50.6283,100,100
50.6281,100,100
50.6279,100,100
50.6277,100,100
50.6275,100,100
50.6273,100,100
50.6271,100,100
50.6269,100,100
50.6267,100,100
50.6265,100,100
50.6263,100,100
50.6261,100,100
50.6259,100,100
50.6257,100,100
50.6255,100,100
50.6253,100,100
50.6251,100,100
50.6249,100,100
50.6247,100,100
50.6245,100,100
50.6243,100,100
50.6241,100,100
50.6239,100,100
50.6237,100,100
50.6234,100,100
50.6232,100,100
50.623,100,100
50.6228,100,100
50.6226,100,100
50.6224,100,100
50.6222,100,100
50.622,100,100
50.6218,100,100
50.6216,100,100
50.6214,100,100
50.6212,100,100
50.621,100,100
50.6208,100,100
50.6206,100,100
50.6204,100,100
50.6202,100,100
50.62,100,100
50.6198,100,100
50.6196,100,100
50.6194,100,100
50.6192,100,100
50.619,100,100
50.6188,100,100
50.6186,100,100
50.6184,100,100
50.6182,100,100
50.618,100,100
50.6178,100,100
50.6176,100,100
50.6174,100,100
50.6172,100,100
50.617,100,100
50.6168,100,100
50.6166,100,100
50.6164,100,100
50.6162,100,100
50.616,100,100
50.6158,100,100
50.6156,100,100
50.6154,100,100
50.6152,100,100
50.615,100,100
50.6148,100,100
50.6145,100,100
50.6143,100,100
50.6141,100,100
50.6139,100,100
50.6137,100,100
50.6135,100,100
50.6133,100,100
50.6131,100,100
50.6129,100,100
50.6127,100,100
50.6125,100,100
50.6123,100,100
50.6121,100,100
50.6119,100,100
50.6117,100,100
50.6115,100,100
50.6113,100,100
50.6111,100,100
50.6109,100,100
50.6107,100,100
50.6105,100,100
50.6103,100,100
50.6101,100,100
50.6099,100,100
50.6097,100,100
50.6095,100,100
50.6093,100,100
50.6091,100,100
50.6089,100,100
50.6087,100,100
50.6085,100,100
50.6083,100,100
50.6081,100,100
50.6079,100,100
50.6077,100,100
50.6075,100,100
50.6073,100,100
50.6071,100,100
50.6069,100,100
50.6067,100,100
50.6065,100,100
50.6063,100,100
50.6061,100,100
50.6059,100,100
50.6056,100,100
50.6054,100,100
50.6052,100,100
50.605,100,100
50.6048,100,100
50.6046,100,100
50.6044,100,100
50.6042,100,100
50.604,100,100
50.6038,100,100
50.6036,100,100
50.6034,100,100
50.6032,100,100
50.603,100,100
50.6028,100,100
50.6026,100,100
50.6024,100,100
50.6022,100,100
50.602,100,100
50.6018,100,100
50.6016,100,100
50.6014,100,100
50.6012,100,100
50.601,100,100
50.6008,100,100
50.6006,100,100
50.6004,100,100
50.6002,100,100
50.6,100,100
50.5998,100,100
50.5996,100,100
50.5994,100,100
50.5992,100,100
50.599,100,100
50.5988,100,100
50.5986,100,100
50.5984,100,100
50.5982,100,100
50.598,100,100
50.5978,100,100
50.5976,100,100
50.5974,100,100
50.5972,100,100
50.5969,100,100
50.5967,100,100
50.5965,100,100
50.5963,100,100
50.5961,100,100
50.5959,100,100
50.5957,100,100
50.5955,100,100
50.5953,100,100
50.5951,100,100
50.5949,100,100
50.5947,100,100
50.5945,100,100
50.5943,100,100
50.5941,100,100
50.5939,100,100
50.5937,100,100
50.5935,100,100
50.5933,100,100
50.5931,100,100
50.5929,100,100
50.5927,100,100
50.5925,100,100
50.5923,100,100
50.5921,100,100
50.5919,100,100
50.5917,100,100
50.5915,100,100
50.5913,100,100
50.5911,100,100
50.5909,100,100
50.5907,100,100
50.5905,100,100
50.5903,100,100
50.5901,100,100
50.5899,100,100
50.5897,100,100
50.5895,100,100
50.5893,100,100
50.5891,100,100
50.5889,100,100
50.5887,100,100
50.5885,100,100
50.5883,100,100
50.588,100,100
50.5878,100,100
50.5876,100,100
50.5874,100,100
50.5872,100,100
50.587,100,100
50.5868,100,100
50.5866,100,100
50.5864,100,100
50.5862,100,100
50.586,100,100
50.5858,100,100
50.5856,100,100
50.5854,100,100
50.5852,100,100
50.585,100,100
50.5848,100,100
50.5846,100,100
50.5844,100,100
50.5842,100,100
50.584,100,100
50.5838,100,100
50.5836,100,100
50.5834,100,100
50.5832,100,100
50.583,100,100
50.5828,100,100
50.5826,100,100
50.5824,100,100
50.5822,100,100
50.582,100,100
50.5818,100,100
50.5816,100,100
50.5814,100,100
50.5812,100,100
50.581,100,100
50.5808,100,100
50.5806,100,100
50.5804,100,100
50.5802,100,100
50.58,100,100
50.5798,100,100
50.5796,100,100
50.5794,100,100
50.5792,100,100
50.5789,100,100
50.5787,100,100
50.5785,100,100
50.5783,100,100
50.5781,100,100
50.5779,100,100
50.5777,100,100
50.5775,100,100
50.5773,100,100
50.5771,100,100
50.5769,100,100
50.5767,100,100
50.5765,100,100
50.5763,100,100
50.5761,100,100
50.5759,100,100
50.5757,100,100
50.5755,100,100
50.5753,100,100
50.5751,100,100
50.5749,100,100
50.5747,100,100
50.5745,100,100
50.5743,100,100
50.5741,100,100
50.5739,100,100
50.5737,100,100
50.5735,100,100
50.5733,100,100
50.5731,100,100
50.5729,100,100
50.5727,100,100
50.5725,100,100
50.5723,100,100
50.5721,100,100
50.5719,100,100
50.5717,100,100
50.5715,100,100
50.5713,100,100
50.5711,100,100
50.5709,100,100
50.5707,100,100
50.5705,100,100
50.5703,100,100
50.5701,100,100
50.5698,100,100
50.5696,100,100
50.5694,100,100
50.5692,100,100
50.569,100,100
50.5688,100,100
50.5686,100,100
50.5684,100,100
50.5682,100,100
50.568,100,100
50.5678,100,100
50.5676,100,100
50.5674,100,100
50.5672,100,100
50.567,100,100
50.5668,100,100
50.5666,100,100
50.5664,100,100
50.5662,100,100
50.566,100,100
50.5658,100,100
50.5656,100,100
50.5654,100,100
50.5652,100,100
50.565,100,100
50.5648,100,100
50.5646,100,100
50.5644,100,100
50.5642,100,100
50.564,100,100
50.5638,100,100
50.5636,100,100
50.5634,100,100
50.5632,100,100
50.563,100,100
50.5628,100,100
50.5626,100,100
50.5624,100,100
50.5622,100,100
50.562,100,100
50.5618,100,100
50.5616,100,100
50.5615,100,100
50.5613,100,100
50.5611,100,100
50.5609,100,100
50.5607,100,100
50.5605,100,100
50.5603,100,100
50.5601,100,100
50.5599,100,100
50.5597,100,100
50.5595,100,100
50.5593,100,100
50.5591,100,100
50.5589,100,100
50.5587,100,100
50.5585,100,100
50.5583,100,100
50.5581,100,100
50.5579,100,100
50.5577,100,100
50.5575,100,100
50.5573,100,100
50.5571,100,100
50.5569,100,100
50.5567,100,100
50.5565,100,100
50.5563,100,100
50.5561,100,100
50.5559,100,100
50.5557,100,100
50.5555,100,100
50.5553,100,100
50.5551,100,100
50.5549,100,100
50.5547,100,100
50.5545,100,100
50.5543,100,100
50.5541,100,100
50.554,100,100
50.5538,100,100
50.5536,100,100
50.5534,100,100
50.5532,100,100
50.553,100,100
50.5528,100,100
50.5526,100,100
50.5524,100,100
50.5522,100,100
50.552,100,100
50.5518,100,100
50.5516,100,100
50.5514,100,100
50.5512,100,100
50.551,100,100
50.5508,100,100
50.5506,100,100
50.5504,100,100
50.5502,100,100
50.55,100,100
50.5498,100,100
50.5496,100,100
50.5494,100,100
50.5492,100,100
50.549,100,100
50.5488,100,100
50.5486,100,100
50.5484,100,100
50.5482,100,100
50.548,100,100
50.5478,100,100
50.5476,100,100
50.5474,100,100
50.5472,100,100
50.547,100,100
50.5468,100,100
50.5466,100,100
50.5465,100,100
50.5463,100,100
50.5461,100,100
50.5459,100,100
50.5457,100,100
50.5455,100,100
50.5453,100,100
50.5451,100,100
50.5449,100,100
50.5447,100,100
50.5445,100,100
50.5443,100,100
50.5441,100,100
50.5439,100,100
50.5437,100,100
50.5435,100,100
50.5433,100,100
50.5431,100,100
50.5429,100,100
50.5427,100,100
50.5425,100,100
50.5423,100,100
50.5421,100,100
50.5419,100,100
50.5417,100,100
50.5415,100,100
50.5413,100,100
50.5411,100,100
50.5409,100,100
50.5407,100,100
50.5405,100,100
50.5403,100,100
50.5401,100,100
50.5399,100,100
50.5398,100,100
50.5396,100,100
50.5394,100,100
50.5392,100,100
50.539,100,100
50.5388,100,100
50.5386,100,100
50.5384,100,100
50.5382,100,100
50.538,100,100
50.5378,100,100
50.5376,100,100
50.5374,100,100
50.5372,100,100
50.537,100,100
50.5368,100,100
50.5366,100,100
50.5364,100,100
50.5362,100,100
50.536,100,100
50.5358,100,100
50.5356,100,100
50.5354,100,100
50.5352,100,100
50.535,100,100
50.5348,100,100
50.5346,100,100
50.5344,100,100
50.5342,100,100
50.534,100,100
50.5338,100,100
50.5336,100,100
50.5334,100,100
50.5332,100,100
50.5331,100,100
50.5329,100,100
50.5327,100,100
50.5325,100,100
50.5323,100,100
50.5321,100,100
50.5319,100,100
50.5317,100,100
50.5315,100,100
50.5313,100,100
50.5311,100,100
50.5309,100,100
50.5307,100,100
50.5305,100,100
50.5303,100,100
50.5301,100,100
50.5299,100,100
50.5297,100,100
50.5295,100,100
50.5293,100,100
50.5291,100,100
50.5289,100,100
50.5287,100,100
50.5285,100,100
50.5283,100,100
50.5281,100,100
50.5279,100,100
50.5277,100,100
50.5275,100,100
50.5273,100,100
50.5271,100,100
50.5269,100,100
50.5267,100,100
50.5265,100,100
50.5264,100,100
50.5262,100,100
50.526,100,100
50.5258,100,100
50.5256,100,100
50.5254,100,100
50.5252,100,100
50.525,100,100
50.5248,100,100
50.5246,100,100
50.5244,100,100
50.5242,100,100
50.524,100,100
50.5238,100,100
50.5236,100,100
50.5234,100,100
50.5232,100,100
50.523,100,100
50.5228,100,100
50.5226,100,100
50.5224,100,100
50.5222,100,100
50.522,100,100
50.5218,100,100
50.5216,100,100
50.5214,100,100
50.5212,100,100
50.521,100,100
50.5208,100,100
50.5206,100,100
50.5204,100,100
50.5202,100,100
50.52,100,100
50.5199,100,100
50.5197,100,100
50.5195,100,100
50.5193,100,100
50.5191,100,100
50.5189,100,100
50.5187,100,100
50.5185,100,100
50.5183,100,100
50.5181,100,100
50.5179,100,100
50.5177,100,100
50.5175,100,100
50.5173,100,100
50.5171,100,100
50.5169,100,100
50.5167,100,100
50.5165,100,100
50.5163,100,100
50.5161,100,100
50.5159,100,100
50.5157,100,100
50.5155,100,100
50.5153,100,100
50.5151,100,100
50.5149,100,100
50.5147,100,100
50.5145,100,100
50.5143,100,100
50.5141,100,100
50.5139,100,100
50.5137,100,100
50.5135,100,100
50.5133,100,100
50.5132,100,100
50.513,100,100
50.5128,100,100
50.5126,100,100
50.5124,100,100
50.5122,100,100
50.512,100,100
50.5118,100,100
50.5116,100,100
50.5114,100,100
50.5112,100,100
50.511,100,100
50.5108,100,100
50.5106,100,100
50.5104,100,100
50.5102,100,100
50.51,100,100
50.5098,100,100
50.5096,100,100
50.5094,100,100
50.5092,100,100
50.509,100,100
50.5088,100,100
50.5086,100,100
50.5084,100,100
50.5082,100,100
50.508,100,100
50.5078,100,100
50.5076,100,100
50.5074,100,100
50.5072,100,100
50.507,100,100
50.5068,100,100
50.5066,100,100
50.5065,100,100
50.5063,100,100
50.5061,100,100
50.5059,100,100
50.5057,100,100
50.5055,100,100
50.5053,100,100
50.5051,100,100
50.5049,100,100
50.5047,100,100
50.5045,100,100
50.5043,100,100
50.5041,100,100
50.5039,100,100
50.5037,100,100
50.5035,100,100
50.5033,100,100
50.5031,100,100
50.5029,100,100
50.5027,100,100
50.5025,100,100
50.5023,100,100
50.5021,100,100
50.5019,100,100
50.5017,100,100
50.5015,100,100
50.5013,100,100
50.5011,100,100
50.5009,100,100
50.5007,100,100
50.5005,100,100
50.5003,100,100
50.5001,100,100
50.4999,100,100
50.4997,100,100
50.4995,100,100
50.4993,100,100
50.4991,100,100
50.4989,100,100
50.4987,100,100
50.4985,100,100
50.4983,100,100
50.4981,100,100
50.4979,100,100
50.4977,100,100
50.4975,100,100
50.4973,100,100
50.4972,100,100
50.497,100,100
50.4968,100,100
50.4966,100,100
50.4964,100,100
50.4962,100,100
50.496,100,100
50.4958,100,100
50.4956,100,100
50.4954,100,100
50.4952,100,100
50.495,100,100
50.4948,100,100
50.4946,100,100
50.4944,100,100
50.4942,100,100
50.494,100,100
50.4938,100,100
50.4936,100,100
50.4934,100,100
50.4932,100,100
50.493,100,100
50.4928,100,100
50.4926,100,100
50.4924,100,100
50.4922,100,100
50.492,100,100
50.4918,100,100
50.4916,100,100
50.4914,100,100
50.4912,100,100
50.491,100,100
50.4908,100,100
50.4906,100,100
50.4904,100,100
50.4902,100,100
50.49,100,100
50.4898,100,100
50.4896,100,100
50.4894,100,100
50.4892,100,100
50.489,100,100
50.4888,100,100
50.4886,100,100
50.4884,100,100
50.4882,100,100
50.488,100,100
50.4878,100,100
50.4877,100,100
50.4875,100,100
50.4873,100,100
50.4871,100,100
50.4869,100,100
50.4867,100,100
50.4865,100,100
50.4863,100,100
50.4861,100,100
50.4859,100,100
50.4857,100,100
50.4855,100,100
50.4853,100,100
50.485,100,100
50.4848,100,100
50.4846,100,100
50.4844,100,100
50.4842,100,100
50.484,100,100
50.4838,100,100
50.4836,100,100
50.4834,100,100
50.4832,100,100
50.483,100,100
50.4828,100,100
50.4826,100,100
50.4824,100,100
50.4822,100,100
50.482,100,100
50.4818,100,100
50.4816,100,100
50.4814,100,100
50.4812,100,100
50.481,100,100
50.4808,100,100
50.4806,100,100
50.4804,100,100
50.4802,100,100
50.48,100,100
50.4798,100,100
50.4796,100,100
50.4794,100,100
50.4792,100,100
50.479,100,100
50.4788,100,100
50.4786,100,100
50.4784,100,100
50.4782,100,100
50.478,100,100
50.4778,100,100
50.4776,100,100
50.4774,100,100
50.4772,100,100
50.477,100,100
50.4768,100,100
50.4766,100,100
50.4764,100,100
50.4762,100,100
50.476,100,100
50.4758,100,100
50.4755,100,100
50.4753,100,100
50.4751,100,100
50.4749,100,100
50.4747,100,100
50.4745,100,100
50.4743,100,100
50.4741,100,100
50.4739,100,100
50.4737,100,100
50.4735,100,100
50.4733,100,100
50.4731,100,100
50.4729,100,100
50.4727,100,100
50.4725,100,100
50.4723,100,100
50.4721,100,100
50.4719,100,100
50.4717,100,100
50.4715,100,100
50.4713,100,100
50.4711,100,100
50.4709,100,100
50.4707,100,100
50.4705,100,100
50.4703,100,100
50.4701,100,100
50.4699,100,100
50.4697,100,100
50.4695,100,100
50.4693,100,100
50.4691,100,100
50.4689,100,100
50.4687,100,100
50.4685,100,100
50.4683,100,100
50.4681,100,100
50.4679,100,100
50.4677,100,100
50.4675,100,100
50.4673,100,100
50.4671,100,100
50.4669,100,100
50.4667,100,100
50.4665,100,100
50.4662,100,100
50.466,100,100
50.4658,100,100
50.4656,100,100
50.4654,100,100
50.4652,100,100
50.465,100,100
50.4648,100,100
50.4646,100,100
50.4644,100,100
50.4642,100,100
50.464,100,100
50.4638,100,100
50.4636,100,100
50.4634,100,100
50.4632,100,100
50.463,100,100
50.4628,100,100
50.4626,100,100
50.4624,100,100
50.4622,100,100
50.462,100,100
50.4618,100,100
50.4616,100,100
50.4614,100,100
50.4612,100,100
50.461,100,100
50.4608,100,100
50.4606,100,100
50.4604,100,100
50.4602,100,100
50.46,100,100
50.4598,100,100
50.4596,100,100
50.4594,100,100
50.4592,100,100
50.459,100,100
50.4588,100,100
50.4586,100,100
50.4584,100,100
50.4582,100,100
50.458,100,100
50.4578,100,100
50.4576,100,100
50.4574,100,100
50.4571,100,100
50.4569,100,100
50.4567,100,100
50.4565,100,100
50.4563,100,100
50.4561,100,100
50.4559,100,100
50.4557,100,100
50.4555,100,100
50.4553,100,100
50.4551,100,100
50.4549,100,100
50.4547,100,100
50.4545,100,100
50.4543,100,100
50.4541,100,100
50.4539,100,100
50.4537,100,100
50.4535,100,100
50.4533,100,100
50.4531,100,100
50.4529,100,100
50.4527,100,100
50.4525,100,100
50.4523,100,100
50.4521,100,100
50.4519,100,100
50.4517,100,100
50.4515,100,100
50.4513,100,100
50.4511,100,100
50.4509,100,100
50.4507,100,100
50.4505,100,100
50.4503,100,100
50.4501,100,100
50.4499,100,100
50.4497,100,100
50.4495,100,100
50.4493,100,100
50.4491,100,100
50.4489,100,100
50.4487,100,100
50.4485,100,100
50.4483,100,100
50.4481,100,100
50.4478,100,100
50.4476,100,100
50.4474,100,100
50.4472,100,100
50.447,100,100
50.4468,100,100
50.4466,100,100
50.4464,100,100
50.4462,100,100
50.446,100,100
50.4458,100,100
50.4456,100,100
50.4454,100,100
50.4452,100,100
50.445,100,100
50.4448,100,100
50.4446,100,100
50.4444,100,100
50.4442,100,100
50.444,100,100
50.4438,100,100
50.4436,100,100
50.4434,100,100
50.4432,100,100
50.443,100,100
50.4428,100,100
50.4426,100,100
50.4424,100,100
50.4422,100,100
50.442,100,100
50.4418,100,100
50.4416,100,100
50.4414,100,100
50.4412,100,100
50.441,100,100
50.4408,100,100
50.4406,100,100
50.4404,100,100
50.4402,100,100
50.44,100,100
50.4398,100,100
50.4396,100,100
50.4394,100,100
50.4392,100,100
50.439,100,100
50.4388,100,100
50.4386,100,100
50.4384,100,100
50.4382,100,100
50.438,100,100
50.4378,100,100
50.4376,100,100
50.4374,100,100
50.4372,100,100
50.437,100,100
50.4368,100,100
50.4366,100,100
50.4364,100,100
50.4362,100,100
50.436,100,100
50.4358,100,100
50.4356,100,100
50.4354,100,100
50.4352,100,100
50.435,100,100
50.4348,100,100
50.4346,100,100
50.4344,100,100
50.4342,100,100
50.434,100,100
50.4338,100,100
50.4336,100,100
50.4334,100,100
50.4332,100,100
50.433,100,100
50.4328,100,100
50.4326,100,100
50.4324,100,100
50.4322,100,100
50.432,100,100
50.4318,100,100
50.4316,100,100
50.4314,100,100
50.4312,100,100
50.431,100,100
50.4308,100,100
50.4306,100,100
50.4304,100,100
50.4302,100,100
50.43,100,100
50.4298,100,100
50.4296,100,100
50.4294,100,100
50.4292,100,100
50.429,100,100
50.4288,100,100
50.4285,100,100
50.4283,100,100
50.4281,100,100
50.4279,100,100
50.4277,100,100
50.4275,100,100
50.4273,100,100
50.4271,100,100
50.4269,100,100
50.4267,100,100
50.4265,100,100
50.4263,100,100
50.4261,100,100
50.4259,100,100
50.4257,100,100
50.4255,100,100
50.4253,100,100
50.4251,100,100
50.425,100,100
50.4248,100,100
50.4246,100,100
50.4244,100,100
50.4242,100,100
50.424,100,100
50.4238,100,100
50.4236,100,100
50.4234,100,100
50.4232,100,100
50.423,100,100
50.4228,100,100
50.4226,100,100
50.4224,100,100
50.4222,100,100
50.422,100,100
50.4218,100,100
50.4216,100,100
50.4214,100,100
50.4212,100,100
50.421,100,100
50.4208,100,100
50.4206,100,100
50.4204,100,100
50.4202,100,100
50.42,100,100
50.4198,100,100
50.4196,100,100
50.4194,100,100
50.4192,100,100
50.419,100,100
50.4188,100,100
50.4186,100,100
50.4184,100,100
50.4183,100,100
50.4181,100,100
50.4179,100,100
50.4177,100,100
50.4175,100,100
50.4173,100,100
50.4171,100,100
50.4169,100,100
50.4167,100,100
50.4165,100,100
50.4163,100,100
50.4161,100,100
50.4159,100,100
50.4157,100,100
50.4155,100,100
50.4153,100,100
50.4151,100,100
50.4149,100,100
50.4147,100,100
50.4145,100,100
50.4143,100,100
50.4141,100,100
50.4139,100,100
50.4137,100,100
50.4135,100,100
50.4133,100,100
50.4131,100,100
50.4129,100,100
50.4127,100,100
50.4125,100,100
50.4123,100,100
50.4121,100,100
50.4119,100,100
50.4117,100,100
50.4116,100,100
50.4114,100,100
50.4112,100,100
50.411,100,100
50.4108,100,100
50.4106,100,100
50.4104,100,100
50.4102,100,100
50.41,100,100
50.4098,100,100
50.4096,100,100
50.4094,100,100
50.4092,100,100
50.409,100,100
50.4088,100,100
50.4086,100,100
50.4084,100,100
50.4082,100,100
50.408,100,100
50.4078,100,100
50.4076,100,100
50.4074,100,100
50.4072,100,100
50.407,100,100
50.4068,100,100
50.4066,100,100
50.4064,100,100
50.4062,100,100
50.406,100,100
50.4058,100,100
50.4056,100,100
50.4054,100,100
50.4052,100,100
50.405,100,100
50.4049,100,100
50.4047,100,100
50.4045,100,100
50.4043,100,100
50.4041,100,100
50.4039,100,100
50.4037,100,100
50.4035,100,100
50.4033,100,100
50.4031,100,100
50.4029,100,100
50.4027,100,100
50.4025,100,100
50.4023,100,100
50.4021,100,100
50.4019,100,100
50.4017,100,100
50.4015,100,100
50.4013,100,100
50.4011,100,100
50.4009,100,100
50.4007,100,100
50.4005,100,100
50.4003,100,100
50.4001,100,100
50.3999,100,100
50.3997,100,100
50.3995,100,100
50.3993,100,100
50.3991,100,100
50.3989,100,100
50.3987,100,100
50.3985,100,100
50.3983,100,100
50.3982,100,100
50.398,100,100
50.3978,100,100
50.3976,100,100
50.3974,100,100
50.3972,100,100
50.397,100,100
50.3968,100,100
50.3966,100,100
50.3964,100,100
50.3962,100,100
50.396,100,100
50.3958,100,100
50.3956,100,100
50.3954,100,100
50.3952,100,100
50.395,100,100
50.3948,100,100
50.3946,100,100
50.3944,100,100
50.3942,100,100
50.394,100,100
50.3938,100,100
50.3936,100,100
50.3934,100,100
50.3932,100,100
50.393,100,100
50.3928,100,100
50.3926,100,100
50.3924,100,100
50.3922,100,100
50.392,100,100
50.3918,100,100
50.3916,100,100
50.3915,100,100
50.3913,100,100
50.3911,100,100
50.3909,100,100
50.3907,100,100
50.3905,100,100
50.3903,100,100
50.3901,100,100
50.3899,100,100
50.3897,100,100
50.3895,100,100
50.3893,100,100
50.3891,100,100
50.3889,100,100
50.3887,100,100
50.3885,100,100
50.3883,100,100
50.3881,100,100
50.3879,100,100
50.3877,100,100
50.3875,100,100
50.3873,100,100
50.3871,100,100
50.3869,100,100
50.3867,100,100
50.3865,100,100
50.3863,100,100
50.3861,100,100
50.3859,100,100
50.3857,100,100
50.3855,100,100
50.3853,100,100
50.3851,100,100
50.3849,100,100
50.3848,100,100
50.3846,100,100
50.3844,100,100
50.3842,100,100
50.384,100,100
50.3838,100,100
50.3836,100,100
50.3834,100,100
50.3832,100,100
50.383,100,100
50.3828,100,100
50.3826,100,100
50.3824,100,100
50.3822,100,100
50.382,100,100
50.3818,100,100
50.3816,100,100
50.3814,100,100
50.3812,100,100
50.381,100,100
50.3808,100,100
50.3806,100,100
50.3804,100,100
50.3802,100,100
50.38,100,100
50.3798,100,100
50.3796,100,100
50.3794,100,100
50.3792,100,100
50.379,100,100
50.3788,100,100
50.3786,100,100
50.3784,100,100
50.3782,100,100
50.3781,100,100
50.3779,100,100
50.3777,100,100
50.3775,100,100
50.3773,100,100
50.3771,100,100
50.3769,100,100
50.3767,100,100
50.3765,100,100
50.3763,100,100
50.3761,100,100
50.3759,100,100
50.3757,100,100
50.3755,100,100
50.3753,100,100
50.3751,100,100
50.3749,100,100
50.3747,100,100
50.3745,100,100
50.3743,100,100
50.3741,100,100
50.3739,100,100
50.3737,100,100
50.3735,100,100
50.3733,100,100
50.3731,100,100
50.3729,100,100
50.3727,100,100
50.3725,100,100
50.3723,100,100
50.3721,100,100
50.3719,100,100
50.3717,100,100
50.3715,100,100
50.3714,100,100
50.3712,100,100
50.371,100,100
50.3708,100,100
50.3706,100,100
50.3704,100,100
50.3702,100,100
50.37,100,100
50.3698,100,100
50.3696,100,100
50.3694,100,100
50.3692,100,100
50.369,100,100
50.3688,100,100
50.3686,100,100
50.3684,100,100
50.3682,100,100
50.368,100,100
50.3678,100,100
50.3676,100,100
50.3674,100,100
50.3672,100,100
50.367,100,100
50.3668,100,100
50.3666,100,100
50.3664,100,100
50.3662,100,100
50.366,100,100
50.3658,100,100
50.3656,100,100
50.3654,100,100
50.3652,100,100
50.365,100,100
50.3648,100,100
50.3647,100,100
50.3645,100,100
50.3643,100,100
50.3641,100,100
50.3639,100,100
50.3637,100,100
50.3635,100,100
50.3633,100,100
50.3631,100,100
50.3629,100,100
50.3627,100,100
50.3625,100,100
50.3623,100,100
50.3621,100,100
50.3619,100,100
50.3617,100,100
50.3615,100,100
50.3613,100,100
50.3611,100,100
50.3609,100,100
50.3607,100,100
50.3605,100,100
50.3603,100,100
50.3601,100,100
50.3599,100,100
50.3597,100,100
50.3595,100,100
50.3593,100,100
50.3591,100,100
50.3589,100,100
50.3587,100,100
50.3585,100,100
50.3583,100,100
50.3581,100,100
50.358,100,100
50.3578,100,100
50.3576,100,100
50.3574,100,100
50.3572,100,100
50.357,100,100
50.3568,100,100
50.3566,100,100
50.3564,100,100
50.3562,100,100
50.356,100,100
50.3558,100,100
50.3556,100,100
50.3554,100,100
50.3552,100,100
50.355,100,100
50.3548,100,100
50.3546,100,100
50.3544,100,100
50.3542,100,100
50.354,100,100
50.3538,100,100
50.3536,100,100
50.3534,100,100
50.3532,100,100
50.353,100,100
50.3528,100,100
50.3526,100,100
50.3524,100,100
50.3522,100,100
50.352,100,100
50.3518,100,100
50.3516,100,100
50.3515,100,100
50.3513,100,100
50.3511,100,100
50.3509,100,100
50.3507,100,100
50.3505,100,100
50.3503,100,100
50.3501,100,100
50.3499,100,100
50.3497,100,100
50.3495,100,100
50.3493,100,100
50.3491,100,100
50.3489,100,100
50.3487,100,100
50.3485,100,100
50.3483,100,100
50.3481,100,100
50.3479,100,100
50.3477,100,100
50.3475,100,100
50.3473,100,100
50.3471,100,100
50.3469,100,100
50.3467,100,100
50.3465,100,100
50.3463,100,100
50.3461,100,100
50.3459,100,100
50.3457,100,100
50.3455,100,100
50.3453,100,100
50.3451,100,100
50.3449,100,100
50.3448,100,100
50.3446,100,100
50.3444,100,100
50.3442,100,100
50.344,100,100
50.3438,100,100
50.3436,100,100
50.3434,100,100
50.3432,100,100
50.343,100,100
50.3428,100,100
50.3426,100,100
50.3424,100,100
50.3422,100,100
50.342,100,100
50.3418,100,100
50.3416,100,100
50.3414,100,100
50.3412,100,100
50.341,100,100
50.3408,100,100
50.3406,100,100
50.3404,100,100
50.3402,100,100
50.34,100,100
50.3398,100,100
50.3396,100,100
50.3394,100,100
50.3392,100,100
50.339,100,100
50.3388,100,100
50.3386,100,100
50.3384,100,100
50.3382,100,100
50.3381,100,100
50.3379,100,100
50.3377,100,100
50.3375,100,100
50.3373,100,100
50.3371,100,100
50.3369,100,100
50.3367,100,100
50.3365,100,100
50.3363,100,100
50.3361,100,100
50.3359,100,100
50.3357,100,100
50.3355,100,100
50.3353,100,100
50.3351,100,100
50.3349,100,100
50.3347,100,100
50.3345,100,100
50.3343,100,100
50.3341,100,100
50.3339,100,100
50.3337,100,100
50.3335,100,100
50.3333,100,100
50.3331,100,100
50.3329,100,100
50.3327,100,100
50.3325,100,100
50.3323,100,100
50.3321,100,100
50.3319,100,100
50.3317,100,100
50.3315,100,100
50.3314,100,100
50.3312,100,100
50.331,100,100
50.3308,100,100
50.3306,100,100
50.3304,100,100
50.3302,100,100
50.33,100,100
50.3298,100,100
50.3296,100,100
50.3294,100,100
50.3292,100,100
50.329,100,100
50.3288,100,100
50.3286,100,100
50.3284,100,100
50.3282,100,100
50.328,100,100
50.3278,100,100
50.3276,100,100
50.3274,100,100
50.3272,100,100
50.327,100,100
50.3268,100,100
50.3266,100,100
50.3264,100,100
50.3262,100,100
50.326,100,100
50.3258,100,100
50.3256,100,100
50.3254,100,100
50.3252,100,100
50.325,100,100
50.3249,100,100
50.3247,100,100
50.3245,100,100
50.3243,100,100
50.3241,100,100
50.3239,100,100
50.3237,100,100
50.3235,100,100
50.3233,100,100
50.3231,100,100
50.3229,100,100
50.3227,100,100
50.3225,100,100
50.3223,100,100
50.3221,100,100
50.3219,100,100
50.3217,100,100
50.3215,100,100
50.3213,100,100
50.3211,100,100
50.3209,100,100
50.3207,100,100
50.3205,100,100
50.3203,100,100
50.3201,100,100
50.3199,100,100
50.3197,100,100
50.3195,100,100
50.3193,100,100
50.3191,100,100
50.3189,100,100
50.3187,100,100
50.3185,100,100
50.3183,100,100
50.3182,100,100
50.318,100,100
50.3178,100,100
50.3176,100,100
50.3174,100,100
50.3172,100,100
50.317,100,100
50.3168,100,100
50.3166,100,100
50.3164,100,100
50.3162,100,100
50.316,100,100
50.3158,100,100
50.3156,100,100
50.3154,100,100
50.3152,100,100
50.315,100,100
50.3148,100,100
50.3146,100,100
50.3144,100,100
50.3142,100,100
50.314,100,100
50.3138,100,100
50.3136,100,100
50.3134,100,100
50.3132,100,100
50.313,100,100
50.3128,100,100
50.3126,100,100
50.3124,100,100
50.3122,100,100
50.312,100,100
50.3118,100,100
50.3117,100,100
50.3115,100,100
50.3113,100,100
50.3111,100,100
50.3109,100,100
50.3107,100,100
50.3105,100,100
50.3103,100,100
50.3101,100,100
50.3099,100,100
50.3097,100,100
50.3095,100,100
50.3093,100,100
50.3091,100,100
50.3089,100,100
50.3087,100,100
50.3085,100,100
50.3083,100,100
50.3081,100,100
50.3079,100,100
50.3077,100,100
50.3075,100,100
50.3073,100,100
50.3071,100,100
50.3069,100,100
50.3067,100,100
50.3065,100,100
50.3063,100,100
50.3061,100,100
50.3059,100,100
50.3057,100,100
50.3055,100,100
50.3053,100,100
50.3051,100,100
50.305,100,100
50.3048,100,100
50.3046,100,100
50.3044,100,100
50.3042,100,100
50.304,100,100
50.3038,100,100
50.3036,100,100
50.3034,100,100
50.3032,100,100
50.303,100,100
50.3028,100,100
50.3026,100,100
50.3024,100,100
50.3022,100,100
50.302,100,100
50.3018,100,100
50.3016,100,100
50.3014,100,100
50.3012,100,100
50.301,100,100
50.3008,100,100
50.3006,100,100
50.3004,100,100
50.3002,100,100
50.3,100,100
50.2998,100,100
50.2996,100,100
50.2994,100,100
50.2992,100,100
50.299,100,100
50.2988,100,100
50.2986,100,100
50.2984,100,100
50.2983,100,100
50.2981,100,100
50.2979,100,100
50.2977,100,100
50.2975,100,100
50.2973,100,100
50.2971,100,100
50.2969,100,100
50.2967,100,100
50.2965,100,100
50.2963,100,100
50.2961,100,100
50.2959,100,100
50.2957,100,100
50.2955,100,100
50.2953,100,100
50.2951,100,100
50.2949,100,100
50.2947,100,100
50.2945,100,100
50.2943,100,100
50.2941,100,100
50.2939,100,100
50.2937,100,100
50.2935,100,100
50.2933,100,100
50.2931,100,100
50.2929,100,100
50.2927,100,100
50.2925,100,100
50.2923,100,100
50.2921,100,100
50.2919,100,100
50.2918,100,100
50.2916,100,100
50.2914,100,100
50.2912,100,100
50.291,100,100
50.2908,100,100
50.2906,100,100
50.2904,100,100
50.2902,100,100
50.29,100,100
50.2898,100,100
50.2896,100,100
50.2894,100,100
50.2892,100,100
50.289,100,100
50.2888,100,100
50.2886,100,100
50.2884,100,100
50.2882,100,100
50.288,100,100
50.2878,100,100
50.2876,100,100
50.2874,100,100
50.2872,100,100
50.287,100,100
50.2868,100,100
50.2866,100,100
50.2864,100,100
50.2862,100,100
50.286,100,100
50.2858,100,100
50.2856,100,100
50.2854,100,100
50.2852,100,100
50.2851,100,100
50.2849,100,100
50.2847,100,100
50.2845,100,100
50.2843,100,100
50.2841,100,100
50.2839,100,100
50.2837,100,100
50.2835,100,100
50.2833,100,100
50.2831,100,100
50.2829,100,100
50.2827,100,100
50.2825,100,100
50.2823,100,100
50.2821,100,100
50.2819,100,100
50.2817,100,100
50.2815,100,100
50.2813,100,100
50.2811,100,100
50.2809,100,100
50.2807,100,100
50.2805,100,100
50.2803,100,100
50.2801,100,100
50.2799,100,100
50.2797,100,100
50.2795,100,100
50.2793,100,100
50.2791,100,100
50.2789,100,100
50.2787,100,100
50.2785,100,100
50.2784,100,100
50.2782,100,100
50.278,100,100
50.2778,100,100
50.2776,100,100
50.2774,100,100
50.2772,100,100
50.277,100,100
50.2768,100,100
50.2766,100,100
50.2764,100,100
50.2762,100,100
50.276,100,100
50.2758,100,100
50.2756,100,100
50.2754,100,100
50.2752,100,100
50.275,100,100
50.2748,100,100
50.2746,100,100
50.2744,100,100
50.2742,100,100
50.274,100,100
50.2738,100,100
50.2736,100,100
50.2734,100,100
50.2732,100,100
50.273,100,100
50.2728,100,100
50.2726,100,100
50.2724,100,100
50.2722,100,100
50.272,100,100
50.2719,100,100
50.2717,100,100
50.2715,100,100
50.2713,100,100
50.2711,100,100
50.2709,100,100
50.2707,100,100
50.2705,100,100
50.2703,100,100
50.2701,100,100
50.2699,100,100
50.2697,100,100
50.2695,100,100
50.2693,100,100
50.2691,100,100
50.2689,100,100
50.2687,100,100
50.2685,100,100
50.2683,100,100
50.2681,100,100
50.2679,100,100
50.2677,100,100
50.2675,100,100
50.2673,100,100
50.2671,100,100
50.2669,100,100
50.2667,100,100
50.2665,100,100
50.2663,100,100
50.2661,100,100
50.2659,100,100
50.2657,100,100
50.2655,100,100
50.2653,100,100
50.2652,100,100
50.265,100,100
50.2648,100,100
50.2646,100,100
50.2644,100,100
50.2642,100,100
50.264,100,100
50.2638,100,100
50.2636,100,100
50.2634,100,100
50.2632,100,100
50.263,100,100
50.2628,100,100
50.2626,100,100
50.2624,100,100
50.2622,100,100
50.262,100,100
50.2618,100,100
50.2616,100,100
50.2614,100,100
50.2612,100,100
50.261,100,100
50.2608,100,100
50.2606,100,100
50.2604,100,100
50.2602,100,100
50.26,100,100
50.2598,100,100
50.2596,100,100
50.2594,100,100
50.2592,100,100
50.259,100,100
50.2588,100,100
50.2586,100,100
50.2585,100,100
50.2583,100,100
50.2581,100,100
50.2579,100,100
50.2577,100,100
50.2575,100,100
50.2573,100,100
50.2571,100,100
50.2569,100,100
50.2567,100,100
50.2565,100,100
50.2563,100,100
50.2561,100,100
50.2559,100,100
50.2557,100,100
50.2555,100,100
50.2553,100,100
50.2551,100,100
50.2549,100,100
50.2547,100,100
50.2545,100,100
50.2543,100,100
50.2541,100,100
50.2539,100,100
50.2537,100,100
50.2535,100,100
50.2533,100,100
50.2531,100,100
50.2529,100,100
50.2527,100,100
50.2525,100,100
50.2523,100,100
50.2521,100,100
50.252,100,100
50.2518,100,100
50.2516,100,100
50.2514,100,100
50.2512,100,100
50.251,100,100
50.2508,100,100
50.2506,100,100
50.2504,100,100
50.2502,100,100
50.25,100,100
50.2498,100,100
50.2496,100,100
50.2494,100,100
50.2492,100,100
50.249,100,100
50.2488,100,100
50.2486,100,100
50.2484,100,100
50.2482,100,100
50.248,100,100
50.2478,100,100
50.2476,100,100
50.2474,100,100
50.2472,100,100
50.247,100,100
50.2468,100,100
50.2466,100,100
50.2464,100,100
50.2462,100,100
50.246,100,100
50.2458,100,100
50.2456,100,100
50.2454,100,100
50.2453,100,100
50.2451,100,100
50.2449,100,100
50.2447,100,100
50.2445,100,100
50.2443,100,100
50.2441,100,100
50.2439,100,100
50.2437,100,100
50.2435,100,100
50.2433,100,100
50.2431,100,100
50.2429,100,100
50.2427,100,100
50.2425,100,100
50.2423,100,100
50.2421,100,100
50.2419,100,100
50.2417,100,100
50.2415,100,100
50.2413,100,100
50.2411,100,100
50.2409,100,100
50.2407,100,100
50.2405,100,100
50.2403,100,100
50.2401,100,100
50.2399,100,100
50.2397,100,100
50.2395,100,100
50.2393,100,100
50.2391,100,100
50.2389,100,100
50.2387,100,100
50.2386,100,100
50.2384,100,100
50.2382,100,100
50.238,100,100
50.2378,100,100
50.2376,100,100
50.2374,100,100
50.2372,100,100
50.237,100,100
50.2368,100,100
50.2366,100,100
50.2364,100,100
50.2362,100,100
50.236,100,100
50.2358,100,100
50.2356,100,100
50.2354,100,100
50.2352,100,100
50.235,100,100
50.2348,100,100
50.2346,100,100
50.2344,100,100
50.2342,100,100
50.234,100,100
50.2338,100,100
50.2336,100,100
50.2334,100,100
50.2332,100,100
50.233,100,100
50.2328,100,100
50.2326,100,100
50.2324,100,100
50.2322,100,100
50.2321,100,100
50.2319,100,100
50.2317,100,100
50.2315,100,100
50.2313,100,100
50.2311,100,100
50.2309,100,100
50.2307,100,100
50.2305,100,100
50.2303,100,100
50.2301,100,100
50.2299,100,100
50.2297,100,100
50.2295,100,100
50.2293,100,100
50.2291,100,100
50.2289,100,100
50.2287,100,100
50.2285,100,100
50.2283,100,100
50.2281,100,100
50.2279,100,100
50.2277,100,100
50.2275,100,100
50.2273,100,100
50.2271,100,100
50.2269,100,100
50.2267,100,100
50.2265,100,100
50.2263,100,100
50.2261,100,100
50.2259,100,100
50.2257,100,100
50.2255,100,100
50.2254,100,100
50.2252,100,100
50.225,100,100
50.2248,100,100
50.2246,100,100
50.2244,100,100
50.2242,100,100
50.224,100,100
50.2238,100,100
50.2236,100,100
50.2234,100,100
50.2232,100,100
50.223,100,100
50.2228,100,100
50.2226,100,100
50.2224,100,100
50.2222,100,100
50.222,100,100
50.2218,100,100
50.2216,100,100
50.2214,100,100
50.2212,100,100
50.221,100,100
50.2208,100,100
50.2206,100,100
50.2204,100,100
50.2202,100,100
50.22,100,100
50.2198,100,100
50.2196,100,100
50.2194,100,100
50.2192,100,100
50.219,100,100
50.2188,100,100
50.2187,100,100
50.2185,100,100
50.2183,100,100
50.2181,100,100
50.2179,100,100
50.2177,100,100
50.2175,100,100
50.2173,100,100
50.2171,100,100
50.2169,100,100
50.2167,100,100
50.2165,100,100
50.2163,100,100
50.2161,100,100
50.2159,100,100
50.2157,100,100
50.2155,100,100
50.2153,100,100
50.2151,100,100
50.2149,100,100
50.2147,100,100
50.2145,100,100
50.2143,100,100
50.2141,100,100
50.2139,100,100
50.2137,100,100
50.2135,100,100
50.2133,100,100
50.2131,100,100
50.2129,100,100
50.2127,100,100
50.2125,100,100
50.2123,100,100
50.2121,100,100
50.212,100,100
50.2118,100,100
50.2116,100,100
50.2114,100,100
50.2112,100,100
50.211,100,100
50.2108,100,100
50.2106,100,100
50.2104,100,100
50.2102,100,100
50.21,100,100
50.2098,100,100
50.2096,100,100
50.2094,100,100
50.2092,100,100
50.209,100,100
50.2088,100,100
50.2086,100,100
50.2084,100,100
50.2082,100,100
50.208,100,100
50.2078,100,100
50.2076,100,100
50.2074,100,100
50.2072,100,100
50.207,100,100
50.2068,100,100
50.2066,100,100
50.2064,100,100
50.2062,100,100
50.206,100,100
50.2058,100,100
50.2056,100,100
50.2055,100,100
50.2053,100,100
50.2051,100,100
50.2049,100,100
50.2047,100,100
50.2045,100,100
50.2043,100,100
50.2041,100,100
50.2039,100,100
50.2037,100,100
50.2035,100,100
50.2033,100,100
50.2031,100,100
50.2029,100,100
50.2027,100,100
50.2025,100,100
50.2023,100,100
50.2021,100,100
50.2019,100,100
50.2017,100,100
50.2015,100,100
50.2013,100,100
50.2011,100,100
50.2009,100,100
50.2007,100,100
50.2005,100,100
50.2003,100,100
50.2001,100,100
50.1999,100,100
50.1997,100,100
50.1995,100,100
50.1993,100,100
50.1991,100,100
50.1989,100,100
50.1988,100,100
50.1986,100,100
50.1984,100,100
50.1982,100,100
50.198,100,100
50.1978,100,100
50.1976,100,100
50.1974,100,100
50.1972,100,100
50.197,100,100
50.1968,100,100
50.1966,100,100
50.1964,100,100
50.1962,100,100
50.196,100,100
50.1958,100,100
50.1956,100,100
50.1954,100,100
50.1952,100,100
50.195,100,100
50.1948,100,100
50.1946,100,100
50.1944,100,100
50.1942,100,100
50.194,100,100
50.1938,100,100
50.1936,100,100
50.1934,100,100
50.1932,100,100
50.193,100,100
50.1928,100,100
50.1926,100,100
50.1924,100,100
50.1922,100,100
50.1921,100,100
50.1919,100,100
50.1917,100,100
50.1915,100,100
50.1913,100,100
50.1911,100,100
50.1909,100,100
50.1907,100,100
50.1905,100,100
50.1903,100,100
50.1901,100,100
50.1899,100,100
50.1897,100,100
50.1895,100,100
50.1893,100,100
50.1891,100,100
50.1889,100,100
50.1887,100,100
50.1885,100,100
50.1883,100,100
50.1881,100,100
50.1879,100,100
50.1877,100,100
50.1875,100,100
50.1873,100,100
50.1871,100,100
50.1869,100,100
50.1867,100,100
50.1865,100,100
50.1863,100,100
50.1861,100,100
50.1859,100,100
50.1857,100,100
50.1856,100,100
50.1854,100,100
50.1852,100,100
50.185,100,100
50.1848,100,100
50.1846,100,100
50.1844,100,100
50.1842,100,100
50.184,100,100
50.1838,100,100
50.1836,100,100
50.1834,100,100
50.1832,100,100
50.183,100,100
50.1828,100,100
50.1826,100,100
50.1824,100,100
50.1822,100,100
50.182,100,100
50.1818,100,100
50.1816,100,100
50.1814,100,100
50.1812,100,100
50.181,100,100
50.1808,100,100
50.1806,100,100
50.1804,100,100
50.1802,100,100
50.18,100,100
50.1798,100,100
50.1796,100,100
50.1794,100,100
50.1792,100,100
50.179,100,100
50.1789,100,100
50.1787,100,100
50.1785,100,100
50.1783,100,100
50.1781,100,100
50.1779,100,100
50.1777,100,100
50.1775,100,100
50.1773,100,100
50.1771,100,100
50.1769,100,100
50.1767,100,100
50.1765,100,100
50.1763,100,100
50.1761,100,100
50.1759,100,100
50.1757,100,100
50.1755,100,100
50.1753,100,100
50.1751,100,100
50.1749,100,100
50.1747,100,100
50.1745,100,100
50.1743,100,100
50.1741,100,100
50.1739,100,100
50.1737,100,100
50.1735,100,100
50.1733,100,100
50.1731,100,100
50.1729,100,100
50.1727,100,100
50.1725,100,100
50.1723,100,100
50.1722,100,100
50.172,100,100
50.1718,100,100
50.1716,100,100
50.1714,100,100
50.1712,100,100
50.171,100,100
50.1708,100,100
50.1706,100,100
50.1704,100,100
50.1702,100,100
50.17,100,100
50.1698,100,100
50.1696,100,100
50.1694,100,100
50.1692,100,100
50.169,100,100
50.1688,100,100
50.1686,100,100
50.1684,100,100
50.1682,100,100
50.1681,100,100
50.1679,100,100
50.1677,100,100
50.1675,100,100
50.1673,100,100
50.1671,100,100
50.1669,100,100
50.1667,100,100
50.1665,100,100
50.1663,100,100
50.1661,100,100
50.1659,100,100
50.1657,100,100
50.1656,100,100
50.1654,100,100
50.1652,100,100
50.165,100,100
50.1648,100,100
50.1646,100,100
50.1644,100,100
50.1642,100,100
50.164,100,100
50.1638,100,100
50.1636,100,100
50.1634,100,100
50.1632,100,100
50.1631,100,100
50.1629,100,100
50.1627,100,100
50.1625,100,100
50.1623,100,100
50.1621,100,100
50.1619,100,100
50.1617,100,100
50.1615,100,100
50.1613,100,100
50.1611,100,100
50.1609,100,100
50.1607,100,100
50.1606,100,100
50.1604,100,100
50.1602,100,100
50.16,100,100
50.1598,100,100
50.1596,100,100
50.1594,100,100
50.1592,100,100
50.159,100,100
50.1588,100,100
50.1586,100,100
50.1584,100,100
50.1582,100,100
50.158,100,100
50.1579,100,100
50.1577,100,100
50.1575,100,100
50.1573,100,100
50.1571,100,100
50.1569,100,100
50.1567,100,100
50.1565,100,100
50.1563,100,100
50.1561,100,100
50.1559,100,100
50.1557,100,100
50.1555,100,100
50.1554,100,100
50.1552,100,100
50.155,100,100
50.1548,100,100
50.1546,100,100
50.1544,100,100
50.1542,100,100
50.154,100,100
50.1538,100,100
50.1536,100,100
50.1534,100,100
50.1532,100,100
50.153,100,100
50.1529,100,100
50.1527,100,100
50.1525,100,100
50.1523,100,100
50.1521,100,100
50.1519,100,100
50.1517,100,100
50.1515,100,100
50.1513,100,100
50.1511,100,100
50.1509,100,100
50.1507,100,100
50.1505,100,100
50.1504,100,100
50.1502,100,100
50.15,100,100
50.1498,100,100
50.1496,100,100
50.1494,100,100
50.1492,100,100
50.149,100,100
50.1488,100,100
50.1486,100,100
50.1484,100,100
50.1482,100,100
50.148,100,100
50.1479,100,100
50.1477,100,100
50.1475,100,100
50.1473,100,100
50.1471,100,100
50.1469,100,100
50.1467,100,100
50.1465,100,100
50.1463,100,100
50.1461,100,100
50.1459,100,100
50.1457,100,100
50.1456,100,100
50.1454,100,100
50.1452,100,100
50.145,100,100
50.1448,100,100
50.1446,100,100
50.1444,100,100
50.1442,100,100
50.144,100,100
50.1438,100,100
50.1436,100,100
50.1434,100,100
50.1433,100,100
50.1431,100,100
50.1429,100,100
50.1427,100,100
50.1425,100,100
50.1423,100,100
50.1421,100,100
50.1419,100,100
50.1417,100,100
50.1415,100,100
50.1413,100,100
50.1411,100,100
50.1409,100,100
50.1408,100,100
50.1406,100,100
50.1404,100,100
50.1402,100,100
50.14,100,100
50.1398,100,100
50.1396,100,100
50.1394,100,100
50.1392,100,100
50.139,100,100
50.1388,100,100
50.1386,100,100
50.1385,100,100
50.1383,100,100
50.1381,100,100
50.1379,100,100
50.1377,100,100
50.1375,100,100
50.1373,100,100
50.1371,100,100
50.1369,100,100
50.1367,100,100
50.1365,100,100
50.1363,100,100
50.1362,100,100
50.136,100,100
50.1358,100,100
50.1356,100,100
50.1354,100,100
50.1352,100,100
50.135,100,100
50.1348,100,100
50.1346,100,100
50.1344,100,100
50.1342,100,100
50.134,100,100
50.1338,100,100
50.1337,100,100
50.1335,100,100
50.1333,100,100
50.1331,100,100
50.1329,100,100
50.1327,100,100
50.1325,100,100
50.1323,100,100
50.1321,100,100
50.1319,100,100
50.1317,100,100
50.1315,100,100
50.1314,100,100
50.1312,100,100
50.131,100,100
50.1308,100,100
50.1306,100,100
50.1304,100,100
50.1302,100,100
50.13,100,100
50.1298,100,100
50.1296,100,100
50.1294,100,100
50.1292,100,100
50.1291,100,100
50.1289,100,100
50.1287,100,100
50.1285,100,100
50.1283,100,100
50.1281,100,100
50.1279,100,100
50.1277,100,100
50.1275,100,100
50.1273,100,100
50.1271,100,100
50.1269,100,100
50.1267,100,100
50.1266,100,100
50.1264,100,100
50.1262,100,100
50.126,100,100
50.1258,100,100
50.1256,100,100
50.1254,100,100
50.1252,100,100
50.125,100,100
50.1248,100,100
50.1246,100,100
50.1244,100,100
50.1243,100,100
50.1241,100,100
50.1239,100,100
50.1237,100,100
50.1235,100,100
50.1233,100,100
50.1231,100,100
50.1229,100,100
50.1227,100,100
50.1225,100,100
50.1223,100,100
50.1221,100,100
50.122,100,100
50.1218,100,100
50.1216,100,100
50.1214,100,100
50.1212,100,100
50.121,100,100
50.1208,100,100
50.1206,100,100
50.1204,100,100
50.1202,100,100
50.12,100,100
50.1198,100,100
50.1196,100,100
50.1195,100,100
50.1193,100,100
50.1191,100,100
50.1189,100,100
50.1187,100,100
50.1185,100,100
50.1183,100,100
50.1181,100,100
50.1179,100,100
50.1177,100,100
50.1175,100,100
50.1173,100,100
50.1172,100,100
50.117,100,100
50.1168,100,100
50.1166,100,100
50.1164,100,100
50.1162,100,100
50.116,100,100
50.1158,100,100
50.1156,100,100
50.1154,100,100
50.1152,100,100
50.115,100,100
50.1149,100,100
50.1147,100,100
50.1145,100,100
50.1143,100,100
50.1141,100,100
50.1139,100,100
50.1137,100,100
50.1135,100,100
50.1133,100,100
50.1131,100,100
50.1129,100,100
50.1127,100,100
50.1125,100,100
50.1124,100,100
50.1122,100,100
50.112,100,100
50.1118,100,100
50.1116,100,100
50.1114,100,100
50.1112,100,100
50.111,100,100
50.1108,100,100
50.1106,100,100
50.1104,100,100
50.1102,100,100
50.11,100,100
50.1098,100,100
50.1096,100,100
50.1094,100,100
50.1092,100,100
50.109,100,100
50.1088,100,100
50.1087,100,100
50.1085,100,100
50.1083,100,100
50.1081,100,100
50.1079,100,100
50.1077,100,100
50.1075,100,100
50.1073,100,100
50.1071,100,100
50.1069,100,100
50.1067,100,100
50.1065,100,100
50.1063,100,100
50.1061,100,100
50.1059,100,100
50.1057,100,100
50.1055,100,100
50.1053,100,100
50.1051,100,100
50.1049,100,100
50.1048,100,100
50.1046,100,100
50.1044,100,100
50.1042,100,100
50.104,100,100
50.1038,100,100
50.1036,100,100
50.1034,100,100
50.1032,100,100
50.103,100,100
50.1028,100,100
50.1026,100,100
50.1024,100,100
50.1022,100,100
50.102,100,100
50.1018,100,100
50.1016,100,100
50.1014,100,100
50.1012,100,100
50.101,100,100
50.1008,100,100
50.1007,100,100
50.1005,100,100
50.1003,100,100
50.1001,100,100
50.0999,100,100
50.0997,100,100
50.0995,100,100
50.0993,100,100
50.0991,100,100
50.0989,100,100
50.0987,100,100
50.0985,100,100
50.0983,100,100
50.0981,100,100
50.0979,100,100
50.0977,100,100
50.0975,100,100
50.0973,100,100
50.0971,100,100
50.0969,100,100
50.0968,100,100
50.0966,100,100
50.0964,100,100
50.0962,100,100
50.096,100,100
50.0958,100,100
50.0956,100,100
50.0954,100,100
50.0952,100,100
50.095,100,100
50.0948,100,100
50.0946,100,100
50.0944,100,100
50.0942,100,100
50.094,100,100
50.0938,100,100
50.0936,100,100
50.0934,100,100
50.0932,100,100
50.093,100,100
50.0928,100,100
50.0927,100,100
50.0925,100,100
50.0923,100,100
50.0921,100,100
50.0919,100,100
50.0917,100,100
50.0915,100,100
50.0913,100,100
50.0911,100,100
50.0909,100,100
50.0907,100,100
50.0905,100,100
50.0903,100,100
50.0901,100,100
50.0899,100,100
50.0897,100,100
50.0895,100,100
50.0893,100,100
50.0891,100,100
50.0889,100,100
50.0887,100,100
50.0885,100,100
50.0883,100,100
50.0881,100,100
50.0879,100,100
50.0877,100,100
50.0875,100,100
50.0873,100,100
50.0871,100,100
50.0869,100,100
50.0867,100,100
50.0865,100,100
50.0863,100,100
50.0862,100,100
50.086,100,100
50.0858,100,100
50.0856,100,100
50.0854,100,100
50.0852,100,100
50.085,100,100
50.0848,100,100
50.0846,100,100
50.0844,100,100
50.0842,100,100
50.084,100,100
50.0838,100,100
50.0836,100,100
50.0834,100,100
50.0832,100,100
50.083,100,100
50.0828,100,100
50.0826,100,100
50.0824,100,100
50.0822,100,100
50.082,100,100
50.0818,100,100
50.0816,100,100
50.0814,100,100
50.0812,100,100
50.081,100,100
50.0808,100,100
50.0806,100,100
50.0804,100,100
50.0802,100,100
50.08,100,100
50.0798,100,100
50.0797,100,100
50.0795,100,100
50.0793,100,100
50.0791,100,100
50.0789,100,100
50.0787,100,100
50.0785,100,100
50.0783,100,100
50.0781,100,100
50.0779,100,100
50.0777,100,100
50.0775,100,100
50.0773,100,100
50.0771,100,100
50.0769,100,100
50.0767,100,100
50.0765,100,100
50.0763,100,100
50.0761,100,100
50.0759,100,100
50.0757,100,100
50.0755,100,100
50.0753,100,100
50.0751,100,100
50.0749,100,100
50.0747,100,100
50.0745,100,100
50.0743,100,100
50.0741,100,100
50.0739,100,100
50.0737,100,100
50.0735,100,100
50.0733,100,100
50.0731,100,100
50.073,100,100
50.0728,100,100
50.0726,100,100
50.0724,100,100
50.0722,100,100
50.072,100,100
50.0718,100,100
50.0716,100,100
50.0714,100,100
50.0712,100,100
50.071,100,100
50.0708,100,100
50.0706,100,100
50.0704,100,100
50.0702,100,100
50.07,100,100
50.0698,100,100
50.0696,100,100
50.0694,100,100
50.0692,100,100
50.069,100,100
50.0688,100,100
50.0686,100,100
50.0684,100,100
50.0682,100,100
50.068,100,100
50.0678,100,100
50.0676,100,100
50.0674,100,100
50.0672,100,100
50.067,100,100
50.0668,100,100
50.0666,100,100
50.0664,100,100
50.0663,100,100
50.0661,100,100
50.0659,100,100
50.0657,100,100
50.0655,100,100
50.0653,100,100
50.0651,100,100
50.0649,100,100
50.0647,100,100
50.0645,100,100
50.0643,100,100
50.0641,100,100
50.0639,100,100
50.0637,100,100
50.0635,100,100
50.0633,100,100
50.0631,100,100
50.0629,100,100
50.0627,100,100
50.0625,100,100
50.0623,100,100
50.0621,100,100
50.0619,100,100
50.0617,100,100
50.0615,100,100
50.0613,100,100
50.0611,100,100
50.0609,100,100
50.0607,100,100
50.0605,100,100
50.0603,100,100
50.0601,100,100
50.0599,100,100
50.0598,100,100
50.0596,100,100
50.0594,100,100
50.0592,100,100
50.059,100,100
50.0588,100,100
50.0586,100,100
50.0584,100,100
50.0582,100,100
50.058,100,100
50.0578,100,100
50.0576,100,100
50.0574,100,100
50.0572,100,100
50.057,100,100
50.0568,100,100
50.0566,100,100
50.0564,100,100
50.0562,100,100
50.056,100,100
50.0558,100,100
50.0556,100,100
50.0554,100,100
50.0552,100,100
50.055,100,100
50.0548,100,100
50.0546,100,100
50.0544,100,100
50.0542,100,100
50.054,100,100
50.0538,100,100
50.0536,100,100
50.0534,100,100
50.0532,100,100
50.0531,100,100
50.0529,100,100
50.0527,100,100
50.0525,100,100
50.0523,100,100
50.0521,100,100
50.0519,100,100
50.0517,100,100
50.0515,100,100
50.0513,100,100
50.0511,100,100
50.0509,100,100
50.0507,100,100
50.0505,100,100
50.0503,100,100
50.0501,100,100
50.0499,100,100
50.0497,100,100
50.0495,100,100
50.0493,100,100
50.0491,100,100
50.0489,100,100
50.0487,100,100
50.0485,100,100
50.0483,100,100
50.0481,100,100
50.0479,100,100
50.0477,100,100
50.0475,100,100
50.0473,100,100
50.0471,100,100
50.0469,100,100
50.0467,100,100
50.0465,100,100
50.0463,100,100
50.0461,100,100
50.0459,100,100
50.0457,100,100
50.0455,100,100
50.0453,100,100
50.0451,100,100
50.0449,100,100
50.0447,100,100
50.0445,100,100
50.0443,100,100
50.0441,100,100
50.0439,100,100
50.0438,100,100
50.0436,100,100
50.0434,100,100
50.0432,100,100
50.043,100,100
50.0428,100,100
50.0426,100,100
50.0424,100,100
50.0422,100,100
50.042,100,100
50.0418,100,100
50.0416,100,100
50.0414,100,100
50.0412,100,100
50.041,100,100
50.0408,100,100
50.0406,100,100
50.0404,100,100
50.0402,100,100
50.04,100,100
50.0398,100,100
50.0396,100,100
50.0394,100,100
50.0392,100,100
50.039,100,100
50.0388,100,100
50.0386,100,100
50.0384,100,100
50.0382,100,100
50.038,100,100
50.0378,100,100
50.0376,100,100
50.0374,100,100
50.0372,100,100
50.037,100,100
50.0368,100,100
50.0366,100,100
50.0364,100,100
50.0362,100,100
50.036,100,100
50.0358,100,100
50.0356,100,100
50.0354,100,100
50.0352,100,100
50.035,100,100
50.0348,100,100
50.0347,100,100
50.0345,100,100
50.0343,100,100
50.0341,100,100
50.0339,100,100
50.0337,100,100
50.0335,100,100
50.0333,100,100
50.0331,100,100
50.0329,100,100
50.0327,100,100
50.0325,100,100
50.0323,100,100
50.0321,100,100
50.0319,100,100
50.0317,100,100
50.0315,100,100
50.0313,100,100
50.0311,100,100
50.0309,100,100
50.0307,100,100
50.0305,100,100
50.0303,100,100
50.0301,100,100
50.0299,100,100
50.0297,100,100
50.0295,100,100
50.0293,100,100
50.0291,100,100
50.0289,100,100
50.0287,100,100
50.0285,100,100
50.0283,100,100
50.0281,100,100
50.0279,100,100
50.0277,100,100
50.0276,100,100
50.0274,100,100
50.0272,100,100
50.027,100,100
50.0268,100,100
50.0266,100,100
50.0264,100,100
50.0262,100,100
50.026,100,100
50.0258,100,100
50.0256,100,100
50.0254,100,100
50.0252,100,100
50.025,100,100
50.0248,100,100
50.0246,100,100
50.0244,100,100
50.0242,100,100
50.024,100,100
50.0238,100,100
50.0236,100,100
50.0234,100,100
50.0232,100,100
50.023,100,100
50.0228,100,100
50.0226,100,100
50.0224,100,100
50.0222,100,100
50.022,100,100
50.0218,100,100
50.0216,100,100
50.0214,100,100
50.0212,100,100
50.0211,100,100
50.0209,100,100
50.0207,100,100
50.0205,100,100
50.0203,100,100
50.0201,100,100
50.0199,100,100
50.0197,100,100
50.0195,100,100
50.0193,100,100
50.0191,100,100
50.0189,100,100
50.0187,100,100
50.0185,100,100
50.0183,100,100
50.0181,100,100
50.0179,100,100
50.0177,100,100
50.0175,100,100
50.0173,100,100
50.0171,100,100
50.0169,100,100
50.0167,100,100
50.0165,100,100
50.0163,100,100
50.0161,100,100
50.0159,100,100
50.0157,100,100
50.0155,100,100
50.0153,100,100
50.0151,100,100
50.0149,100,100
50.0147,100,100
50.0145,100,100
50.0144,100,100
50.0142,100,100
50.014,100,100
50.0138,100,100
50.0136,100,100
50.0134,100,100
50.0132,100,100
50.013,100,100
50.0128,100,100
50.0126,100,100
50.0124,100,100
50.0122,100,100
50.012,100,100
50.0118,100,100
50.0116,100,100
50.0114,100,100
50.0112,100,100
50.011,100,100
50.0108,100,100
50.0106,100,100
50.0104,100,100
50.0102,100,100
50.01,100,100
50.0098,100,100
50.0096,100,100
50.0094,100,100
50.0092,100,100
50.009,100,100
50.0088,100,100
50.0086,100,100
50.0084,100,100
50.0082,100,100
50.008,100,100
50.0078,100,100
50.0077,100,100
50.0075,100,100
50.0073,100,100
50.0071,100,100
50.0069,100,100
50.0067,100,100
50.0065,100,100
50.0063,100,100
50.0061,100,100
50.0059,100,100
50.0057,100,100
50.0055,100,100
50.0053,100,100
50.0051,100,100
50.0049,100,100
50.0047,100,100
50.0045,100,100
50.0043,100,100
50.0041,100,100
50.0039,100,100
50.0037,100,100
50.0035,100,100
50.0033,100,100
50.0031,100,100
50.0029,100,100
50.0027,100,100
50.0025,100,100
50.0023,100,100
50.0021,100,100
50.0019,100,100
50.0017,100,100
50.0015,100,100
50.0013,100,100
50.0012,100,100
50.001,100,100
50.0008,100,100
50.0006,100,100
50.0004,100,100
50.0002,100,100
50,100,100
49.9998,100,100
49.9996,100,100
49.9994,100,100
49.9992,100,100
49.999,100,100
49.9988,100,100
49.9986,100,100
49.9984,100,100
49.9982,100,100
49.998,100,100
49.9978,100,100
49.9976,100,100
49.9974,100,100
49.9972,100,100
49.997,100,100
49.9968,100,100
49.9966,100,100
49.9964,100,100
49.9962,100,100
49.996,100,100
49.9958,100,100
49.9956,100,100
49.9954,100,100
49.9952,100,100
49.995,100,100
49.9948,100,100
49.9946,100,100
49.9945,100,100
49.9943,100,100
49.9941,100,100
49.9939,100,100
49.9937,100,100
49.9935,100,100
49.9933,100,100
49.9931,100,100
49.9929,100,100
49.9927,100,100
49.9925,100,100
49.9923,100,100
49.9921,100,100
49.9919,100,100
49.9917,100,100
49.9915,100,100
49.9913,100,100
49.9911,100,100
49.9909,100,100
49.9907,100,100
49.9905,100,100
49.9903,100,100
49.9901,100,100
49.9899,100,100
49.9897,100,100
49.9895,100,100
49.9893,100,100
49.9891,100,100
49.9889,100,100
49.9887,100,100
49.9885,100,100
49.9883,100,100
49.9881,100,100
49.9879,100,100
49.9878,100,100
49.9876,100,100
49.9874,100,100
49.9872,100,100
49.987,100,100
49.9868,100,100
49.9866,100,100
49.9864,100,100
49.9862,100,100
49.986,100,100
49.9858,100,100
49.9856,100,100
49.9854,100,100
49.9852,100,100
49.985,100,100
49.9848,100,100
49.9846,100,100
49.9844,100,100
49.9842,100,100
49.984,100,100
49.9838,100,100
49.9836,100,100
49.9834,100,100
49.9832,100,100
49.983,100,100
49.9828,100,100
49.9826,100,100
49.9824,100,100
49.9822,100,100
49.982,100,100
49.9818,100,100
49.9816,100,100
49.9814,100,100
49.9813,100,100
49.9811,100,100
49.9809,100,100
49.9807,100,100
49.9805,100,100
49.9803,100,100
49.9801,100,100
49.9799,100,100
49.9797,100,100
49.9795,100,100
49.9793,100,100
49.9791,100,100
49.9789,100,100
49.9787,100,100
49.9785,100,100
49.9783,100,100
49.9781,100,100
49.9779,100,100
49.9777,100,100
49.9775,100,100
49.9773,100,100
49.9771,100,100
49.9769,100,100
49.9767,100,100
49.9765,100,100
49.9763,100,100
49.9761,100,100
49.9759,100,100
49.9757,100,100
49.9755,100,100
49.9753,100,100
49.9751,100,100
49.9749,100,100
49.9747,100,100
49.9746,100,100
49.9744,100,100
49.9742,100,100
49.974,100,100
49.9738,100,100
49.9736,100,100
49.9734,100,100
49.9732,100,100
49.973,100,100
49.9728,100,100
49.9726,100,100
49.9724,100,100
49.9722,100,100
49.972,100,100
49.9718,100,100
49.9716,100,100
49.9714,100,100
49.9712,100,100
49.971,100,100
49.9708,100,100
49.9706,100,100
49.9704,100,100
49.9702,100,100
49.97,100,100
49.9698,100,100
49.9696,100,100
49.9694,100,100
49.9692,100,100
49.969,100,100
49.9688,100,100
49.9686,100,100
49.9684,100,100
49.9682,100,100
49.968,100,100
49.9679,100,100
49.9677,100,100
49.9675,100,100
49.9673,100,100
49.9671,100,100
49.9669,100,100
49.9667,100,100
49.9665,100,100
49.9663,100,100
49.9661,100,100
49.9659,100,100
49.9657,100,100
49.9655,100,100
49.9653,100,100
49.9651,100,100
49.9649,100,100
49.9647,100,100
49.9645,100,100
49.9643,100,100
49.9641,100,100
49.9639,100,100
49.9637,100,100
49.9635,100,100
49.9633,100,100
49.9631,100,100
49.9629,100,100
49.9627,100,100
49.9625,100,100
49.9623,100,100
49.9621,100,100
49.9619,100,100
49.9617,100,100
49.9615,100,100
49.9614,100,100
49.9612,100,100
49.961,100,100
49.9608,100,100
49.9606,100,100
49.9604,100,100
49.9602,100,100
49.96,100,100
49.9598,100,100
49.9596,100,100
49.9594,100,100
49.9592,100,100
49.959,100,100
49.9588,100,100
49.9586,100,100
49.9584,100,100
49.9582,100,100
49.958,100,100
49.9578,100,100
49.9576,100,100
49.9574,100,100
49.9572,100,100
49.957,100,100
49.9568,100,100
49.9566,100,100
49.9564,100,100
49.9562,100,100
49.956,100,100
49.9558,100,100
49.9556,100,100
49.9554,100,100
49.9552,100,100
49.955,100,100
49.9548,100,100
49.9547,100,100
49.9545,100,100
49.9543,100,100
49.9541,100,100
49.9539,100,100
49.9537,100,100
49.9535,100,100
49.9533,100,100
49.9531,100,100
49.9529,100,100
49.9527,100,100
49.9525,100,100
49.9523,100,100
49.9521,100,100
49.9519,100,100
49.9517,100,100
49.9515,100,100
49.9513,100,100
49.9511,100,100
49.9509,100,100
49.9507,100,100
49.9505,100,100
49.9503,100,100
49.9501,100,100
49.9499,100,100
49.9497,100,100
49.9495,100,100
49.9493,100,100
49.9491,100,100
49.9489,100,100
49.9487,100,100
49.9485,100,100
49.9483,100,100
49.9481,100,100
49.948,100,100
49.9478,100,100
49.9476,100,100
49.9474,100,100
49.9472,100,100
49.947,100,100
49.9468,100,100
49.9466,100,100
49.9464,100,100
49.9462,100,100
49.946,100,100
49.9458,100,100
49.9456,100,100
49.9454,100,100
49.9452,100,100
49.945,100,100
49.9448,100,100
49.9446,100,100
49.9444,100,100
49.9442,100,100
49.944,100,100
49.9438,100,100
49.9436,100,100
49.9434,100,100
49.9432,100,100
49.943,100,100
49.9428,100,100
49.9426,100,100
49.9424,100,100
49.9422,100,100
49.942,100,100
49.9418,100,100
49.9416,100,100
49.9415,100,100
49.9413,100,100
49.9411,100,100
49.9409,100,100
49.9407,100,100
49.9405,100,100
49.9403,100,100
49.9401,100,100
49.9399,100,100
49.9397,100,100
49.9395,100,100
49.9393,100,100
49.9391,100,100
49.9389,100,100
49.9387,100,100
49.9385,100,100
49.9383,100,100
49.9381,100,100
49.9379,100,100
49.9377,100,100
49.9375,100,100
49.9373,100,100
49.9371,100,100
49.9369,100,100
49.9367,100,100
49.9365,100,100
49.9363,100,100
49.9361,100,100
49.9359,100,100
49.9357,100,100
49.9355,100,100
49.9353,100,100
49.9351,100,100
49.9349,100,100
49.9348,100,100
49.9346,100,100
49.9344,100,100
49.9342,100,100
49.934,100,100
49.9338,100,100
49.9336,100,100
49.9334,100,100
49.9332,100,100
49.933,100,100
49.9328,100,100
49.9326,100,100
49.9324,100,100
49.9322,100,100
49.932,100,100
49.9318,100,100
49.9316,100,100
49.9314,100,100
49.9312,100,100
49.931,100,100
49.9308,100,100
49.9306,100,100
49.9304,100,100
49.9302,100,100
49.93,100,100
49.9298,100,100
49.9296,100,100
49.9294,100,100
49.9292,100,100
49.929,100,100
49.9288,100,100
49.9286,100,100
49.9284,100,100
49.9282,100,100
49.9281,100,100
49.9279,100,100
49.9277,100,100
49.9275,100,100
49.9273,100,100
49.9271,100,100
49.9269,100,100
49.9267,100,100
49.9265,100,100
49.9263,100,100
49.9261,100,100
49.9259,100,100
49.9257,100,100
49.9255,100,100
49.9253,100,100
49.9251,100,100
49.9249,100,100
49.9247,100,100
49.9245,100,100
49.9243,100,100
49.9241,100,100
49.9239,100,100
49.9237,100,100
49.9235,100,100
49.9233,100,100
49.9231,100,100
49.9229,100,100
49.9227,100,100
49.9225,100,100
49.9223,100,100
49.9221,100,100
49.9219,100,100
49.9217,100,100
49.9216,100,100
49.9214,100,100
49.9212,100,100
49.921,100,100
49.9208,100,100
49.9206,100,100
49.9204,100,100
49.9202,100,100
49.92,100,100
49.9198,100,100
49.9196,100,100
49.9194,100,100
49.9192,100,100
49.919,100,100
49.9188,100,100
49.9186,100,100
49.9184,100,100
49.9182,100,100
49.918,100,100
49.9178,100,100
49.9176,100,100
49.9174,100,100
49.9172,100,100
49.917,100,100
49.9168,100,100
49.9166,100,100
49.9164,100,100
49.9162,100,100
49.916,100,100
49.9158,100,100
49.9156,100,100
49.9154,100,100
49.9152,100,100
49.915,100,100
49.9149,100,100
49.9147,100,100
49.9145,100,100
49.9143,100,100
49.9141,100,100
49.9139,100,100
49.9137,100,100
49.9135,100,100
49.9133,100,100
49.9131,100,100
49.9129,100,100
49.9127,100,100
49.9125,100,100
49.9123,100,100
49.9121,100,100
49.9119,100,100
49.9117,100,100
49.9115,100,100
49.9113,100,100
49.9111,100,100
49.9109,100,100
49.9107,100,100
49.9105,100,100
49.9103,100,100
49.9101,100,100
49.9099,100,100
49.9097,100,100
49.9095,100,100
49.9093,100,100
49.9091,100,100
49.9089,100,100
49.9087,100,100
49.9085,100,100
49.9083,100,100
49.9082,100,100
49.908,100,100
49.9078,100,100
49.9076,100,100
49.9074,100,100
49.9072,100,100
49.907,100,100
49.9068,100,100
49.9066,100,100
49.9064,100,100
49.9062,100,100
49.906,100,100
49.9058,100,100
49.9056,100,100
49.9054,100,100
49.9052,100,100
49.905,100,100
49.9048,100,100
49.9046,100,100
49.9044,100,100
49.9042,100,100
49.904,100,100
49.9038,100,100
49.9036,100,100
49.9034,100,100
49.9032,100,100
49.903,100,100
49.9028,100,100
49.9026,100,100
49.9024,100,100
49.9022,100,100
49.902,100,100
49.9018,100,100
49.9017,100,100
49.9015,100,100
49.9013,100,100
49.9011,100,100
49.9009,100,100
49.9007,100,100
49.9005,100,100
49.9003,100,100
49.9001,100,100
49.8999,100,100
49.8997,100,100
49.8995,100,100
49.8993,100,100
49.8991,100,100
49.8989,100,100
49.8987,100,100
49.8985,100,100
49.8983,100,100
49.8981,100,100
49.8979,100,100
49.8977,100,100
49.8975,100,100
49.8973,100,100
49.8971,100,100
49.8969,100,100
49.8967,100,100
49.8965,100,100
49.8963,100,100
49.8961,100,100
49.8959,100,100
49.8957,100,100
49.8955,100,100
49.8953,100,100
49.8951,100,100
49.895,100,100
49.8948,100,100
49.8946,100,100
49.8944,100,100
49.8942,100,100
49.894,100,100
49.8938,100,100
49.8936,100,100
49.8934,100,100
49.8932,100,100
49.893,100,100
49.8928,100,100
49.8926,100,100
49.8924,100,100
49.8922,100,100
49.892,100,100
49.8918,100,100
49.8916,100,100
49.8914,100,100
49.8912,100,100
49.891,100,100
49.8908,100,100
49.8906,100,100
49.8904,100,100
49.8902,100,100
49.89,100,100
49.8898,100,100
49.8896,100,100
49.8894,100,100
49.8892,100,100
49.889,100,100
49.8888,100,100
49.8886,100,100
49.8884,100,100
49.8883,100,100
49.8881,100,100
49.8879,100,100
49.8877,100,100
49.8875,100,100
49.8873,100,100
49.8871,100,100
49.8869,100,100
49.8867,100,100
49.8865,100,100
49.8863,100,100
49.8861,100,100
49.8859,100,100
49.8857,100,100
49.8855,100,100
49.8853,100,100
49.8851,100,100
49.8849,100,100
49.8847,100,100
49.8845,100,100
49.8843,100,100
49.8841,100,100
49.8839,100,100
49.8837,100,100
49.8835,100,100
49.8833,100,100
49.8831,100,100
49.8829,100,100
49.8827,100,100
49.8825,100,100
49.8823,100,100
49.8821,100,100
49.8819,100,100
49.8818,100,100
49.8816,100,100
49.8814,100,100
49.8812,100,100
49.881,100,100
49.8808,100,100
49.8806,100,100
49.8804,100,100
49.8802,100,100
49.88,100,100
49.8798,100,100
49.8796,100,100
49.8794,100,100
49.8792,100,100
49.879,100,100
49.8788,100,100
49.8786,100,100
49.8784,100,100
49.8782,100,100
49.878,100,100
49.8778,100,100
49.8776,100,100
49.8774,100,100
49.8772,100,100
49.877,100,100
49.8768,100,100
49.8766,100,100
49.8764,100,100
49.8762,100,100
49.876,100,100
49.8758,100,100
49.8756,100,100
49.8754,100,100
49.8752,100,100
49.8751,100,100
49.8749,100,100
49.8747,100,100
49.8745,100,100
49.8743,100,100
49.8741,100,100
49.8739,100,100
49.8737,100,100
49.8735,100,100
49.8733,100,100
49.8731,100,100
49.8729,100,100
49.8727,100,100
49.8725,100,100
49.8723,100,100
49.8721,100,100
49.8719,100,100
49.8717,100,100
49.8715,100,100
49.8713,100,100
49.8711,100,100
49.8709,100,100
49.8707,100,100
49.8705,100,100
49.8703,100,100
49.8701,100,100
49.8699,100,100
49.8697,100,100
49.8695,100,100
49.8693,100,100
49.8691,100,100
49.8689,100,100
49.8687,100,100
49.8685,100,100
49.8684,100,100
49.8682,100,100
49.868,100,100
49.8678,100,100
49.8676,100,100
49.8674,100,100
49.8672,100,100
49.867,100,100
49.8668,100,100
49.8666,100,100
49.8664,100,100
49.8662,100,100
49.866,100,100
49.8658,100,100
49.8656,100,100
49.8654,100,100
49.8652,100,100
49.865,100,100
49.8648,100,100
49.8646,100,100
49.8644,100,100
49.8642,100,100
49.864,100,100
49.8638,100,100
49.8636,100,100
49.8634,100,100
49.8632,100,100
49.863,100,100
49.8628,100,100
49.8626,100,100
49.8624,100,100
49.8622,100,100
49.862,100,100
49.8619,100,100
49.8617,100,100
49.8615,100,100
49.8613,100,100
49.8611,100,100
49.8609,100,100
49.8607,100,100
49.8605,100,100
49.8603,100,100
49.8601,100,100
49.8599,100,100
49.8597,100,100
49.8595,100,100
49.8593,100,100
49.8591,100,100
49.8589,100,100
49.8587,100,100
49.8585,100,100
49.8583,100,100
49.8581,100,100
49.8579,100,100
49.8577,100,100
49.8575,100,100
49.8573,100,100
49.8571,100,100
49.8569,100,100
49.8567,100,100
49.8565,100,100
49.8563,100,100
49.8561,100,100
49.8559,100,100
49.8557,100,100
49.8555,100,100
49.8554,100,100
49.8552,100,100
49.855,100,100
49.8548,100,100
49.8546,100,100
49.8544,100,100
49.8542,100,100
49.854,100,100
49.8538,100,100
49.8536,100,100
49.8534,100,100
49.8532,100,100
49.853,100,100
49.8528,100,100
49.8526,100,100
49.8524,100,100
49.8522,100,100
49.852,100,100
49.8518,100,100
49.8516,100,100
49.8514,100,100
49.8512,100,100
49.851,100,100
49.8508,100,100
49.8507,100,100
49.8505,100,100
49.8503,100,100
49.8501,100,100
49.8499,100,100
49.8497,100,100
49.8495,100,100
49.8493,100,100
49.8491,100,100
49.8489,100,100
49.8487,100,100
49.8485,100,100
49.8483,100,100
49.8481,100,100
49.8479,100,100
49.8477,100,100
49.8475,100,100
49.8473,100,100
49.8471,100,100
49.8469,100,100
49.8467,100,100
49.8465,100,100
49.8463,100,100
49.8461,100,100
49.8459,100,100
49.8458,100,100
49.8456,100,100
49.8454,100,100
49.8452,100,100
49.845,100,100
49.8448,100,100
49.8446,100,100
49.8444,100,100
49.8442,100,100
49.844,100,100
49.8438,100,100
49.8436,100,100
49.8434,100,100
49.8432,100,100
49.843,100,100
49.8428,100,100
49.8426,100,100
49.8424,100,100
49.8422,100,100
49.842,100,100
49.8418,100,100
49.8416,100,100
49.8414,100,100
49.8412,100,100
49.841,100,100
49.8409,100,100
49.8407,100,100
49.8405,100,100
49.8403,100,100
49.8401,100,100
49.8399,100,100
49.8397,100,100
49.8395,100,100
49.8393,100,100
49.8391,100,100
49.8389,100,100
49.8387,100,100
49.8385,100,100
49.8383,100,100
49.8381,100,100
49.8379,100,100
49.8377,100,100
49.8375,100,100
49.8373,100,100
49.8371,100,100
49.8369,100,100
49.8367,100,100
49.8365,100,100
49.8363,100,100
49.8361,100,100
49.836,100,100
49.8358,100,100
49.8356,100,100
49.8354,100,100
49.8352,100,100
49.835,100,100
49.8348,100,100
49.8346,100,100
49.8344,100,100
49.8342,100,100
49.834,100,100
49.8338,100,100
49.8336,100,100
49.8334,100,100
49.8332,100,100
49.833,100,100
49.8328,100,100
49.8326,100,100
49.8324,100,100
49.8322,100,100
49.832,100,100
49.8318,100,100
49.8316,100,100
49.8314,100,100
49.8312,100,100
49.831,100,100
49.8308,100,100
49.8306,100,100
49.8304,100,100
49.8302,100,100
49.83,100,100
49.8298,100,100
49.8297,100,100
49.8295,100,100
49.8293,100,100
49.8291,100,100
49.8289,100,100
49.8287,100,100
49.8285,100,100
49.8283,100,100
49.8281,100,100
49.8279,100,100
49.8277,100,100
49.8275,100,100
49.8273,100,100
49.8271,100,100
49.8269,100,100
49.8267,100,100
49.8265,100,100
49.8263,100,100
49.8261,100,100
49.8259,100,100
49.8257,100,100
49.8255,100,100
49.8253,100,100
49.8251,100,100
49.8249,100,100
49.8247,100,100
49.8245,100,100
49.8243,100,100
49.8241,100,100
49.8239,100,100
49.8237,100,100
49.8235,100,100
49.8233,100,100
49.8232,100,100
49.823,100,100
49.8228,100,100
49.8226,100,100
49.8224,100,100
49.8222,100,100
49.822,100,100
49.8218,100,100
49.8216,100,100
49.8214,100,100
49.8212,100,100
49.821,100,100
49.8208,100,100
49.8206,100,100
49.8204,100,100
49.8202,100,100
49.82,100,100
49.8198,100,100
49.8196,100,100
49.8194,100,100
49.8192,100,100
49.819,100,100
49.8188,100,100
49.8186,100,100
49.8184,100,100
49.8182,100,100
49.818,100,100
49.8178,100,100
49.8176,100,100
49.8174,100,100
49.8172,100,100
49.817,100,100
49.8169,100,100
49.8167,100,100
49.8165,100,100
49.8163,100,100
49.8161,100,100
49.8159,100,100
49.8157,100,100
49.8155,100,100
49.8153,100,100
49.8151,100,100
49.8149,100,100
49.8147,100,100
49.8145,100,100
49.8143,100,100
49.8141,100,100
49.8139,100,100
49.8137,100,100
49.8135,100,100
49.8133,100,100
49.8131,100,100
49.8129,100,100
49.8127,100,100
49.8125,100,100
49.8123,100,100
49.8121,100,100
49.8119,100,100
49.8117,100,100
49.8115,100,100
49.8113,100,100
49.8111,100,100
49.8109,100,100
49.8107,100,100
49.8105,100,100
49.8103,100,100
49.8102,100,100
49.81,100,100
49.8098,100,100
49.8096,100,100
49.8094,100,100
49.8092,100,100
49.809,100,100
49.8088,100,100
49.8086,100,100
49.8084,100,100
49.8082,100,100
49.808,100,100
49.8078,100,100
49.8076,100,100
49.8074,100,100
49.8072,100,100
49.807,100,100
49.8068,100,100
49.8066,100,100
49.8064,100,100
49.8062,100,100
49.806,100,100
49.8058,100,100
49.8056,100,100
49.8054,100,100
49.8052,100,100
49.805,100,100
49.8048,100,100
49.8046,100,100
49.8044,100,100
49.8042,100,100
49.804,100,100
49.8038,100,100
49.8036,100,100
49.8035,100,100
49.8033,100,100
49.8031,100,100
49.8029,100,100
49.8027,100,100
49.8025,100,100
49.8023,100,100
49.8021,100,100
49.8019,100,100
49.8017,100,100
49.8015,100,100
49.8013,100,100
49.8011,100,100
49.8009,100,100
49.8007,100,100
49.8005,100,100
49.8003,100,100
49.8001,100,100
49.7999,100,100
49.7997,100,100
49.7995,100,100
49.7993,100,100
49.7991,100,100
49.7989,100,100
49.7987,100,100
49.7985,100,100
49.7983,100,100
49.7981,100,100
49.7979,100,100
49.7977,100,100
49.7975,100,100
49.7973,100,100
49.7971,100,100
49.797,100,100
49.7968,100,100
49.7966,100,100
49.7964,100,100
49.7962,100,100
49.796,100,100
49.7958,100,100
49.7956,100,100
49.7954,100,100
49.7952,100,100
49.795,100,100
49.7948,100,100
49.7946,100,100
49.7944,100,100
49.7942,100,100
49.794,100,100
49.7938,100,100
49.7936,100,100
49.7934,100,100
49.7932,100,100
49.793,100,100
49.7928,100,100
49.7926,100,100
49.7924,100,100
49.7922,100,100
49.792,100,100
49.7919,100,100
49.7917,100,100
49.7915,100,100
49.7913,100,100
49.7911,100,100
49.7909,100,100
49.7907,100,100
49.7905,100,100
49.7903,100,100
49.7901,100,100
49.7899,100,100
49.7897,100,100
49.7895,100,100
49.7893,100,100
49.7891,100,100
49.7889,100,100
49.7887,100,100
49.7885,100,100
49.7883,100,100
49.7881,100,100
49.7879,100,100
49.7877,100,100
49.7875,100,100
49.7873,100,100
49.7871,100,100
49.7869,100,100
49.7868,100,100
49.7866,100,100
49.7864,100,100
49.7862,100,100
49.786,100,100
49.7858,100,100
49.7856,100,100
49.7854,100,100
49.7852,100,100
49.785,100,100
49.7848,100,100
49.7846,100,100
49.7844,100,100
49.7842,100,100
49.784,100,100
49.7838,100,100
49.7836,100,100
49.7834,100,100
49.7832,100,100
49.783,100,100
49.7828,100,100
49.7826,100,100
49.7824,100,100
49.7822,100,100
49.782,100,100
49.7819,100,100
49.7817,100,100
49.7815,100,100
49.7813,100,100
49.7811,100,100
49.7809,100,100
49.7807,100,100
49.7805,100,100
49.7803,100,100
49.7801,100,100
49.7799,100,100
49.7797,100,100
49.7795,100,100
49.7793,100,100
49.7791,100,100
49.7789,100,100
49.7787,100,100
49.7785,100,100
49.7783,100,100
49.7781,100,100
49.7779,100,100
49.7777,100,100
49.7775,100,100
49.7773,100,100
49.7771,100,100
49.7769,100,100
49.7767,100,100
49.7765,100,100
49.7763,100,100
49.7762,100,100
49.776,100,100
49.7758,100,100
49.7756,100,100
49.7754,100,100
49.7752,100,100
49.775,100,100
49.7748,100,100
49.7746,100,100
49.7744,100,100
49.7742,100,100
49.774,100,100
49.7738,100,100
49.7736,100,100
49.7734,100,100
49.7732,100,100
49.773,100,100
49.7728,100,100
49.7726,100,100
49.7724,100,100
49.7722,100,100
49.772,100,100
49.7718,100,100
49.7716,100,100
49.7714,100,100
49.7712,100,100
49.771,100,100
49.7708,100,100
49.7706,100,100
49.7704,100,100
49.7702,100,100
49.77,100,100
49.7698,100,100
49.7696,100,100
49.7694,100,100
49.7692,100,100
49.769,100,100
49.7688,100,100
49.7686,100,100
49.7684,100,100
49.7682,100,100
49.768,100,100
49.7678,100,100
49.7676,100,100
49.7674,100,100
49.7672,100,100
49.7671,100,100
49.7669,100,100
49.7667,100,100
49.7665,100,100
49.7663,100,100
49.7661,100,100
49.7659,100,100
49.7657,100,100
49.7655,100,100
49.7653,100,100
49.7651,100,100
49.7649,100,100
49.7647,100,100
49.7645,100,100
49.7643,100,100
49.7641,100,100
49.7639,100,100
49.7637,100,100
49.7635,100,100
49.7633,100,100
49.7631,100,100
49.7629,100,100
49.7627,100,100
49.7625,100,100
49.7623,100,100
49.7621,100,100
49.7619,100,100
49.7617,100,100
49.7615,100,100
49.7613,100,100
49.7611,100,100
49.7609,100,100
49.7607,100,100
49.7605,100,100
49.7603,100,100
49.7601,100,100
49.7599,100,100
49.7597,100,100
49.7595,100,100
49.7593,100,100
49.7591,100,100
49.7589,100,100
49.7587,100,100
49.7585,100,100
49.7583,100,100
49.7581,100,100
49.7579,100,100
49.7578,100,100
49.7575,100,100
49.7573,100,100
49.7571,100,100
49.7569,100,100
49.7567,100,100
49.7565,100,100
49.7563,100,100
49.7561,100,100
49.7559,100,100
49.7557,100,100
49.7555,100,100
49.7553,100,100
49.7551,100,100
49.7549,100,100
49.7547,100,100
49.7545,100,100
49.7543,100,100
49.7541,100,100
49.7539,100,100
49.7537,100,100
49.7535,100,100
49.7533,100,100
49.7531,100,100
49.7529,100,100
49.7527,100,100
49.7525,100,100
49.7523,100,100
49.7521,100,100
49.7519,100,100
49.7517,100,100
49.7515,100,100
49.7513,100,100
49.7511,100,100
49.7509,100,100
49.7507,100,100
49.7505,100,100
49.7503,100,100
49.7501,100,100
49.7499,100,100
49.7497,100,100
49.7495,100,100
49.7493,100,100
49.7491,100,100
49.7489,100,100
49.7487,100,100
49.7485,100,100
49.7483,100,100
49.748,100,100
49.7478,100,100
49.7476,100,100
49.7474,100,100
49.7472,100,100
49.747,100,100
49.7468,100,100
49.7466,100,100
49.7464,100,100
49.7462,100,100
49.746,100,100
49.7458,100,100
49.7456,100,100
49.7454,100,100
49.7452,100,100
49.745,100,100
49.7448,100,100
49.7446,100,100
49.7444,100,100
49.7442,100,100
49.744,100,100
49.7438,100,100
49.7436,100,100
49.7434,100,100
49.7432,100,100
49.743,100,100
49.7428,100,100
49.7426,100,100
49.7424,100,100
49.7422,100,100
49.742,100,100
49.7418,100,100
49.7416,100,100
49.7414,100,100
49.7412,100,100
49.741,100,100
49.7408,100,100
49.7406,100,100
49.7404,100,100
49.7402,100,100
49.74,100,100
49.7398,100,100
49.7396,100,100
49.7394,100,100
49.7392,100,100
49.739,100,100
49.7387,100,100
49.7385,100,100
49.7383,100,100
49.7381,100,100
49.7379,100,100
49.7377,100,100
49.7375,100,100
49.7373,100,100
49.7371,100,100
49.7369,100,100
49.7367,100,100
49.7365,100,100
49.7363,100,100
49.7361,100,100
49.7359,100,100
49.7357,100,100
49.7355,100,100
49.7353,100,100
49.7351,100,100
49.7349,100,100
49.7347,100,100
49.7345,100,100
49.7343,100,100
49.7341,100,100
49.7339,100,100
49.7337,100,100
49.7335,100,100
49.7333,100,100
49.7331,100,100
49.7329,100,100
49.7327,100,100
49.7325,100,100
49.7323,100,100
49.7321,100,100
49.7319,100,100
49.7317,100,100
49.7315,100,100
49.7313,100,100
49.7311,100,100
49.7309,100,100
49.7307,100,100
49.7305,100,100
49.7303,100,100
49.7301,100,100
49.7299,100,100
49.7297,100,100
49.7294,100,100
49.7292,100,100
49.729,100,100
49.7288,100,100
49.7286,100,100
49.7284,100,100
49.7282,100,100
49.728,100,100
49.7278,100,100
49.7276,100,100
49.7274,100,100
49.7272,100,100
49.727,100,100
49.7268,100,100
49.7266,100,100
49.7264,100,100
49.7262,100,100
49.726,100,100
49.7258,100,100
49.7256,100,100
49.7254,100,100
49.7252,100,100
49.725,100,100
49.7248,100,100
49.7246,100,100
49.7244,100,100
49.7242,100,100
49.724,100,100
49.7238,100,100
49.7236,100,100
49.7234,100,100
49.7232,100,100
49.723,100,100
49.7228,100,100
49.7226,100,100
49.7224,100,100
49.7222,100,100
49.722,100,100
49.7218,100,100
49.7216,100,100
49.7214,100,100
49.7212,100,100
49.721,100,100
49.7208,100,100
49.7206,100,100
49.7204,100,100
49.7201,100,100
49.7199,100,100
49.7197,100,100
49.7195,100,100
49.7193,100,100
49.7191,100,100
49.7189,100,100
49.7187,100,100
49.7185,100,100
49.7183,100,100
49.7181,100,100
49.7179,100,100
49.7177,100,100
49.7175,100,100
49.7173,100,100
49.7171,100,100
49.7169,100,100
49.7167,100,100
49.7165,100,100
49.7163,100,100
49.7161,100,100
49.7159,100,100
49.7157,100,100
49.7155,100,100
49.7153,100,100
49.7151,100,100
49.7149,100,100
49.7147,100,100
49.7145,100,100
49.7143,100,100
49.7141,100,100
49.7139,100,100
49.7137,100,100
49.7135,100,100
49.7133,100,100
49.7131,100,100
49.7129,100,100
49.7127,100,100
49.7125,100,100
49.7123,100,100
49.7121,100,100
49.7119,100,100
49.7117,100,100
49.7115,100,100
49.7113,100,100
49.7112,100,100
49.711,100,100
49.7108,100,100
49.7106,100,100
49.7104,100,100
49.7102,100,100
49.71,100,100
49.7098,100,100
49.7096,100,100
49.7094,100,100
49.7092,100,100
49.709,100,100
49.7088,100,100
49.7086,100,100
49.7084,100,100
49.7082,100,100
49.708,100,100
49.7078,100,100
49.7076,100,100
49.7074,100,100
49.7072,100,100
49.707,100,100
49.7068,100,100
49.7066,100,100
49.7064,100,100
49.7062,100,100
49.706,100,100
49.7058,100,100
49.7056,100,100
49.7054,100,100
49.7052,100,100
49.705,100,100
49.7048,100,100
49.7046,100,100
49.7044,100,100
49.7042,100,100
49.704,100,100
49.7038,100,100
49.7036,100,100
49.7034,100,100
49.7032,100,100
49.703,100,100
49.7028,100,100
49.7026,100,100
49.7024,100,100
49.7022,100,100
49.702,100,100
49.7018,100,100
49.7016,100,100
49.7014,100,100
49.7012,100,100
49.701,100,100
49.7008,100,100
49.7006,100,100
49.7004,100,100
49.7002,100,100
49.7,100,100
49.6998,100,100
49.6996,100,100
49.6994,100,100
49.6992,100,100
49.699,100,100
49.6988,100,100
49.6986,100,100
49.6984,100,100
49.6982,100,100
49.698,100,100
49.6978,100,100
49.6976,100,100
49.6974,100,100
49.6972,100,100
49.697,100,100
49.6968,100,100
49.6966,100,100
49.6964,100,100
49.6962,100,100
49.696,100,100
49.6958,100,100
49.6956,100,100
49.6955,100,100
49.6953,100,100
49.6951,100,100
49.6949,100,100
49.6947,100,100
49.6945,100,100
49.6943,100,100
49.6941,100,100
49.6939,100,100
49.6937,100,100
49.6935,100,100
49.6933,100,100
49.6931,100,100
49.6929,100,100
49.6927,100,100
49.6925,100,100
49.6923,100,100
49.6921,100,100
49.6919,100,100
49.6917,100,100
49.6915,100,100
49.6913,100,100
49.6911,100,100
49.6909,100,100
49.6907,100,100
49.6905,100,100
49.6903,100,100
49.6901,100,100
49.6899,100,100
49.6897,100,100
49.6895,100,100
49.6893,100,100
49.6891,100,100
49.689,100,100
49.6888,100,100
49.6886,100,100
49.6884,100,100
49.6882,100,100
49.688,100,100
49.6878,100,100
49.6876,100,100
49.6874,100,100
49.6872,100,100
49.687,100,100
49.6868,100,100
49.6866,100,100
49.6864,100,100
49.6862,100,100
49.686,100,100
49.6858,100,100
49.6856,100,100
49.6854,100,100
49.6852,100,100
49.685,100,100
49.6848,100,100
49.6846,100,100
49.6844,100,100
49.6842,100,100
49.684,100,100
49.6838,100,100
49.6836,100,100
49.6834,100,100
49.6832,100,100
49.683,100,100
49.6828,100,100
49.6826,100,100
49.6824,100,100
49.6823,100,100
49.6821,100,100
49.6819,100,100
49.6817,100,100
49.6815,100,100
49.6813,100,100
49.6811,100,100
49.6809,100,100
49.6807,100,100
49.6805,100,100
49.6803,100,100
49.6801,100,100
49.6799,100,100
49.6797,100,100
49.6795,100,100
49.6793,100,100
49.6791,100,100
49.6789,100,100
49.6787,100,100
49.6785,100,100
49.6783,100,100
49.6781,100,100
49.6779,100,100
49.6777,100,100
49.6775,100,100
49.6773,100,100
49.6771,100,100
49.6769,100,100
49.6767,100,100
49.6765,100,100
49.6763,100,100
49.6761,100,100
49.6759,100,100
49.6757,100,100
49.6756,100,100
49.6754,100,100
49.6752,100,100
49.675,100,100
49.6748,100,100
49.6746,100,100
49.6744,100,100
49.6742,100,100
49.674,100,100
49.6738,100,100
49.6736,100,100
49.6734,100,100
49.6732,100,100
49.673,100,100
49.6728,100,100
49.6726,100,100
49.6724,100,100
49.6722,100,100
49.672,100,100
49.6718,100,100
49.6716,100,100
49.6714,100,100
49.6712,100,100
49.671,100,100
49.6708,100,100
49.6706,100,100
49.6704,100,100
49.6702,100,100
49.67,100,100
49.6698,100,100
49.6696,100,100
49.6694,100,100
49.6692,100,100
49.6691,100,100
49.6689,100,100
49.6687,100,100
49.6685,100,100
49.6683,100,100
49.6681,100,100
49.6679,100,100
49.6677,100,100
49.6675,100,100
49.6673,100,100
49.6671,100,100
49.6669,100,100
49.6667,100,100
49.6665,100,100
49.6663,100,100
49.6661,100,100
49.6659,100,100
49.6657,100,100
49.6655,100,100
49.6653,100,100
49.6651,100,100
49.6649,100,100
49.6647,100,100
49.6645,100,100
49.6643,100,100
49.6641,100,100
49.6639,100,100
49.6637,100,100
49.6635,100,100
49.6633,100,100
49.6631,100,100
49.6629,100,100
49.6627,100,100
49.6625,100,100
49.6624,100,100
49.6622,100,100
49.662,100,100
49.6618,100,100
49.6616,100,100
49.6614,100,100
49.6612,100,100
49.661,100,100
49.6608,100,100
49.6606,100,100
49.6604,100,100
49.6602,100,100
49.66,100,100
49.6598,100,100
49.6596,100,100
49.6594,100,100
49.6592,100,100
49.659,100,100
49.6588,100,100
49.6586,100,100
49.6584,100,100
49.6582,100,100
49.658,100,100
49.6578,100,100
49.6576,100,100
49.6574,100,100
49.6572,100,100
49.657,100,100
49.6568,100,100
49.6566,100,100
49.6564,100,100
49.6562,100,100
49.656,100,100
49.6558,100,100
49.6556,100,100
49.6554,100,100
49.6552,100,100
49.655,100,100
49.6548,100,100
49.6546,100,100
49.6544,100,100
49.6542,100,100
49.654,100,100
49.6538,100,100
49.6536,100,100
49.6534,100,100
49.6532,100,100
49.653,100,100
49.6528,100,100
49.6526,100,100
49.6524,100,100
49.6522,100,100
49.652,100,100
49.6519,100,100
49.6517,100,100
49.6515,100,100
49.6513,100,100
49.6511,100,100
49.6509,100,100
49.6507,100,100
49.6505,100,100
49.6503,100,100
49.6501,100,100
49.6499,100,100
49.6497,100,100
49.6495,100,100
49.6493,100,100
49.6491,100,100
49.6489,100,100
49.6487,100,100
49.6485,100,100
49.6483,100,100
49.6481,100,100
49.6479,100,100
49.6477,100,100
49.6475,100,100
49.6473,100,100
49.6471,100,100
49.6469,100,100
49.6467,100,100
49.6465,100,100
49.6463,100,100
49.6461,100,100
49.6459,100,100
49.6457,100,100
49.6455,100,100
49.6453,100,100
49.6451,100,100
49.6449,100,100
49.6447,100,100
49.6445,100,100
49.6443,100,100
49.6441,100,100
49.6439,100,100
49.6437,100,100
49.6435,100,100
49.6433,100,100
49.6431,100,100
49.6429,100,100
49.6427,100,100
49.6425,100,100
49.6423,100,100
49.6421,100,100
49.6419,100,100
49.6417,100,100
49.6415,100,100
49.6413,100,100
49.6411,100,100
49.6409,100,100
49.6407,100,100
49.6405,100,100
49.6403,100,100
49.6401,100,100
49.6399,100,100
49.6397,100,100
49.6395,100,100
49.6393,100,100
49.6391,100,100
49.6389,100,100
49.6387,100,100
49.6385,100,100
49.6383,100,100
49.6381,100,100
49.6379,100,100
49.6377,100,100
49.6375,100,100
49.6372,100,100
49.637,100,100
49.6368,100,100
49.6365,100,100
49.6363,100,100
49.6361,100,100
49.6359,100,100
49.6356,100,100
49.6354,100,100
49.6352,100,100
49.635,100,100
49.6347,100,100
49.6345,100,100
49.6343,100,100
49.6341,100,100
49.6338,100,100
49.6336,100,100
49.6334,100,100
49.6332,100,100
49.6329,100,100
49.6327,100,100
49.6325,100,100
49.6323,100,100
49.632,100,100
49.6318,100,100
49.6316,100,100
49.6313,100,100
49.6311,100,100
49.6309,100,100
49.6307,100,100
49.6304,100,100
49.6302,100,100
49.63,100,100
49.6298,100,100
49.6295,100,100
49.6293,100,100
49.6291,100,100
49.6289,100,100
49.6286,100,100
49.6284,100,100
49.6282,100,100
49.628,100,100
49.6277,100,100
49.6275,100,100
49.6273,100,100
49.6271,100,100
49.6268,100,100
49.6266,100,100
49.6264,100,100
49.6261,100,100
49.6259,100,100
49.6257,100,100
49.6255,100,100
49.6252,100,100
49.625,100,100
49.6248,100,100
49.6246,100,100
49.6243,100,100
49.6241,100,100
49.6239,100,100
49.6237,100,100
49.6234,100,100
49.6232,100,100
49.623,100,100
49.6228,100,100
49.6225,100,100
49.6223,100,100
49.6221,100,100
49.6219,100,100
49.6216,100,100
49.6214,100,100
49.6212,100,100
49.6209,100,100
49.6207,100,100
49.6205,100,100
49.6203,100,100
49.62,100,100
49.6198,100,100
49.6196,100,100
49.6194,100,100
49.6191,100,100
49.6189,100,100
49.6187,100,100
49.6185,100,100
49.6182,100,100
49.618,100,100
49.6178,100,100
49.6176,100,100
49.6173,100,100
49.6171,100,100
49.6169,100,100
49.6167,100,100
49.6164,100,100
49.6162,100,100
49.616,100,100
49.6157,100,100
49.6155,100,100
49.6153,100,100
49.615,100,100
49.6147,100,100
49.6144,100,100
49.6141,100,100
49.6139,100,100
49.6136,100,100
49.6133,100,100
49.613,100,100
49.6128,100,100
49.6125,100,100
49.6122,100,100
49.6119,100,100
49.6117,100,100
49.6114,100,100
49.6111,100,100
49.6108,100,100
49.6106,100,100
49.6103,100,100
49.61,100,100
49.6097,100,100
49.6094,100,100
49.6092,100,100
49.6089,100,100
49.6086,100,100
49.6083,100,100
49.6081,100,100
49.6078,100,100
49.6075,100,100
49.6072,100,100
49.607,100,100
49.6067,100,100
49.6064,100,100
49.6061,100,100
49.6059,100,100
49.6056,100,100
49.6053,100,100
49.605,100,100
49.6047,100,100
49.6045,100,100
49.6042,100,100
49.6039,100,100
49.6036,100,100
49.6034,100,100
49.6031,100,100
49.6028,100,100
49.6025,100,100
49.6023,100,100
49.602,100,100
49.6017,100,100
49.6014,100,100
49.6011,100,100
49.6009,100,100
49.6006,100,100
49.6003,100,100
49.6,100,100
49.5998,100,100
49.5995,100,100
49.5992,100,100
49.5989,100,100
49.5987,100,100
49.5984,100,100
49.5981,100,100
49.5978,100,100
49.5976,100,100
49.5973,100,100
49.597,100,100
49.5967,100,100
49.5964,100,100
49.5962,100,100
49.5959,100,100
49.5956,100,100
49.5953,100,100
49.5951,100,100
49.5948,100,100
49.5945,100,100
49.5942,100,100
49.594,100,100
49.5937,100,100
49.5934,100,100
49.5931,100,100
49.5928,100,100
49.5926,100,100
49.5923,100,100
49.592,100,100
49.5917,100,100
49.5915,100,100
49.5912,100,100
49.5909,100,100
49.5906,100,100
49.5904,100,100
49.5901,100,100
49.5898,100,100
49.5895,100,100
49.5893,100,100
49.589,100,100
49.5887,100,100
49.5884,100,100
49.5881,100,100
49.5879,100,100
49.5876,100,100
49.5872,100,100
49.5869,100,100
49.5866,100,100
49.5863,100,100
49.586,100,100
49.5857,100,100
49.5853,100,100
49.585,100,100
49.5847,100,100
49.5844,100,100
49.5841,100,100
49.5837,100,100
49.5834,100,100
49.5831,100,100
49.5828,100,100
49.5825,100,100
49.5822,100,100
49.5818,100,100
49.5815,100,100
49.5812,100,100
49.5809,100,100
49.5806,100,100
49.5803,100,100
49.5799,100,100
49.5796,100,100
49.5793,100,100
49.579,100,100
49.5787,100,100
49.5784,100,100
49.578,100,100
49.5777,100,100
49.5774,100,100
49.5771,100,100
49.5768,100,100
49.5764,100,100
49.5761,100,100
49.5758,100,100
49.5755,100,100
49.5752,100,100
49.5749,100,100
49.5745,100,100
49.5742,100,100
49.5739,100,100
49.5736,100,100
49.5733,100,100
49.573,100,100
49.5726,100,100
49.5723,100,100
49.572,100,100
49.5717,100,100
49.5714,100,100
49.571,100,100
49.5707,100,100
49.5704,100,100
49.5701,100,100
49.5698,100,100
49.5695,100,100
49.5691,100,100
49.5688,100,100
49.5685,100,100
49.5682,100,100
49.5679,100,100
49.5676,100,100
49.5672,100,100
49.5669,100,100
49.5666,100,100
49.5663,100,100
49.566,100,100
49.5657,100,100
49.5653,100,100
49.565,100,100
49.5647,100,100
49.5644,100,100
49.5641,100,100
49.5637,100,100
49.5634,100,100
49.5631,100,100
49.5628,100,100
49.5625,100,100
49.5622,100,100
49.5618,100,100
49.5615,100,100
49.5612,100,100
49.5609,100,100
49.5606,100,100
49.5603,100,100
49.5599,100,100
49.5596,100,100
49.5593,100,100
49.559,100,100
49.5587,100,100
49.5583,100,100
49.558,100,100
49.5577,100,100
49.5574,100,100
49.5571,100,100
49.5568,100,100
49.5564,100,100
49.5561,100,100
49.5558,100,100
49.5554,100,100
49.5551,100,100
49.5547,100,100
49.5544,100,100
49.554,100,100
49.5537,100,100
49.5533,100,100
49.553,100,100
49.5526,100,100
49.5523,100,100
49.5519,100,100
49.5516,100,100
49.5512,100,100
49.5509,100,100
49.5505,100,100
49.5502,100,100
49.5498,100,100
49.5495,100,100
49.5491,100,100
49.5488,100,100
49.5484,100,100
49.5481,100,100
49.5478,100,100
49.5474,100,100
49.5471,100,100
49.5467,100,100
49.5464,100,100
49.546,100,100
49.5457,100,100
49.5453,100,100
49.545,100,100
49.5446,100,100
49.5443,100,100
49.5439,100,100
49.5436,100,100
49.5432,100,100
49.5429,100,100
49.5425,100,100
49.5422,100,100
49.5418,100,100
49.5415,100,100
49.5411,100,100
49.5408,100,100
49.5404,100,100
49.5401,100,100
49.5397,100,100
49.5394,100,100
49.539,100,100
49.5387,100,100
49.5383,100,100
49.538,100,100
49.5376,100,100
49.5373,100,100
49.5369,100,100
49.5366,100,100
49.5362,100,100
49.5359,100,100
49.5355,100,100
49.5352,100,100
49.5348,100,100
49.5345,100,100
49.5341,100,100
49.5338,100,100
49.5334,100,100
49.5331,100,100
49.5327,100,100
49.5324,100,100
49.532,100,100
49.5317,100,100
49.5313,100,100
49.531,100,100
49.5306,100,100
49.5303,100,100
49.5299,100,100
49.5296,100,100
49.5292,100,100
49.5289,100,100
49.5285,100,100
49.5282,100,100
49.5278,100,100
49.5275,100,100
49.5271,100,100
49.5268,100,100
49.5265,100,100
49.5261,100,100
49.5258,100,100
49.5254,100,100
49.5251,100,100
49.5247,100,100
49.5244,100,100
49.524,100,100
49.5237,100,100
49.5233,100,100
49.523,100,100
49.5226,100,100
49.5223,100,100
49.5219,100,100
49.5216,100,100
49.5212,100,100
49.5208,100,100
49.5205,100,100
49.5201,100,100
49.5197,100,100
49.5193,100,100
49.519,100,100
49.5186,100,100
49.5182,100,100
49.5179,100,100
49.5175,100,100
49.5171,100,100
49.5167,100,100
49.5164,100,100
49.516,100,100
49.5156,100,100
49.5152,100,100
49.5149,100,100
49.5145,100,100
49.5141,100,100
49.5137,100,100
49.5134,100,100
49.513,100,100
49.5126,100,100
49.5122,100,100
49.5119,100,100
49.5115,100,100
49.5111,100,100
49.5107,100,100
49.5104,100,100
49.51,100,100
49.5096,100,100
49.5092,100,100
49.5089,100,100
49.5085,100,100
49.5081,100,100
49.5078,100,100
49.5074,100,100
49.507,100,100
49.5066,100,100
49.5063,100,100
49.5059,100,100
49.5055,100,100
49.5051,100,100
49.5048,100,100
49.5044,100,100
49.504,100,100
49.5036,100,100
49.5033,100,100
49.5029,100,100
49.5025,100,100
49.5021,100,100
49.5018,100,100
49.5014,100,100
49.501,100,100
49.5006,100,100
49.5003,100,100
49.4999,100,100
49.4995,100,100
49.4992,100,100
49.4988,100,100
49.4984,100,100
49.498,100,100
49.4977,100,100
49.4973,100,100
49.4969,100,100
49.4965,100,100
49.4962,100,100
49.4958,100,100
49.4954,100,100
49.495,100,100
49.4947,100,100
49.4943,100,100
49.4939,100,100
49.4935,100,100
49.4932,100,100
49.4928,100,100
49.4924,100,100
49.492,100,100
49.4917,100,100
49.4913,100,100
49.4909,100,100
49.4906,100,100
49.4902,100,100
49.4898,100,100
49.4894,100,100
49.4891,100,100
49.4887,100,100
49.4883,100,100
49.4879,100,100
49.4876,100,100
49.4872,100,100
49.4868,100,100
49.4864,100,100
49.4861,100,100
49.4857,100,100
49.4853,100,100
49.4849,100,100
49.4846,100,100
49.4842,100,100
49.4838,100,100
49.4834,100,100
49.483,100,100
49.4826,100,100
49.4822,100,100
49.4819,100,100
49.4815,100,100
49.4811,100,100
49.4807,100,100
49.4803,100,100
49.4799,100,100
49.4795,100,100
49.4791,100,100
49.4787,100,100
49.4783,100,100
49.4779,100,100
49.4775,100,100
49.4771,100,100
49.4767,100,100
49.4763,100,100
49.4759,100,100
49.4756,100,100
49.4752,100,100
49.4748,100,100
49.4744,100,100
49.474,100,100
49.4736,100,100
49.4732,100,100
49.4728,100,100
49.4724,100,100
49.472,100,100
49.4716,100,100
49.4712,100,100
49.4708,100,100
49.4704,100,100
49.47,100,100
49.4696,100,100
49.4693,100,100
49.4689,100,100
49.4685,100,100
49.4681,100,100
49.4677,100,100
49.4673,100,100
49.4669,100,100
49.4665,100,100
49.4661,100,100
49.4657,100,100
49.4653,100,100
49.4649,100,100
49.4645,100,100
49.4641,100,100
49.4637,100,100
49.4633,100,100
49.463,100,100
49.4626,100,100
49.4622,100,100
49.4618,100,100
49.4614,100,100
49.461,100,100
49.4606,100,100
49.4602,100,100
49.4598,100,100
49.4594,100,100
49.459,100,100
49.4586,100,100
49.4582,100,100
49.4578,100,100
49.4574,100,100
49.4571,100,100
49.4567,100,100
49.4563,100,100
49.4559,100,100
49.4555,100,100
49.4551,100,100
49.4547,100,100
49.4543,100,100
49.4539,100,100
49.4535,100,100
49.4531,100,100
49.4527,100,100
49.4523,100,100
49.4519,100,100
49.4515,100,100
49.4511,100,100
49.4508,100,100
49.4504,100,100
49.45,100,100
49.4496,100,100
49.4492,100,100
49.4488,100,100
49.4484,100,100
49.448,100,100
49.4476,100,100
49.4472,100,100
49.4468,100,100
49.4464,100,100
49.446,100,100
49.4456,100,100
49.4452,100,100
49.4448,100,100
49.4445,100,100
49.444,100,100
49.4436,100,100
49.4432,100,100
49.4428,100,100
49.4424,100,100
49.442,100,100
49.4416,100,100
49.4412,100,100
49.4408,100,100
49.4404,100,100
49.44,100,100
49.4395,100,100
49.4391,100,100
49.4387,100,100
49.4383,100,100
49.4379,100,100
49.4375,100,100
49.4371,100,100
49.4367,100,100
49.4363,100,100
49.4359,100,100
49.4354,100,100
49.435,100,100
49.4346,100,100
49.4342,100,100
49.4338,100,100
49.4334,100,100
49.433,100,100
49.4326,100,100
49.4322,100,100
49.4318,100,100
49.4314,100,100
49.4309,100,100
49.4305,100,100
49.4301,100,100
49.4297,100,100
49.4293,100,100
49.4289,100,100
49.4285,100,100
49.4281,100,100
49.4277,100,100
49.4273,100,100
49.4269,100,100
49.4264,100,100
49.426,100,100
49.4256,100,100
49.4252,100,100
49.4248,100,100
49.4244,100,100
49.424,100,100
49.4236,100,100
49.4232,100,100
49.4228,100,100
49.4224,100,100
49.4219,100,100
49.4215,100,100
49.4211,100,100
49.4207,100,100
49.4203,100,100
49.4199,100,100
49.4195,100,100
49.4191,100,100
49.4187,100,100
49.4183,100,100
49.4178,100,100
49.4174,100,100
49.417,100,100
49.4166,100,100
49.4162,100,100
49.4158,100,100
49.4154,100,100
49.415,100,100
49.4146,100,100
49.4142,100,100
49.4138,100,100
49.4133,100,100
49.4129,100,100
49.4125,100,100
49.4121,100,100
49.4117,100,100
49.4113,100,100
49.4109,100,100
49.4105,100,100
49.4101,100,100
49.4097,100,100
49.4093,100,100
49.4088,100,100
49.4084,100,100
49.408,100,100
49.4076,100,100
49.4072,100,100
49.4068,100,100
49.4064,100,100
49.406,100,100
49.4056,100,100
49.4052,100,100
49.4047,100,100
49.4043,100,100
49.4039,100,100
49.4035,100,100
49.4031,100,100
49.4027,100,100
49.4023,100,100
49.4018,100,100
49.4014,100,100
49.401,100,100
49.4006,100,100
49.4002,100,100
49.3997,100,100
49.3993,100,100
49.3989,100,100
49.3985,100,100
49.398,100,100
49.3976,100,100
49.3972,100,100
49.3968,100,100
49.3964,100,100
49.3959,100,100
49.3955,100,100
49.3951,100,100
49.3947,100,100
49.3943,100,100
49.3938,100,100
49.3934,100,100
49.393,100,100
49.3926,100,100
49.3921,100,100
49.3917,100,100
49.3913,100,100
49.3909,100,100
49.3905,100,100
49.39,100,100
49.3896,100,100
49.3892,100,100
49.3888,100,100
49.3884,100,100
49.3879,100,100
49.3875,100,100
49.3871,100,100
49.3867,100,100
49.3862,100,100
49.3858,100,100
49.3854,100,100
49.385,100,100
49.3846,100,100
49.3841,100,100
49.3837,100,100
49.3833,100,100
49.3829,100,100
49.3824,100,100
49.382,100,100
49.3816,100,100
49.3812,100,100
49.3808,100,100
49.3803,100,100
49.3799,100,100
49.3795,100,100
49.3791,100,100
49.3787,100,100
49.3782,100,100
49.3778,100,100
49.3774,100,100
49.377,100,100
49.3765,100,100
49.3761,100,100
49.3757,100,100
49.3753,100,100
49.3749,100,100
49.3744,100,100
49.374,100,100
49.3736,100,100
49.3732,100,100
49.3728,100,100
49.3723,100,100
49.3719,100,100
49.3715,100,100
49.3711,100,100
49.3706,100,100
49.3702,100,100
49.3698,100,100
49.3694,100,100
49.369,100,100
49.3685,100,100
49.3681,100,100
49.3677,100,100
49.3673,100,100
49.3669,100,100
49.3664,100,100
49.366,100,100
49.3656,100,100
49.3652,100,100
49.3647,100,100
49.3643,100,100
49.3639,100,100
49.3635,100,100
49.3631,100,100
49.3626,100,100
49.3622,100,100
49.3618,100,100
49.3614,100,100
49.3609,100,100
49.3605,100,100
49.3601,100,100
49.3597,100,100
49.3592,100,100
49.3588,100,100
49.3584,100,100
49.3579,100,100
49.3575,100,100
49.3571,100,100
49.3566,100,100
49.3562,100,100
49.3558,100,100
49.3553,100,100
49.3549,100,100
49.3545,100,100
49.354,100,100
49.3536,100,100
49.3532,100,100
49.3528,100,100
49.3523,100,100
49.3519,100,100
49.3515,100,100
49.351,100,100
49.3506,100,100
49.3502,100,100
49.3497,100,100
49.3493,100,100
49.3489,100,100
49.3484,100,100
49.348,100,100
49.3476,100,100
49.3471,100,100
49.3467,100,100
49.3463,100,100
49.3459,100,100
49.3454,100,100
49.345,100,100
49.3446,100,100
49.3441,100,100
49.3437,100,100
49.3433,100,100
49.3428,100,100
49.3424,100,100
49.342,100,100
49.3415,100,100
49.3411,100,100
49.3407,100,100
49.3402,100,100
49.3398,100,100
49.3394,100,100
49.3389,100,100
49.3385,100,100
49.3381,100,100
49.3377,100,100
49.3372,100,100
49.3368,100,100
49.3364,100,100
49.3359,100,100
49.3355,100,100
49.3351,100,100
49.3346,100,100
49.3342,100,100
49.3338,100,100
49.3333,100,100
49.3329,100,100
49.3325,100,100
49.332,100,100
49.3316,100,100
49.3312,100,100
49.3308,100,100
49.3303,100,100
49.3299,100,100
49.3295,100,100
49.329,100,100
49.3286,100,100
49.3282,100,100
49.3277,100,100
49.3273,100,100
49.3269,100,100
49.3264,100,100
49.326,100,100
49.3256,100,100
49.3251,100,100
49.3247,100,100
49.3243,100,100
49.3239,100,100
49.3234,100,100
49.323,100,100
49.3226,100,100
49.3221,100,100
49.3217,100,100
49.3213,100,100
49.3208,100,100
49.3204,100,100
49.32,100,100
49.3195,100,100
49.3191,100,100
49.3187,100,100
49.3182,100,100
49.3178,100,100
49.3174,100,100
49.3169,100,100
49.3165,100,100
49.316,100,100
49.3156,100,100
49.3152,100,100
49.3147,100,100
49.3143,100,100
49.3138,100,100
49.3134,100,100
49.313,100,100
49.3125,100,100
49.3121,100,100
49.3116,100,100
49.3112,100,100
49.3108,100,100
49.3103,100,100
49.3099,100,100
49.3094,100,100
49.309,100,100
49.3086,100,100
49.3081,100,100
49.3077,100,100
49.3072,100,100
49.3068,100,100
49.3064,100,100
49.3059,100,100
49.3055,100,100
49.305,100,100
49.3046,100,100
49.3042,100,100
49.3037,100,100
49.3033,100,100
49.3028,100,100
49.3024,100,100
49.302,100,100
49.3015,100,100
49.3011,100,100
49.3006,100,100
49.3002,100,100
49.2998,100,100
49.2993,100,100
49.2989,100,100
49.2984,100,100
49.298,100,100
49.2975,100,100
49.2971,100,100
49.2967,100,100
49.2962,100,100
49.2958,100,100
49.2953,100,100
49.2949,100,100
49.2945,100,100
49.294,100,100
49.2936,100,100
49.2931,100,100
49.2927,100,100
49.2923,100,100
49.2918,100,100
49.2914,100,100
49.2909,100,100
49.2905,100,100
49.2901,100,100
49.2896,100,100
49.2892,100,100
49.2887,100,100
49.2883,100,100
49.2879,100,100
49.2874,100,100
49.287,100,100
49.2865,100,100
49.2861,100,100
49.2857,100,100
49.2852,100,100
49.2848,100,100
49.2843,100,100
49.2839,100,100
49.2835,100,100
49.283,100,100
49.2826,100,100
49.2821,100,100
49.2817,100,100
49.2813,100,100
49.2808,100,100
49.2804,100,100
49.2799,100,100
49.2795,100,100
49.2791,100,100
49.2786,100,100
49.2782,100,100
49.2777,100,100
49.2773,100,100
49.2768,100,100
49.2764,100,100
49.276,100,100
49.2755,100,100
49.2751,100,100
49.2746,100,100
49.2742,100,100
49.2737,100,100
49.2733,100,100
49.2728,100,100
49.2724,100,100
49.2719,100,100
49.2714,100,100
49.271,100,100
49.2705,100,100
49.27,100,100
49.2696,100,100
49.2691,100,100
49.2687,100,100
49.2682,100,100
49.2677,100,100
49.2673,100,100
49.2668,100,100
49.2663,100,100
49.2659,100,100
49.2654,100,100
49.265,100,100
49.2645,100,100
49.264,100,100
49.2636,100,100
49.2631,100,100
49.2626,100,100
49.2622,100,100
49.2617,100,100
49.2613,100,100
49.2608,100,100
49.2603,100,100
49.2599,100,100
49.2594,100,100
49.2589,100,100
49.2585,100,100
49.258,100,100
49.2576,100,100
49.2571,100,100
49.2566,100,100
49.2562,100,100
49.2557,100,100
49.2552,100,100
49.2548,100,100
49.2543,100,100
49.2539,100,100
49.2534,100,100
49.2529,100,100
49.2525,100,100
49.252,100,100
49.2515,100,100
49.2511,100,100
49.2506,100,100
49.2502,100,100
49.2497,100,100
49.2492,100,100
49.2488,100,100
49.2483,100,100
49.2478,100,100
49.2474,100,100
49.2469,100,100
49.2465,100,100
49.246,100,100
49.2455,100,100
49.2451,100,100
49.2446,100,100
49.2441,100,100
49.2437,100,100
49.2432,100,100
49.2427,100,100
49.2423,100,100
49.2418,100,100
49.2414,100,100
49.2409,100,100
49.2404,100,100
49.24,100,100
49.2395,100,100
49.239,100,100
49.2386,100,100
49.2381,100,100
49.2377,100,100
49.2372,100,100
49.2367,100,100
49.2363,100,100
49.2358,100,100
49.2353,100,100
49.2349,100,100
49.2344,100,100
49.234,100,100
49.2335,100,100
49.233,100,100
49.2326,100,100
49.2321,100,100
49.2316,100,100
49.2312,100,100
49.2307,100,100
49.2303,100,100
49.2298,100,100
49.2293,100,100
49.2289,100,100
49.2284,100,100
49.2279,100,100
49.2274,100,100
49.2269,100,100
49.2264,100,100
49.2259,100,100
49.2254,100,100
49.2249,100,100
49.2244,100,100
49.2239,100,100
49.2234,100,100
49.2228,100,100
49.2223,100,100
49.2218,100,100
49.2213,100,100
49.2208,100,100
49.2203,100,100
49.2198,100,100
49.2193,100,100
49.2187,100,100
49.2182,100,100
49.2177,100,100
49.2172,100,100
49.2167,100,100
49.2162,100,100
49.2157,100,100
49.2152,100,100
49.2147,100,100
49.2141,100,100
49.2136,100,100
49.2131,100,100
49.2126,100,100
49.2121,100,100
49.2116,100,100
49.2111,100,100
49.2106,100,100
49.2101,100,100
49.2095,100,100
49.209,100,100
49.2085,100,100
49.208,100,100
49.2075,100,100
49.207,100,100
49.2065,100,100
49.206,100,100
49.2055,100,100
49.2049,100,100
49.2044,100,100
49.2039,100,100
49.2034,100,100
49.2029,100,100
49.2024,100,100
49.2019,100,100
49.2014,100,100
49.2009,100,100
49.2003,100,100
49.1998,100,100
49.1993,100,100
49.1988,100,100
49.1983,100,100
49.1978,100,100
49.1973,100,100
49.1968,100,100
49.1963,100,100
49.1957,100,100
49.1952,100,100
49.1947,100,100
49.1942,100,100
49.1937,100,100
49.1932,100,100
49.1927,100,100
49.1922,100,100
49.1917,100,100
49.1911,100,100
49.1906,100,100
49.1901,100,100
49.1896,100,100
49.1891,100,100
49.1886,100,100
49.1881,100,100
49.1876,100,100
49.1871,100,100
49.1865,100,100
49.186,100,100
49.1855,100,100
49.185,100,100
49.1845,100,100
49.184,100,100
49.1835,100,100
49.183,100,100
49.1825,100,100
49.1819,100,100
49.1814,100,100
49.1809,100,100
49.1804,100,100
49.1799,100,100
49.1794,100,100
49.1789,100,100
49.1784,100,100
49.1779,100,100
49.1773,100,100
49.1768,100,100
49.1762,100,100
49.1756,100,100
49.175,100,100
49.1744,100,100
49.1738,100,100
49.1731,100,100
49.1725,100,100
49.1719,100,100
49.1713,100,100
49.1707,100,100
49.17,100,100
49.1694,100,100
49.1688,100,100
49.1682,100,100
49.1676,100,100
49.1669,100,100
49.1663,100,100
49.1657,100,100
49.1651,100,100
49.1645,100,100
49.1639,100,100
49.1632,100,100
49.1626,100,100
49.162,100,100
49.1614,100,100
49.1608,100,100
49.1601,100,100
49.1595,100,100
49.1589,100,100
49.1583,100,100
49.1577,100,100
49.157,100,100
49.1564,100,100
49.1558,100,100
49.1552,100,100
49.1546,100,100
49.1539,100,100
49.1533,100,100
49.1527,100,100
49.1521,100,100
49.1515,100,100
49.1509,100,100
49.1502,100,100
49.1496,100,100
49.149,100,100
49.1484,100,100
49.1478,100,100
49.1471,100,100
49.1465,100,100
49.1459,100,100
49.1453,100,100
49.1447,100,100
49.144,100,100
49.1434,100,100
49.1428,100,100
49.1422,100,100
49.1416,100,100
49.141,100,100
49.1403,100,100
49.1397,100,100
49.1391,100,100
49.1385,100,100
49.1379,100,100
49.1372,100,100
49.1366,100,100
49.136,100,100
49.1354,100,100
49.1348,100,100
49.1341,100,100
49.1335,100,100
49.1329,100,100
49.1323,100,100
49.1317,100,100
49.1311,100,100
49.1304,100,100
49.1298,100,100
49.1292,100,100
49.1286,100,100
49.128,100,100
49.1273,100,100
49.1267,100,100
49.1261,100,100
49.1255,100,100
49.1249,100,100
49.1242,100,100
49.1236,100,100
49.123,100,100
49.1224,100,100
49.1218,100,100
49.1212,100,100
49.1205,100,100
49.1199,100,100
49.1193,100,100
49.1187,100,100
49.1181,100,100
49.1174,100,100
49.1168,100,100
49.1162,100,100
49.1156,100,100
49.115,100,100
49.1143,100,100
49.1135,100,100
49.1128,100,100
49.1121,100,100
49.1114,100,100
49.1107,100,100
49.11,100,100
49.1093,100,100
49.1085,100,100
49.1078,100,100
49.1071,100,100
49.1064,100,100
49.1057,100,100
49.105,100,100
49.1043,100,100
49.1035,100,100
49.1028,100,100
49.1021,100,100
49.1014,100,100
49.1007,100,100
49.1,100,100
49.0993,100,100
49.0985,100,100
49.0978,100,100
49.0971,100,100
49.0964,100,100
49.0957,100,100
49.095,100,100
49.0943,100,100
49.0935,100,100
49.0928,100,100
49.0921,100,100
49.0914,100,100
49.0907,100,100
49.09,100,100
49.0892,100,100
49.0885,100,100
49.0878,100,100
49.0871,100,100
49.0864,100,100
49.0857,100,100
49.085,100,100
49.0842,100,100
49.0835,100,100
49.0828,100,100
49.0821,100,100
49.0814,100,100
49.0807,100,100
49.08,100,100
49.0792,100,100
49.0785,100,100
49.0778,100,100
49.0771,100,100
49.0764,100,100
49.0757,100,100
49.075,100,100
49.0742,100,100
49.0735,100,100
49.0728,100,100
49.0721,100,100
49.0714,100,100
49.0707,100,100
49.07,100,100
49.0692,100,100
49.0685,100,100
49.0678,100,100
49.0671,100,100
49.0664,100,100
49.0657,100,100
49.0649,100,100
49.0642,100,100
49.0635,100,100
49.0628,100,100
49.0621,100,100
49.0614,100,100
49.0607,100,100
49.0599,100,100
49.0592,100,100
49.0585,100,100
49.0578,100,100
49.0571,100,100
49.0564,100,100
49.0557,100,100
49.0549,100,100
49.0542,100,100
49.0535,100,100
49.0528,100,100
49.0521,100,100
49.0514,100,100
49.0507,100,100
49.0499,100,100
49.0492,100,100
49.0485,100,100
49.0478,100,100
49.0471,100,100
49.0464,100,100
49.0457,100,100
49.0449,100,100
49.0442,100,100
49.0435,100,100
49.0427,100,100
49.0419,100,100
49.0411,100,100
49.0403,100,100
49.0396,100,100
49.0388,100,100
49.038,100,100
49.0372,100,100
49.0364,100,100
49.0356,100,100
49.0348,100,100
49.034,100,100
49.0332,100,100
49.0324,100,100
49.0316,100,100
49.0308,100,100
49.03,100,100
49.0292,100,100
49.0284,100,100
49.0276,100,100
49.0268,100,100
49.026,100,100
49.0253,100,100
49.0245,100,100
49.0237,100,100
49.0229,100,100
49.0221,100,100
49.0213,100,100
49.0205,100,100
49.0197,100,100
49.0189,100,100
49.0181,100,100
49.0173,100,100
49.0165,100,100
49.0157,100,100
49.0149,100,100
49.0141,100,100
49.0133,100,100
49.0125,100,100
49.0118,100,100
49.011,100,100
49.0102,100,100
49.0094,100,100
49.0086,100,100
49.0078,100,100
49.007,100,100
49.0062,100,100
49.0054,100,100
49.0046,100,100
49.0038,100,100
49.003,100,100
49.0022,100,100
49.0014,100,100
49.0006,100,100
48.9998,100,100
48.999,100,100
48.9983,100,100
48.9975,100,100
48.9967,100,100
48.9959,100,100
48.9951,100,100
48.9943,100,100
48.9935,100,100
48.9927,100,100
48.9919,100,100
48.9911,100,100
48.9903,100,100
48.9895,100,100
48.9887,100,100
48.9879,100,100
48.9871,100,100
48.9863,100,100
48.9855,100,100
48.9848,100,100
48.984,100,100
48.9832,100,100
48.9824,100,100
48.9816,100,100
48.9808,100,100
48.98,100,100
48.9792,100,100
48.9784,100,100
48.9776,100,100
48.9768,100,100
48.976,100,100
48.9752,100,100
48.9744,100,100
48.9736,100,100
48.9728,100,100
48.972,100,100
48.9713,100,100
48.9705,100,100
48.9697,100,100
48.9689,100,100
48.9681,100,100
48.9673,100,100
48.9665,100,100
48.9657,100,100
48.9649,100,100
48.9641,100,100
48.9633,100,100
48.9624,100,100
48.9615,100,100
48.9607,100,100
48.9598,100,100
48.959,100,100
48.9581,100,100
48.9573,100,100
48.9564,100,100
48.9556,100,100
48.9547,100,100
48.9538,100,100
48.953,100,100
48.9521,100,100
48.9513,100,100
48.9504,100,100
48.9496,100,100
48.9487,100,100
48.9479,100,100
48.947,100,100
48.9461,100,100
48.9453,100,100
48.9444,100,100
48.9436,100,100
48.9427,100,100
48.9419,100,100
48.941,100,100
48.9401,100,100
48.9393,100,100
48.9384,100,100
48.9376,100,100
48.9367,100,100
48.9359,100,100
48.935,100,100
48.9342,100,100
48.9333,100,100
48.9324,100,100
48.9316,100,100
48.9307,100,100
48.9299,100,100
48.929,100,100
48.9282,100,100
48.9273,100,100
48.9265,100,100
48.9256,100,100
48.9247,100,100
48.9239,100,100
48.923,100,100
48.9222,100,100
48.9213,100,100
48.9205,100,100
48.9196,100,100
48.9187,100,100
48.9179,100,100
48.917,100,100
48.9162,100,100
48.9153,100,100
48.9145,100,100
48.9136,100,100
48.9128,100,100
48.9119,100,100
48.911,100,100
48.9102,100,100
48.9093,100,100
48.9085,100,100
48.9076,100,100
48.9068,100,100
48.9059,100,100
48.9051,100,100
48.9042,100,100
48.9033,100,100
48.9025,100,100
48.9016,100,100
48.9008,100,100
48.8999,100,100
48.8991,100,100
48.8982,100,100
48.8973,100,100
48.8965,100,100
48.8956,100,100
48.8948,100,100
48.8939,100,100
48.8931,100,100
48.8922,100,100
48.8914,100,100
48.8905,100,100
48.8896,100,100
48.8888,100,100
48.8879,100,100
48.8871,100,100
48.8862,100,100
48.8854,100,100
48.8845,100,100
48.8837,100,100
48.8828,100,100
48.8819,100,100
48.8811,100,100
48.8802,100,100
48.8794,100,100
48.8785,100,100
48.8776,100,100
48.8767,100,100
48.8758,100,100
48.8749,100,100
48.874,100,100
48.8731,100,100
48.8722,100,100
48.8713,100,100
48.8704,100,100
48.8695,100,100
48.8686,100,100
48.8677,100,100
48.8667,100,100
48.8658,100,100
48.8649,100,100
48.864,100,100
48.8631,100,100
48.8622,100,100
48.8613,100,100
48.8604,100,100
48.8595,100,100
48.8586,100,100
48.8577,100,100
48.8568,100,100
48.8559,100,100
48.855,100,100
48.8541,100,100
48.8532,100,100
48.8523,100,100
48.8513,100,100
48.8504,100,100
48.8495,100,100
48.8486,100,100
48.8477,100,100
48.8468,100,100
48.8459,100,100
48.845,100,100
48.8441,100,100
48.8432,100,100
48.8423,100,100
48.8414,100,100
48.8405,100,100
48.8396,100,100
48.8387,100,100
48.8378,100,100
48.8369,100,100
48.836,100,100
48.835,100,100
48.8341,100,100
48.8332,100,100
48.8323,100,100
48.8314,100,100
48.8305,100,100
48.8296,100,100
48.8287,100,100
48.8278,100,100
48.8269,100,100
48.826,100,100
48.8251,100,100
48.8242,100,100
48.8233,100,100
48.8224,100,100
48.8215,100,100
48.8206,100,100
48.8196,100,100
48.8187,100,100
48.8178,100,100
48.8169,100,100
48.816,100,100
48.8151,100,100
48.8142,100,100
48.8133,100,100
48.8124,100,100
48.8115,100,100
48.8106,100,100
48.8097,100,100
48.8088,100,100
48.8079,100,100
48.807,100,100
48.8061,100,100
48.8052,100,100
48.8042,100,100
48.8033,100,100
48.8024,100,100
48.8015,100,100
48.8006,100,100
48.7997,100,100
48.7988,100,100
48.7979,100,100
48.797,100,100
48.7961,100,100
48.7952,100,100
48.7943,100,100
48.7934,100,100
48.7925,100,100
48.7916,100,100
48.7907,100,100
48.7898,100,100
48.7888,100,100
48.7879,100,100
48.787,100,100
48.786,100,100
48.7851,100,100
48.7841,100,100
48.7832,100,100
48.7822,100,100
48.7812,100,100
48.7803,100,100
48.7793,100,100
48.7783,100,100
48.7774,100,100
48.7764,100,100
48.7755,100,100
48.7745,100,100
48.7735,100,100
48.7726,100,100
48.7716,100,100
48.7707,100,100
48.7697,100,100
48.7687,100,100
48.7678,100,100
48.7668,100,100
48.7659,100,100
48.7649,100,100
48.7639,100,100
48.763,100,100
48.762,100,100
48.7611,100,100
48.7601,100,100
48.7591,100,100
48.7582,100,100
48.7572,100,100
48.7563,100,100
48.7553,100,100
48.7543,100,100
48.7534,100,100
48.7524,100,100
48.7515,100,100
48.7505,100,100
48.7495,100,100
48.7486,100,100
48.7476,100,100
48.7467,100,100
48.7457,100,100
48.7447,100,100
48.7438,100,100
48.7428,100,100
48.7419,100,100
48.7409,100,100
48.7399,100,100
48.739,100,100
48.738,100,100
48.7371,100,100
48.7361,100,100
48.7351,100,100
48.7342,100,100
48.7332,100,100
48.7323,100,100
48.7313,100,100
48.7303,100,100
48.7294,100,100
48.7284,100,100
48.7275,100,100
48.7265,100,100
48.7255,100,100
48.7246,100,100
48.7236,100,100
48.7227,100,100
48.7217,100,100
48.7207,100,100
48.7198,100,100
48.7188,100,100
48.7179,100,100
48.7169,100,100
48.7159,100,100
48.715,100,100
48.714,100,100
48.7131,100,100
48.7121,100,100
48.7111,100,100
48.7102,100,100
48.7092,100,100
48.7083,100,100
48.7073,100,100
48.7063,100,100
48.7054,100,100
48.7044,100,100
48.7034,100,100
48.7025,100,100
48.7015,100,100
48.7006,100,100
48.6996,100,100
48.6986,100,100
48.6977,100,100
48.6967,100,100
48.6958,100,100
48.6948,100,100
48.6938,100,100
48.6929,100,100
48.6919,100,100
48.6909,100,100
48.6899,100,100
48.6889,100,100
48.6879,100,100
48.6869,100,100
48.6859,100,100
48.6849,100,100
48.6839,100,100
48.6829,100,100
48.6819,100,100
48.6809,100,100
48.6799,100,100
48.6789,100,100
48.6779,100,100
48.6769,100,100
48.6759,100,100
48.6749,100,100
48.6739,100,100
48.6729,100,100
48.6719,100,100
48.6709,100,100
48.6699,100,100
48.6689,100,100
48.6678,100,100
48.6668,100,100
48.6658,100,100
48.6648,100,100
48.6638,100,100
48.6628,100,100
48.6618,100,100
48.6608,100,100
48.6598,100,100
48.6588,100,100
48.6578,100,100
48.6568,100,100
48.6558,100,100
48.6548,100,100
48.6538,100,100
48.6528,100,100
48.6518,100,100
48.6508,100,100
48.6498,100,100
48.6488,100,100
48.6478,100,100
48.6468,100,100
48.6458,100,100
48.6448,100,100
48.6438,100,100
48.6428,100,100
48.6418,100,100
48.6407,100,100
48.6397,100,100
48.6387,100,100
48.6377,100,100
48.6367,100,100
48.6357,100,100
48.6347,100,100
48.6337,100,100
48.6327,100,100
48.6317,100,100
48.6307,100,100
48.6297,100,100
48.6287,100,100
48.6277,100,100
48.6267,100,100
48.6257,100,100
48.6247,100,100
48.6237,100,100
48.6227,100,100
48.6217,100,100
48.6207,100,100
48.6197,100,100
48.6187,100,100
48.6177,100,100
48.6167,100,100
48.6157,100,100
48.6147,100,100
48.6137,100,100
48.6126,100,100
48.6116,100,100
48.6106,100,100
48.6096,100,100
48.6086,100,100
48.6076,100,100
48.6066,100,100
48.6056,100,100
48.6046,100,100
48.6036,100,100
48.6026,100,100
48.6016,100,100
48.6006,100,100
48.5996,100,100
48.5986,100,100
48.5976,100,100
48.5966,100,100
48.5956,100,100
48.5946,100,100
48.5936,100,100
48.5926,100,100
48.5916,100,100
48.5905,100,100
48.5895,100,100
48.5885,100,100
48.5874,100,100
48.5864,100,100
48.5853,100,100
48.5843,100,100
48.5833,100,100
48.5822,100,100
48.5812,100,100
48.5802,100,100
48.5791,100,100
48.5781,100,100
48.577,100,100
48.576,100,100
48.575,100,100
48.5739,100,100
48.5729,100,100
48.5719,100,100
48.5708,100,100
48.5698,100,100
48.5687,100,100
48.5677,100,100
48.5667,100,100
48.5656,100,100
48.5646,100,100
48.5635,100,100
48.5625,100,100
48.5615,100,100
48.5604,100,100
48.5594,100,100
48.5584,100,100
48.5573,100,100
48.5563,100,100
48.5552,100,100
48.5542,100,100
48.5532,100,100
48.5521,100,100
48.5511,100,100
48.5501,100,100
48.549,100,100
48.548,100,100
48.5469,100,100
48.5459,100,100
48.5449,100,100
48.5438,100,100
48.5428,100,100
48.5417,100,100
48.5407,100,100
48.5397,100,100
48.5386,100,100
48.5376,100,100
48.5366,100,100
48.5355,100,100
48.5345,100,100
48.5334,100,100
48.5324,100,100
48.5314,100,100
48.5303,100,100
48.5293,100,100
48.5283,100,100
48.5272,100,100
48.5262,100,100
48.5251,100,100
48.5241,100,100
48.5231,100,100
48.522,100,100
48.521,100,100
48.5199,100,100
48.5189,100,100
48.5179,100,100
48.5168,100,100
48.5158,100,100
48.5148,100,100
48.5137,100,100
48.5127,100,100
48.5116,100,100
48.5106,100,100
48.5096,100,100
48.5085,100,100
48.5075,100,100
48.5065,100,100
48.5054,100,100
48.5044,100,100
48.5033,100,100
48.5023,100,100
48.5013,100,100
48.5002,100,100
48.4992,100,100
48.4981,100,100
48.4971,100,100
48.4961,100,100
48.495,100,100
48.494,100,100
48.493,100,100
48.4919,100,100
48.4909,100,100
48.4898,100,100
48.4888,100,100
48.4878,100,100
48.4867,100,100
48.4856,100,100
48.4846,100,100
48.4835,100,100
48.4824,100,100
48.4814,100,100
48.4803,100,100
48.4792,100,100
48.4782,100,100
48.4771,100,100
48.476,100,100
48.475,100,100
48.4739,100,100
48.4729,100,100
48.4718,100,100
48.4707,100,100
48.4697,100,100
48.4686,100,100
48.4675,100,100
48.4665,100,100
48.4654,100,100
48.4643,100,100
48.4633,100,100
48.4622,100,100
48.4611,100,100
48.4601,100,100
48.459,100,100
48.4579,100,100
48.4569,100,100
48.4558,100,100
48.4547,100,100
48.4537,100,100
48.4526,100,100
48.4515,100,100
48.4505,100,100
48.4494,100,100
48.4483,100,100
48.4473,100,100
48.4462,100,100
48.4451,100,100
48.4441,100,100
48.443,100,100
48.4419,100,100
48.4409,100,100
48.4398,100,100
48.4388,100,100
48.4377,100,100
48.4366,100,100
48.4356,100,100
48.4345,100,100
48.4334,100,100
48.4324,100,100
48.4313,100,100
48.4302,100,100
48.4292,100,100
48.4281,100,100
48.427,100,100
48.426,100,100
48.4249,100,100
48.4238,100,100
48.4228,100,100
48.4217,100,100
48.4206,100,100
48.4196,100,100
48.4185,100,100
48.4174,100,100
48.4164,100,100
48.4153,100,100
48.4142,100,100
48.4132,100,100
48.4121,100,100
48.411,100,100
48.41,100,100
48.4089,100,100
48.4078,100,100
48.4068,100,100
48.4057,100,100
48.4046,100,100
48.4036,100,100
48.4025,100,100
48.4015,100,100
48.4004,100,100
48.3993,100,100
48.3983,100,100
48.3972,100,100
48.3961,100,100
48.3951,100,100
48.394,100,100
48.3929,100,100
48.3919,100,100
48.3908,100,100
48.3897,100,100
48.3887,100,100
48.3876,100,100
48.3865,100,100
48.3855,100,100
48.3844,100,100
48.3833,100,100
48.3823,100,100
48.3812,100,100
48.3801,100,100
48.379,100,100
48.3779,100,100
48.3768,100,100
48.3758,100,100
48.3747,100,100
48.3736,100,100
48.3725,100,100
48.3714,100,100
48.3703,100,100
48.3692,100,100
48.3681,100,100
48.367,100,100
48.366,100,100
48.3649,100,100
48.3638,100,100
48.3627,100,100
48.3616,100,100
48.3605,100,100
48.3594,100,100
48.3583,100,100
48.3572,100,100
48.3561,100,100
48.3551,100,100
48.354,100,100
48.3529,100,100
48.3518,100,100
48.3507,100,100
48.3496,100,100
48.3485,100,100
48.3474,100,100
48.3463,100,100
48.3452,100,100
48.3442,100,100
48.3431,100,100
48.342,100,100
48.3409,100,100
48.3398,100,100
48.3387,100,100
48.3376,100,100
48.3365,100,100
48.3354,100,100
48.3344,100,100
48.3333,100,100
48.3322,100,100
48.3311,100,100
48.33,100,100
48.3289,100,100
48.3278,100,100
48.3267,100,100
48.3256,100,100
48.3245,100,100
48.3235,100,100
48.3224,100,100
48.3213,100,100
48.3202,100,100
48.3191,100,100
48.318,100,100
48.3169,100,100
48.3158,100,100
48.3147,100,100
48.3136,100,100
48.3126,100,100
48.3115,100,100
48.3104,100,100
48.3093,100,100
48.3082,100,100
48.3071,100,100
48.306,100,100
48.3049,100,100
48.3038,100,100
48.3028,100,100
48.3017,100,100
48.3006,100,100
48.2995,100,100
48.2984,100,100
48.2973,100,100
48.2962,100,100
48.2951,100,100
48.294,100,100
48.2929,100,100
48.2919,100,100
48.2908,100,100
48.2897,100,100
48.2886,100,100
48.2875,100,100
48.2864,100,100
48.2853,100,100
48.2842,100,100
48.2831,100,100
48.282,100,100
48.281,100,100
48.2799,100,100
48.2788,100,100
48.2777,100,100
48.2766,100,100
48.2755,100,100
48.2744,100,100
48.2733,100,100
48.2722,100,100
48.2711,100,100
48.27,100,100
48.2689,100,100
48.2678,100,100
48.2667,100,100
48.2656,100,100
48.2645,100,100
48.2634,100,100
48.2623,100,100
48.2612,100,100
48.2601,100,100
48.259,100,100
48.2578,100,100
48.2567,100,100
48.2556,100,100
48.2545,100,100
48.2534,100,100
48.2523,100,100
48.2512,100,100
48.2501,100,100
48.249,100,100
48.2479,100,100
48.2468,100,100
48.2457,100,100
48.2446,100,100
48.2434,100,100
48.2423,100,100
48.2412,100,100
48.2401,100,100
48.239,100,100
48.2379,100,100
48.2368,100,100
48.2357,100,100
48.2346,100,100
48.2335,100,100
48.2324,100,100
48.2313,100,100
48.2302,100,100
48.2291,100,100
48.2279,100,100
48.2268,100,100
48.2257,100,100
48.2246,100,100
48.2235,100,100
48.2224,100,100
48.2213,100,100
48.2202,100,100
48.2191,100,100
48.218,100,100
48.2169,100,100
48.2158,100,100
48.2147,100,100
48.2136,100,100
48.2124,100,100
48.2113,100,100
48.2102,100,100
48.2091,100,100
48.208,100,100
48.2069,100,100
48.2058,100,100
48.2047,100,100
48.2036,100,100
48.2025,100,100
48.2014,100,100
48.2003,100,100
48.1992,100,100
48.198,100,100
48.1969,100,100
48.1958,100,100
48.1947,100,100
48.1936,100,100
48.1925,100,100
48.1914,100,100
48.1903,100,100
48.1892,100,100
48.1881,100,100
48.187,100,100
48.1859,100,100
48.1848,100,100
48.1837,100,100
48.1825,100,100
48.1814,100,100
48.1803,100,100
48.1792,100,100
48.1781,100,100
48.177,100,100
48.1759,100,100
48.1748,100,100
48.1737,100,100
48.1726,100,100
48.1715,100,100
48.1704,100,100
48.1693,100,100
48.1681,100,100
48.167,100,100
48.1659,100,100
48.1648,100,100
48.1637,100,100
48.1626,100,100
48.1615,100,100
48.1604,100,100
48.1593,100,100
48.1581,100,100
48.157,100,100
48.1559,100,100
48.1548,100,100
48.1537,100,100
48.1525,100,100
48.1514,100,100
48.1503,100,100
48.1492,100,100
48.1481,100,100
48.147,100,100
48.1458,100,100
48.1447,100,100
48.1436,100,100
48.1425,100,100
48.1414,100,100
48.1402,100,100
48.1391,100,100
48.138,100,100
48.1369,100,100
48.1358,100,100
48.1346,100,100
48.1335,100,100
48.1324,100,100
48.1313,100,100
48.1302,100,100
48.129,100,100
48.1279,100,100
48.1268,100,100
48.1257,100,100
48.1246,100,100
48.1234,100,100
48.1223,100,100
48.1212,100,100
48.1201,100,100
48.119,100,100
48.1178,100,100
48.1167,100,100
48.1156,100,100
48.1145,100,100
48.1134,100,100
48.1122,100,100
48.1111,100,100
48.11,100,100
48.1089,100,100
48.1078,100,100
48.1066,100,100
48.1055,100,100
48.1044,100,100
48.1033,100,100
48.1022,100,100
48.101,100,100
48.0999,100,100
48.0988,100,100
48.0977,100,100
48.0966,100,100
48.0954,100,100
48.0943,100,100
48.0932,100,100
48.0921,100,100
48.091,100,100
48.0899,100,100
48.0887,100,100
48.0876,100,100
48.0865,100,100
48.0854,100,100
48.0843,100,100
48.0831,100,100
48.082,100,100
48.0809,100,100
48.0798,100,100
48.0787,100,100
48.0775,100,100
48.0764,100,100
48.0753,100,100
48.0742,100,100
48.0731,100,100
48.0719,100,100
48.0708,100,100
48.0697,100,100
48.0686,100,100
48.0675,100,100
48.0663,100,100
48.0652,100,100
48.0641,100,100
48.063,100,100
48.0619,100,100
48.0607,100,100
48.0596,100,100
48.0585,100,100
48.0574,100,100
48.0563,100,100
48.0551,100,100
48.054,100,100
48.0529,100,100
48.0518,100,100
48.0507,100,100
48.0495,100,100
48.0484,100,100
48.0473,100,100
48.0462,100,100
48.045,100,100
48.0439,100,100
48.0428,100,100
48.0416,100,100
48.0405,100,100
48.0394,100,100
48.0383,100,100
48.0371,100,100
48.036,100,100
48.0349,100,100
48.0337,100,100
48.0326,100,100
48.0315,100,100
48.0303,100,100
48.0292,100,100
48.0281,100,100
48.027,100,100
48.0258,100,100
48.0247,100,100
48.0236,100,100
48.0224,100,100
48.0213,100,100
48.0202,100,100
48.0191,100,100
48.0179,100,100
48.0168,100,100
48.0157,100,100
48.0145,100,100
48.0134,100,100
48.0123,100,100
48.0111,100,100
48.01,100,100
48.0089,100,100
48.0078,100,100
48.0066,100,100
48.0055,100,100
48.0044,100,100
48.0032,100,100
48.0021,100,100
48.001,100,100
47.9999,100,100
47.9987,100,100
47.9976,100,100
47.9965,100,100
47.9953,100,100
47.9942,100,100
47.9931,100,100
47.9919,100,100
47.9908,100,100
47.9897,100,100
47.9886,100,100
47.9874,100,100
47.9863,100,100
47.9852,100,100
47.984,100,100
47.9829,100,100
47.9818,100,100
47.9807,100,100
47.9795,100,100
47.9784,100,100
47.9773,100,100
47.9761,100,100
47.975,100,100
47.9739,100,100
47.9728,100,100
47.9716,100,100
47.9705,100,100
47.9694,100,100
47.9682,100,100
47.9671,100,100
47.966,100,100
47.9648,100,100
47.9637,100,100
47.9626,100,100
47.9615,100,100
47.9603,100,100
47.9592,100,100
47.9581,100,100
47.9569,100,100
47.9558,100,100
47.9547,100,100
47.9536,100,100
47.9524,100,100
47.9513,100,100
47.9502,100,100
47.949,100,100
47.9479,100,100
47.9468,100,100
47.9456,100,100
47.9445,100,100
47.9434,100,100
47.9423,100,100
47.9411,100,100
47.94,100,100
47.9389,100,100
47.9377,100,100
47.9366,100,100
47.9355,100,100
47.9343,100,100
47.9332,100,100
47.9321,100,100
47.9309,100,100
47.9298,100,100
47.9287,100,100
47.9275,100,100
47.9264,100,100
47.9252,100,100
47.9241,100,100
47.923,100,100
47.9218,100,100
47.9207,100,100
47.9196,100,100
47.9184,100,100
47.9173,100,100
47.9161,100,100
47.915,100,100
47.9139,100,100
47.9127,100,100
47.9116,100,100
47.9105,100,100
47.9093,100,100
47.9082,100,100
47.9071,100,100
47.9059,100,100
47.9048,100,100
47.9036,100,100
47.9025,100,100
47.9014,100,100
47.9002,100,100
47.8991,100,100
47.898,100,100
47.8968,100,100
47.8957,100,100
47.8945,100,100
47.8934,100,100
47.8923,100,100
47.8911,100,100
47.89,100,100
47.8889,100,100
47.8877,100,100
47.8866,100,100
47.8854,100,100
47.8843,100,100
47.8832,100,100
47.882,100,100
47.8809,100,100
47.8798,100,100
47.8786,100,100
47.8775,100,100
47.8764,100,100
47.8752,100,100
47.8741,100,100
47.8729,100,100
47.8718,100,100
47.8707,100,100
47.8695,100,100
47.8684,100,100
47.8673,100,100
47.8661,100,100
47.865,100,100
47.8638,100,100
47.8627,100,100
47.8616,100,100
47.8604,100,100
47.8593,100,100
47.8582,100,100
47.857,100,100
47.8559,100,100
47.8547,100,100
47.8536,100,100
47.8525,100,100
47.8513,100,100
47.8502,100,100
47.8491,100,100
47.8479,100,100
47.8468,100,100
47.8457,100,100
47.8445,100,100
47.8434,100,100
47.8422,100,100
47.8411,100,100
47.84,100,100
47.8388,100,100
47.8377,100,100
47.8366,100,100
47.8354,100,100
47.8343,100,100
47.8331,100,100
47.832,100,100
47.8309,100,100
47.8297,100,100
47.8286,100,100
47.8275,100,100
47.8263,100,100
47.8252,100,100
47.824,100,100
47.8229,100,100
47.8218,100,100
47.8206,100,100
47.8195,100,100
47.8183,100,100
47.8172,100,100
47.8161,100,100
47.8149,100,100
47.8138,100,100
47.8126,100,100
47.8115,100,100
47.8103,100,100
47.8092,100,100
47.808,100,100
47.8069,100,100
47.8058,100,100
47.8046,100,100
47.8035,100,100
47.8023,100,100
47.8012,100,100
47.8,100,100
47.7989,100,100
47.7978,100,100
47.7966,100,100
47.7955,100,100
47.7943,100,100
47.7932,100,100
47.792,100,100
47.7909,100,100
47.7898,100,100
47.7886,100,100
47.7875,100,100
47.7863,100,100
47.7852,100,100
47.784,100,100
47.7829,100,100
47.7817,100,100
47.7806,100,100
47.7795,100,100
47.7783,100,100
47.7772,100,100
47.776,100,100
47.7749,100,100
47.7737,100,100
47.7726,100,100
47.7715,100,100
47.7703,100,100
47.7692,100,100
47.768,100,100
47.7669,100,100
47.7657,100,100
47.7646,100,100
47.7635,100,100
47.7623,100,100
47.7612,100,100
47.76,100,100
47.7589,100,100
47.7577,100,100
47.7566,100,100
47.7554,100,100
47.7543,100,100
47.7532,100,100
47.752,100,100
47.7509,100,100
47.7497,100,100
47.7486,100,100
47.7474,100,100
47.7463,100,100
47.7452,100,100
47.744,100,100
47.7429,100,100
47.7417,100,100
47.7406,100,100
47.7394,100,100
47.7383,100,100
47.7372,100,100
47.736,100,100
47.7349,100,100
47.7337,100,100
47.7326,100,100
47.7314,100,100
47.7303,100,100
47.7291,100,100
47.728,100,100
47.7269,100,100
47.7257,100,100
47.7246,100,100
47.7234,100,100
47.7223,100,100
47.7211,100,100
47.72,100,100
47.7189,100,100
47.7177,100,100
47.7166,100,100
47.7154,100,100
47.7143,100,100
47.7131,100,100
47.712,100,100
47.7109,100,100
47.7097,100,100
47.7086,100,100
47.7074,100,100
47.7063,100,100
47.7051,100,100
47.704,100,100
47.7028,100,100
47.7017,100,100
47.7005,100,100
47.6994,100,100
47.6982,100,100
47.6971,100,100
47.6959,100,100
47.6948,100,100
47.6936,100,100
47.6925,100,100
47.6913,100,100
47.6902,100,100
47.6891,100,100
47.6879,100,100
47.6868,100,100
47.6856,100,100
47.6845,100,100
47.6833,100,100
47.6822,100,100
47.681,100,100
47.6799,100,100
47.6787,100,100
47.6776,100,100
47.6764,100,100
47.6753,100,100
47.6741,100,100
47.673,100,100
47.6718,100,100
47.6707,100,100
47.6695,100,100
47.6684,100,100
47.6672,100,100
47.6661,100,100
47.6649,100,100
47.6638,100,100
47.6626,100,100
47.6615,100,100
47.6604,100,100
47.6592,100,100
47.6581,100,100
47.6569,100,100
47.6558,100,100
47.6546,100,100
47.6535,100,100
47.6523,100,100
47.6512,100,100
47.65,100,100
47.6489,100,100
47.6477,100,100
47.6466,100,100
47.6454,100,100
47.6443,100,100
47.6431,100,100
47.642,100,100
47.6408,100,100
47.6397,100,100
47.6385,100,100
47.6374,100,100
47.6362,100,100
47.6351,100,100
47.634,100,100
47.6328,100,100
47.6317,100,100
47.6305,100,100
47.6294,100,100
47.6282,100,100
47.6271,100,100
47.6259,100,100
47.6248,100,100
47.6236,100,100
47.6225,100,100
47.6213,100,100
47.6202,100,100
47.619,100,100
47.6179,100,100
47.6167,100,100
47.6156,100,100
47.6144,100,100
47.6133,100,100
47.6121,100,100
47.611,100,100
47.6098,100,100
47.6087,100,100
47.6075,100,100
47.6064,100,100
47.6053,100,100
47.6041,100,100
47.603,100,100
47.6018,100,100
47.6007,100,100
47.5995,100,100
47.5984,100,100
47.5972,100,100
47.5961,100,100
47.5949,100,100
47.5938,100,100
47.5926,100,100
47.5915,100,100
47.5903,100,100
47.5892,100,100
47.588,100,100
47.5869,100,100
47.5857,100,100
47.5846,100,100
47.5834,100,100
47.5823,100,100
47.5811,100,100
47.58,100,100
47.5788,100,100
47.5777,100,100
47.5765,100,100
47.5753,100,100
47.5742,100,100
47.573,100,100
47.5719,100,100
47.5707,100,100
47.5696,100,100
47.5684,100,100
47.5673,100,100
47.5661,100,100
47.565,100,100
47.5638,100,100
47.5627,100,100
47.5615,100,100
47.5604,100,100
47.5592,100,100
47.5581,100,100
47.5569,100,100
47.5558,100,100
47.5546,100,100
47.5535,100,100
47.5523,100,100
47.5512,100,100
47.55,100,100
47.5489,100,100
47.5477,100,100
47.5466,100,100
47.5454,100,100
47.5442,100,100
47.5431,100,100
47.5419,100,100
47.5408,100,100
47.5396,100,100
47.5385,100,100
47.5373,100,100
47.5362,100,100
47.535,100,100
47.5339,100,100
47.5327,100,100
47.5316,100,100
47.5304,100,100
47.5293,100,100
47.5281,100,100
47.527,100,100
47.5258,100,100
47.5247,100,100
47.5235,100,100
47.5224,100,100
47.5212,100,100
47.5201,100,100
47.5189,100,100
47.5178,100,100
47.5166,100,100
47.5155,100,100
47.5143,100,100
47.5131,100,100
47.512,100,100
47.5108,100,100
47.5097,100,100
47.5085,100,100
47.5074,100,100
47.5062,100,100
47.5051,100,100
47.5039,100,100
47.5028,100,100
47.5016,100,100
47.5005,100,100
47.4993,100,100
47.4982,100,100
47.497,100,100
47.4959,100,100
47.4947,100,100
47.4936,100,100
47.4924,100,100
47.4913,100,100
47.4901,100,100
47.489,100,100
47.4878,100,100
47.4867,100,100
47.4855,100,100
47.4844,100,100
47.4832,100,100
47.482,100,100
47.4809,100,100
47.4797,100,100
47.4786,100,100
47.4774,100,100
47.4763,100,100
47.4751,100,100
47.474,100,100
47.4728,100,100
47.4717,100,100
47.4705,100,100
47.4694,100,100
47.4682,100,100
47.467,100,100
47.4659,100,100
47.4647,100,100
47.4636,100,100
47.4624,100,100
47.4613,100,100
47.4601,100,100
47.459,100,100
47.4578,100,100
47.4566,100,100
47.4555,100,100
47.4543,100,100
47.4532,100,100
47.452,100,100
47.4509,100,100
47.4497,100,100
47.4486,100,100
47.4474,100,100
47.4462,100,100
47.4451,100,100
47.4439,100,100
47.4428,100,100
47.4416,100,100
47.4405,100,100
47.4393,100,100
47.4382,100,100
47.437,100,100
47.4359,100,100
47.4347,100,100
47.4335,100,100
47.4324,100,100
47.4312,100,100
47.4301,100,100
47.4289,100,100
47.4278,100,100
47.4266,100,100
47.4255,100,100
47.4243,100,100
47.4231,100,100
47.422,100,100
47.4208,100,100
47.4197,100,100
47.4185,100,100
47.4174,100,100
47.4162,100,100
47.4151,100,100
47.4139,100,100
47.4127,100,100
47.4116,100,100
47.4104,100,100
47.4093,100,100
47.4081,100,100
47.407,100,100
47.4058,100,100
47.4047,100,100
47.4035,100,100
47.4024,100,100
47.4012,100,100
47.4,100,100
47.3989,100,100
47.3977,100,100
47.3966,100,100
47.3954,100,100
47.3943,100,100
47.3931,100,100
47.392,100,100
47.3908,100,100
47.3896,100,100
47.3885,100,100
47.3873,100,100
47.3862,100,100
47.385,100,100
47.3839,100,100
47.3827,100,100
47.3816,100,100
47.3804,100,100
47.3792,100,100
47.3781,100,100
47.3769,100,100
47.3758,100,100
47.3746,100,100
47.3735,100,100
47.3723,100,100
47.3712,100,100
47.37,100,100
47.3689,100,100
47.3677,100,100
47.3665,100,100
47.3654,100,100
47.3642,100,100
47.3631,100,100
47.3619,100,100
47.3608,100,100
47.3596,100,100
47.3584,100,100
47.3573,100,100
47.3561,100,100
47.355,100,100
47.3538,100,100
47.3526,100,100
47.3515,100,100
47.3503,100,100
47.3492,100,100
47.348,100,100
47.3468,100,100
47.3457,100,100
47.3445,100,100
47.3434,100,100
47.3422,100,100
47.341,100,100
47.3399,100,100
47.3387,100,100
47.3376,100,100
47.3364,100,100
47.3352,100,100
47.3341,100,100
47.3329,100,100
47.3318,100,100
47.3306,100,100
47.3295,100,100
47.3283,100,100
47.3271,100,100
47.326,100,100
47.3248,100,100
47.3237,100,100
47.3225,100,100
47.3213,100,100
47.3202,100,100
47.319,100,100
47.3179,100,100
47.3167,100,100
47.3155,100,100
47.3144,100,100
47.3132,100,100
47.3121,100,100
47.3109,100,100
47.3097,100,100
47.3086,100,100
47.3074,100,100
47.3063,100,100
47.3051,100,100
47.3039,100,100
47.3028,100,100
47.3016,100,100
47.3005,100,100
47.2993,100,100
47.2981,100,100
47.297,100,100
47.2958,100,100
47.2947,100,100
47.2935,100,100
47.2923,100,100
47.2912,100,100
47.29,100,100
47.2889,100,100
47.2877,100,100
47.2865,100,100
47.2854,100,100
47.2842,100,100
47.2831,100,100
47.2819,100,100
47.2808,100,100
47.2796,100,100
47.2784,100,100
47.2773,100,100
47.2761,100,100
47.275,100,100
47.2738,100,100
47.2726,100,100
47.2715,100,100
47.2703,100,100
47.2692,100,100
47.268,100,100
47.2668,100,100
47.2657,100,100
47.2645,100,100
47.2634,100,100
47.2622,100,100
47.261,100,100
47.2599,100,100
47.2587,100,100
47.2576,100,100
47.2564,100,100
47.2552,100,100
47.2541,100,100
47.2529,100,100
47.2518,100,100
47.2506,100,100
47.2494,100,100
47.2483,100,100
47.2471,100,100
47.246,100,100
47.2448,100,100
47.2436,100,100
47.2425,100,100
47.2413,100,100
47.2402,100,100
47.239,100,100
47.2378,100,100
47.2367,100,100
47.2355,100,100
47.2344,100,100
47.2332,100,100
47.2321,100,100
47.2309,100,100
47.2297,100,100
47.2286,100,100
47.2274,100,100
47.2263,100,100
47.2251,100,100
47.2239,100,100
47.2228,100,100
47.2216,100,100
47.2205,100,100
47.2193,100,100
47.2181,100,100
47.217,100,100
47.2158,100,100
47.2147,100,100
47.2135,100,100
47.2123,100,100
47.2112,100,100
47.21,100,100
47.2089,100,100
47.2077,100,100
47.2065,100,100
47.2054,100,100
47.2042,100,100
47.2031,100,100
47.2019,100,100
47.2007,100,100
47.1996,100,100
47.1984,100,100
47.1973,100,100
47.1961,100,100
47.1949,100,100
47.1938,100,100
47.1926,100,100
47.1915,100,100
47.1903,100,100
47.1891,100,100
47.188,100,100
47.1868,100,100
47.1857,100,100
47.1845,100,100
47.1834,100,100
47.1822,100,100
47.181,100,100
47.1799,100,100
47.1787,100,100
47.1776,100,100
47.1764,100,100
47.1752,100,100
47.1741,100,100
47.1729,100,100
47.1718,100,100
47.1706,100,100
47.1694,100,100
47.1683,100,100
47.1671,100,100
47.166,100,100
47.1648,100,100
47.1636,100,100
47.1625,100,100
47.1613,100,100
47.1602,100,100
47.159,100,100
47.1578,100,100
47.1567,100,100
47.1555,100,100
47.1544,100,100
47.1532,100,100
47.152,100,100
47.1509,100,100
47.1497,100,100
47.1486,100,100
47.1474,100,100
47.1462,100,100
47.1451,100,100
47.1439,100,100
47.1428,100,100
47.1416,100,100
47.1404,100,100
47.1393,100,100
47.1381,100,100
47.137,100,100
47.1358,100,100
47.1347,100,100
47.1335,100,100
47.1323,100,100
47.1312,100,100
47.13,100,100
47.1289,100,100
47.1277,100,100
47.1265,100,100
47.1254,100,100
47.1242,100,100
47.1231,100,100
47.1219,100,100
47.1207,100,100
47.1196,100,100
47.1184,100,100
47.1173,100,100
47.1161,100,100
47.1149,100,100
47.1138,100,100
47.1126,100,100
47.1115,100,100
47.1103,100,100
47.1091,100,100
47.108,100,100
47.1068,100,100
47.1057,100,100
47.1045,100,100
47.1033,100,100
47.1022,100,100
47.101,100,100
47.0999,100,100
47.0987,100,100
47.0975,100,100
47.0964,100,100
47.0952,100,100
47.0941,100,100
47.0929,100,100
47.0917,100,100
47.0906,100,100
47.0894,100,100
47.0883,100,100
47.0871,100,100
47.086,100,100
47.0848,100,100
47.0836,100,100
47.0825,100,100
47.0813,100,100
47.0802,100,100
47.079,100,100
47.0778,100,100
47.0767,100,100
47.0755,100,100
47.0744,100,100
47.0732,100,100
47.072,100,100
47.0709,100,100
47.0697,100,100
47.0686,100,100
47.0674,100,100
47.0662,100,100
47.0651,100,100
47.0639,100,100
47.0628,100,100
47.0616,100,100
47.0604,100,100
47.0593,100,100
47.0581,100,100
47.057,100,100
47.0558,100,100
47.0546,100,100
47.0535,100,100
47.0523,100,100
47.0512,100,100
47.05,100,100
47.0488,100,100
47.0477,100,100
47.0465,100,100
47.0454,100,100
47.0442,100,100
47.0431,100,100
47.0419,100,100
47.0407,100,100
47.0396,100,100
47.0384,100,100
47.0373,100,100
47.0361,100,100
47.0349,100,100
47.0338,100,100
47.0326,100,100
47.0315,100,100
47.0303,100,100
47.0291,100,100
47.028,100,100
47.0268,100,100
47.0257,100,100
47.0245,100,100
47.0233,100,100
47.0222,100,100
47.021,100,100
47.0199,100,100
47.0187,100,100
47.0175,100,100
47.0164,100,100
47.0152,100,100
47.0141,100,100
47.0129,100,100
47.0117,100,100
47.0106,100,100
47.0094,100,100
47.0083,100,100
47.0071,100,100
47.0059,100,100
47.0048,100,100
47.0036,100,100
47.0025,100,100
47.0013,100,100
47.0001,100,100
46.999,100,100
46.9978,100,100
46.9967,100,100
46.9955,100,100
46.9943,100,100
46.9932,100,100
46.992,100,100
46.9909,100,100
46.9897,100,100
46.9885,100,100
46.9874,100,100
46.9862,100,100
46.9851,100,100
46.9839,100,100
46.9828,100,100
46.9816,100,100
46.9804,100,100
46.9793,100,100
46.9781,100,100
46.977,100,100
46.9758,100,100
46.9746,100,100
46.9735,100,100
46.9723,100,100
46.9712,100,100
46.97,100,100
46.9688,100,100
46.9677,100,100
46.9665,100,100
46.9654,100,100
46.9642,100,100
46.963,100,100
46.9619,100,100
46.9607,100,100
46.9596,100,100
46.9584,100,100
46.9572,100,100
46.9561,100,100
46.9549,100,100
46.9538,100,100
46.9526,100,100
46.9514,100,100
46.9503,100,100
46.9491,100,100
46.948,100,100
46.9468,100,100
46.9456,100,100
46.9445,100,100
46.9433,100,100
46.9422,100,100
46.941,100,100
46.9398,100,100
46.9387,100,100
46.9375,100,100
46.9364,100,100
46.9352,100,100
46.934,100,100
46.9329,100,100
46.9317,100,100
46.9306,100,100
46.9294,100,100
46.9282,100,100
46.9271,100,100
46.9259,100,100
46.9248,100,100
46.9236,100,100
46.9224,100,100
46.9213,100,100
46.9201,100,100
46.919,100,100
46.9178,100,100
46.9166,100,100
46.9155,100,100
46.9143,100,100
46.9132,100,100
46.912,100,100
46.9109,100,100
46.9097,100,100
46.9085,100,100
46.9074,100,100
46.9062,100,100
46.9051,100,100
46.9039,100,100
46.9027,100,100
46.9016,100,100
46.9004,100,100
46.8993,100,100
46.8981,100,100
46.8969,100,100
46.8958,100,100
46.8946,100,100
46.8934,100,100
46.8923,100,100
46.8911,100,100
46.8899,100,100
46.8888,100,100
46.8876,100,100
46.8865,100,100
46.8853,100,100
46.8841,100,100
46.883,100,100
46.8818,100,100
46.8806,100,100
46.8795,100,100
46.8783,100,100
46.8771,100,100
46.876,100,100
46.8748,100,100
46.8737,100,100
46.8725,100,100
46.8713,100,100
46.8702,100,100
46.869,100,100
46.8678,100,100
46.8667,100,100
46.8655,100,100
46.8643,100,100
46.8632,100,100
46.862,100,100
46.8608,100,100
46.8597,100,100
46.8585,100,100
46.8574,100,100
46.8562,100,100
46.855,100,100
46.8539,100,100
46.8527,100,100
46.8515,100,100
46.8504,100,100
46.8492,100,100
46.848,100,100
46.8469,100,100
46.8457,100,100
46.8446,100,100
46.8434,100,100
46.8422,100,100
46.8411,100,100
46.8399,100,100
46.8387,100,100
46.8376,100,100
46.8364,100,100
46.8352,100,100
46.8341,100,100
46.8329,100,100
46.8318,100,100
46.8306,100,100
46.8294,100,100
46.8283,100,100
46.8271,100,100
46.8259,100,100
46.8248,100,100
46.8236,100,100
46.8224,100,100
46.8213,100,100
46.8201,100,100
46.819,100,100
46.8178,100,100
46.8166,100,100
46.8155,100,100
46.8143,100,100
46.8131,100,100
46.812,100,100
46.8108,100,100
46.8096,100,100
46.8085,100,100
46.8073,100,100
46.8061,100,100
46.805,100,100
46.8038,100,100
46.8027,100,100
46.8015,100,100
46.8003,100,100
46.7992,100,100
46.798,100,100
46.7968,100,100
46.7957,100,100
46.7945,100,100
46.7933,100,100
46.7922,100,100
46.791,100,100
46.7899,100,100
46.7887,100,100
46.7875,100,100
46.7864,100,100
46.7852,100,100
46.784,100,100
46.7829,100,100
46.7817,100,100
46.7805,100,100
46.7794,100,100
46.7782,100,100
46.777,100,100
46.7759,100,100
46.7747,100,100
46.7736,100,100
46.7724,100,100
46.7712,100,100
46.7701,100,100
46.7689,100,100
46.7677,100,100
46.7666,100,100
46.7654,100,100
46.7642,100,100
46.7631,100,100
46.7619,100,100
46.7607,100,100
46.7596,100,100
46.7584,100,100
46.7572,100,100
46.7561,100,100
46.7549,100,100
46.7538,100,100
46.7526,100,100
46.7514,100,100
46.7503,100,100
46.7491,100,100
46.7479,100,100
46.7468,100,100
46.7456,100,100
46.7444,100,100
46.7433,100,100
46.7421,100,100
46.7409,100,100
46.7398,100,100
46.7386,100,100
46.7375,100,100
46.7363,100,100
46.7351,100,100
46.734,100,100
46.7328,100,100
46.7316,100,100
46.7305,100,100
46.7293,100,100
46.7281,100,100
46.727,100,100
46.7258,100,100
46.7246,100,100
46.7235,100,100
46.7223,100,100
46.7211,100,100
46.72,100,100
46.7188,100,100
46.7177,100,100
46.7165,100,100
46.7153,100,100
46.7142,100,100
46.713,100,100
46.7118,100,100
46.7107,100,100
46.7095,100,100
46.7083,100,100
46.7072,100,100
46.706,100,100
46.7048,100,100
46.7037,100,100
46.7025,100,100
46.7013,100,100
46.7002,100,100
46.699,100,100
46.6979,100,100
46.6967,100,100
46.6955,100,100
46.6944,100,100
46.6932,100,100
46.692,100,100
46.6909,100,100
46.6897,100,100
46.6885,100,100
46.6874,100,100
46.6862,100,100
46.685,100,100
46.6839,100,100
46.6827,100,100
46.6815,100,100
46.6804,100,100
46.6792,100,100
46.6781,100,100
46.6769,100,100
46.6757,100,100
46.6746,100,100
46.6734,100,100
46.6722,100,100
46.6711,100,100
46.6699,100,100
46.6687,100,100
46.6676,100,100
46.6664,100,100
46.6652,100,100
46.6641,100,100
46.6629,100,100
46.6617,100,100
46.6606,100,100
46.6594,100,100
46.6582,100,100
46.6571,100,100
46.6559,100,100
46.6547,100,100
46.6536,100,100
46.6524,100,100
46.6512,100,100
46.6501,100,100
46.6489,100,100
46.6477,100,100
46.6465,100,100
46.6454,100,100
46.6442,100,100
46.643,100,100
46.6419,100,100
46.6407,100,100
46.6395,100,100
46.6384,100,100
46.6372,100,100
46.636,100,100
46.6349,100,100
46.6337,100,100
46.6325,100,100
46.6314,100,100
46.6302,100,100
46.629,100,100
46.6279,100,100
46.6267,100,100
46.6255,100,100
46.6244,100,100
46.6232,100,100
46.622,100,100
46.6208,100,100
46.6197,100,100
46.6185,100,100
46.6173,100,100
46.6162,100,100
46.615,100,100
46.6138,100,100
46.6127,100,100
46.6115,100,100
46.6103,100,100
46.6092,100,100
46.608,100,100
46.6068,100,100
46.6057,100,100
46.6045,100,100
46.6033,100,100
46.6022,100,100
46.601,100,100
46.5998,100,100
46.5986,100,100
46.5975,100,100
46.5963,100,100
46.5951,100,100
46.594,100,100
46.5928,100,100
46.5916,100,100
46.5905,100,100
46.5893,100,100
46.5881,100,100
46.587,100,100
46.5858,100,100
46.5846,100,100
46.5835,100,100
46.5823,100,100
46.5811,100,100
46.58,100,100
46.5788,100,100
46.5776,100,100
46.5765,100,100
46.5753,100,100
46.5741,100,100
46.5729,100,100
46.5718,100,100
46.5706,100,100
46.5694,100,100
46.5683,100,100
46.5671,100,100
46.5659,100,100
46.5648,100,100
46.5636,100,100
46.5624,100,100
46.5613,100,100
46.5601,100,100
46.5589,100,100
46.5578,100,100
46.5566,100,100
46.5554,100,100
46.5543,100,100
46.5531,100,100
46.5519,100,100
46.5508,100,100
46.5496,100,100
46.5484,100,100
46.5472,100,100
46.5461,100,100
46.5449,100,100
46.5437,100,100
46.5425,100,100
46.5414,100,100
46.5402,100,100
46.539,100,100
46.5379,100,100
46.5367,100,100
46.5355,100,100
46.5343,100,100
46.5332,100,100
46.532,100,100
46.5308,100,100
46.5296,100,100
46.5285,100,100
46.5273,100,100
46.5261,100,100
46.525,100,100
46.5238,100,100
46.5226,100,100
46.5214,100,100
46.5203,100,100
46.5191,100,100
46.5179,100,100
46.5167,100,100
46.5156,100,100
46.5144,100,100
46.5132,100,100
46.5121,100,100
46.5109,100,100
46.5097,100,100
46.5085,100,100
46.5074,100,100
46.5062,100,100
46.505,100,100
46.5038,100,100
46.5027,100,100
46.5015,100,100
46.5003,100,100
46.4991,100,100
46.498,100,100
46.4968,100,100
46.4956,100,100
46.4945,100,100
46.4933,100,100
46.4921,100,100
46.4909,100,100
46.4898,100,100
46.4886,100,100
46.4874,100,100
46.4862,100,100
46.4851,100,100
46.4839,100,100
46.4827,100,100
46.4816,100,100
46.4804,100,100
46.4792,100,100
46.478,100,100
46.4769,100,100
46.4757,100,100
46.4745,100,100
46.4733,100,100
46.4722,100,100
46.471,100,100
46.4698,100,100
46.4687,100,100
46.4675,100,100
46.4663,100,100
46.4651,100,100
46.464,100,100
46.4628,100,100
46.4616,100,100
46.4604,100,100
46.4593,100,100
46.4581,100,100
46.4569,100,100
46.4558,100,100
46.4546,100,100
46.4534,100,100
46.4522,100,100
46.4511,100,100
46.4499,100,100
46.4487,100,100
46.4475,100,100
46.4464,100,100
46.4452,100,100
46.444,100,100
46.4428,100,100
46.4417,100,100
46.4405,100,100
46.4393,100,100
46.4382,100,100
46.437,100,100
46.4358,100,100
46.4346,100,100
46.4335,100,100
46.4323,100,100
46.4311,100,100
46.4299,100,100
46.4288,100,100
46.4276,100,100
46.4264,100,100
46.4252,100,100
46.4241,100,100
46.4229,100,100
46.4217,100,100
46.4205,100,100
46.4194,100,100
46.4182,100,100
46.417,100,100
46.4158,100,100
46.4147,100,100
46.4135,100,100
46.4123,100,100
46.4111,100,100
46.41,100,100
46.4088,100,100
46.4076,100,100
46.4064,100,100
46.4053,100,100
46.4041,100,100
46.4029,100,100
46.4017,100,100
46.4006,100,100
46.3994,100,100
46.3982,100,100
46.397,100,100
46.3959,100,100
46.3947,100,100
46.3935,100,100
46.3923,100,100
46.3912,100,100
46.39,100,100
46.3888,100,100
46.3876,100,100
46.3865,100,100
46.3853,100,100
46.3841,100,100
46.3829,100,100
46.3818,100,100
46.3806,100,100
46.3794,100,100
46.3782,100,100
46.3771,100,100
46.3759,100,100
46.3747,100,100
46.3735,100,100
46.3724,100,100
46.3712,100,100
46.37,100,100
46.3688,100,100
46.3677,100,100
46.3665,100,100
46.3653,100,100
46.3641,100,100
46.363,100,100
46.3618,100,100
46.3606,100,100
46.3594,100,100
46.3583,100,100
46.3571,100,100
46.3559,100,100
46.3547,100,100
46.3536,100,100
46.3524,100,100
46.3512,100,100
46.35,100,100
46.3489,100,100
46.3477,100,100
46.3465,100,100
46.3453,100,100
46.3442,100,100
46.343,100,100
46.3418,100,100
46.3406,100,100
46.3395,100,100
46.3383,100,100
46.3371,100,100
46.3359,100,100
46.3348,100,100
46.3336,100,100
46.3324,100,100
46.3312,100,100
46.3301,100,100
46.3289,100,100
46.3277,100,100
46.3265,100,100
46.3254,100,100
46.3242,100,100
46.323,100,100
46.3218,100,100
46.3207,100,100
46.3195,100,100
46.3183,100,100
46.3171,100,100
46.316,100,100
46.3148,100,100
46.3136,100,100
46.3124,100,100
46.3113,100,100
46.3101,100,100
46.3089,100,100
46.3077,100,100
46.3066,100,100
46.3054,100,100
46.3042,100,100
46.303,100,100
46.3019,100,100
46.3007,100,100
46.2995,100,100
46.2983,100,100
46.2972,100,100
46.296,100,100
46.2948,100,100
46.2936,100,100
46.2925,100,100
46.2913,100,100
46.2901,100,100
46.2889,100,100
46.2878,100,100
46.2866,100,100
46.2854,100,100
46.2842,100,100
46.2831,100,100
46.2819,100,100
46.2807,100,100
46.2795,100,100
46.2784,100,100
46.2772,100,100
46.276,100,100
46.2748,100,100
46.2737,100,100
46.2725,100,100
46.2713,100,100
46.2701,100,100
46.269,100,100
46.2678,100,100
46.2666,100,100
46.2654,100,100
46.2643,100,100
46.2631,100,100
46.2619,100,100
46.2607,100,100
46.2596,100,100
46.2584,100,100
46.2572,100,100
46.256,100,100
46.2549,100,100
46.2537,100,100
46.2525,100,100
46.2513,100,100
46.2502,100,100
46.249,100,100
46.2478,100,100
46.2466,100,100
46.2455,100,100
46.2443,100,100
46.2431,100,100
46.2419,100,100
46.2408,100,100
46.2396,100,100
46.2384,100,100
46.2372,100,100
46.2361,100,100
46.2349,100,100
46.2337,100,100
46.2325,100,100
46.2314,100,100
46.2302,100,100
46.229,100,100
46.2278,100,100
46.2267,100,100
46.2255,100,100
46.2243,100,100
46.2231,100,100
46.222,100,100
46.2208,100,100
46.2196,100,100
46.2184,100,100
46.2173,100,100
46.2161,100,100
46.2149,100,100
46.2137,100,100
46.2126,100,100
46.2114,100,100
46.2102,100,100
46.209,100,100
46.2079,100,100
46.2067,100,100
46.2055,100,100
46.2043,100,100
46.2032,100,100
46.202,100,100
46.2008,100,100
46.1996,100,100
46.1985,100,100
46.1973,100,100
46.1961,100,100
46.1949,100,100
46.1938,100,100
46.1926,100,100
46.1914,100,100
46.1902,100,100
46.1891,100,100
46.1879,100,100
46.1867,100,100
46.1855,100,100
46.1844,100,100
46.1832,100,100
46.182,100,100
46.1808,100,100
46.1797,100,100
46.1785,100,100
46.1773,100,100
46.1761,100,100
46.175,100,100
46.1738,100,100
46.1726,100,100
46.1714,100,100
46.1703,100,100
46.1691,100,100
46.1679,100,100
46.1667,100,100
46.1656,100,100
46.1644,100,100
46.1632,100,100
46.162,100,100
46.1609,100,100
46.1597,100,100
46.1585,100,100
46.1573,100,100
46.1562,100,100
46.155,100,100
46.1538,100,100
46.1526,100,100
46.1515,100,100
46.1503,100,100
46.1491,100,100
46.1479,100,100
46.1468,100,100
46.1456,100,100
46.1444,100,100
46.1432,100,100
46.1421,100,100
46.1409,100,100
46.1397,100,100
46.1385,100,100
46.1374,100,100
46.1362,100,100
46.135,100,100
46.1338,100,100
46.1327,100,100
46.1315,100,100
46.1303,100,100
46.1291,100,100
46.128,100,100
46.1268,100,100
46.1256,100,100
46.1244,100,100
46.1233,100,100
46.1221,100,100
46.1209,100,100
46.1197,100,100
46.1186,100,100
46.1174,100,100
46.1162,100,100
46.115,100,100
46.1139,100,100
46.1127,100,100
46.1115,100,100
46.1103,100,100
46.1092,100,100
46.108,100,100
46.1068,100,100
46.1056,100,100
46.1045,100,100
46.1033,100,100
46.1021,100,100
46.1009,100,100
46.0998,100,100
46.0986,100,100
46.0974,100,100
46.0962,100,100
46.0951,100,100
46.0939,100,100
46.0927,100,100
46.0915,100,100
46.0904,100,100
46.0892,100,100
46.088,100,100
46.0868,100,100
46.0857,100,100
46.0845,100,100
46.0833,100,100
46.0821,100,100
46.081,100,100
46.0798,100,100
46.0786,100,100
46.0774,100,100
46.0763,100,100
46.0751,100,100
46.0739,100,100
46.0727,100,100
46.0716,100,100
46.0704,100,100
46.0692,100,100
46.0681,100,100
46.0669,100,100
46.0657,100,100
46.0645,100,100
46.0634,100,100
46.0622,100,100
46.061,100,100
46.0599,100,100
46.0587,100,100
46.0575,100,100
46.0563,100,100
46.0552,100,100
46.054,100,100
46.0528,100,100
46.0517,100,100
46.0505,100,100
46.0493,100,100
46.0481,100,100
46.047,100,100
46.0458,100,100
46.0446,100,100
46.0434,100,100
46.0423,100,100
46.0411,100,100
46.0399,100,100
46.0388,100,100
46.0376,100,100
46.0364,100,100
46.0352,100,100
46.0341,100,100
46.0329,100,100
46.0317,100,100
46.0306,100,100
46.0294,100,100
46.0282,100,100
46.027,100,100
46.0259,100,100
46.0247,100,100
46.0235,100,100
46.0224,100,100
46.0212,100,100
46.02,100,100
46.0188,100,100
46.0177,100,100
46.0165,100,100
46.0153,100,100
46.0141,100,100
46.013,100,100
46.0118,100,100
46.0106,100,100
46.0095,100,100
46.0083,100,100
46.0071,100,100
46.0059,100,100
46.0048,100,100
46.0036,100,100
46.0024,100,100
46.0013,100,100
46.0001,100,100
45.9989,100,100
45.9977,100,100
45.9966,100,100
45.9954,100,100
45.9942,100,100
45.9931,100,100
45.9919,100,100
45.9907,100,100
45.9895,100,100
45.9884,100,100
45.9872,100,100
45.986,100,100
45.9849,100,100
45.9837,100,100
45.9825,100,100
45.9813,100,100
45.9802,100,100
45.979,100,100
45.9778,100,100
45.9766,100,100
45.9755,100,100
45.9743,100,100
45.9731,100,100
45.972,100,100
45.9708,100,100
45.9696,100,100
45.9684,100,100
45.9673,100,100
45.9661,100,100
45.9649,100,100
45.9638,100,100
45.9626,100,100
45.9614,100,100
45.9602,100,100
45.9591,100,100
45.9579,100,100
45.9567,100,100
45.9555,100,100
45.9544,100,100
45.9532,100,100
45.952,100,100
45.9508,100,100
45.9497,100,100
45.9485,100,100
45.9473,100,100
45.9461,100,100
45.945,100,100
45.9438,100,100
45.9426,100,100
45.9414,100,100
45.9403,100,100
45.9391,100,100
45.9379,100,100
45.9367,100,100
45.9356,100,100
45.9344,100,100
45.9332,100,100
45.932,100,100
45.9309,100,100
45.9297,100,100
45.9285,100,100
45.9273,100,100
45.9262,100,100
45.925,100,100
45.9238,100,100
45.9226,100,100
45.9215,100,100
45.9203,100,100
45.9191,100,100
45.9179,100,100
45.9168,100,100
45.9156,100,100
45.9144,100,100
45.9132,100,100
45.9121,100,100
45.9109,100,100
45.9097,100,100
45.9085,100,100
45.9074,100,100
45.9062,100,100
45.905,100,100
45.9038,100,100
45.9027,100,100
45.9015,100,100
45.9003,100,100
45.8991,100,100
45.898,100,100
45.8968,100,100
45.8956,100,100
45.8944,100,100
45.8933,100,100
45.8921,100,100
45.8909,100,100
45.8897,100,100
45.8886,100,100
45.8874,100,100
45.8862,100,100
45.885,100,100
45.8839,100,100
45.8827,100,100
45.8815,100,100
45.8803,100,100
45.8792,100,100
45.878,100,100
45.8768,100,100
45.8756,100,100
45.8745,100,100
45.8733,100,100
45.8721,100,100
45.8709,100,100
45.8698,100,100
45.8686,100,100
45.8674,100,100
45.8662,100,100
45.8651,100,100
45.8639,100,100
45.8627,100,100
45.8615,100,100
45.8604,100,100
45.8592,100,100
45.858,100,100
45.8568,100,100
45.8557,100,100
45.8545,100,100
45.8533,100,100
45.8521,100,100
45.851,100,100
45.8498,100,100
45.8486,100,100
45.8474,100,100
45.8463,100,100
45.8451,100,100
45.8439,100,100
45.8427,100,100
45.8416,100,100
45.8404,100,100
45.8392,100,100
45.838,100,100
45.8369,100,100
45.8357,100,100
45.8345,100,100
45.8333,100,100
45.8322,100,100
45.831,100,100
45.8298,100,100
45.8286,100,100
45.8275,100,100
45.8263,100,100
45.8251,100,100
45.8239,100,100
45.8228,100,100
45.8216,100,100
45.8204,100,100
45.8192,100,100
45.8181,100,100
45.8169,100,100
45.8157,100,100
45.8145,100,100
45.8134,100,100
45.8122,100,100
45.811,100,100
45.8098,100,100
45.8087,100,100
45.8075,100,100
45.8063,100,100
45.8051,100,100
45.804,100,100
45.8028,100,100
45.8016,100,100
45.8004,100,100
45.7993,100,100
45.7981,100,100
45.7969,100,100
45.7957,100,100
45.7946,100,100
45.7934,100,100
45.7922,100,100
45.791,100,100
45.7899,100,100
45.7887,100,100
45.7875,100,100
45.7863,100,100
45.7852,100,100
45.784,100,100
45.7828,100,100
45.7816,100,100
45.7805,100,100
45.7793,100,100
45.7781,100,100
45.7769,100,100
45.7758,100,100
45.7746,100,100
45.7734,100,100
45.7722,100,100
45.7711,100,100
45.7699,100,100
45.7687,100,100
45.7675,100,100
45.7664,100,100
45.7652,100,100
45.764,100,100
45.7628,100,100
45.7617,100,100
45.7605,100,100
45.7593,100,100
45.7581,100,100
45.757,100,100
45.7558,100,100
45.7546,100,100
45.7534,100,100
45.7523,100,100
45.7511,100,100
45.7499,100,100
45.7487,100,100
45.7476,100,100
45.7464,100,100
45.7452,100,100
45.744,100,100
45.7429,100,100
45.7417,100,100
45.7405,100,100
45.7393,100,100
45.7381,100,100
45.737,100,100
45.7358,100,100
45.7346,100,100
45.7334,100,100
45.7323,100,100
45.7311,100,100
45.7299,100,100
45.7287,100,100
45.7276,100,100
45.7264,100,100
45.7252,100,100
45.724,100,100
45.7229,100,100
45.7217,100,100
45.7205,100,100
45.7193,100,100
45.7182,100,100
45.717,100,100
45.7158,100,100
45.7146,100,100
45.7134,100,100
45.7123,100,100
45.7111,100,100
45.7099,100,100
45.7087,100,100
45.7075,100,100
45.7064,100,100
45.7052,100,100
45.704,100,100
45.7028,100,100
45.7017,100,100
45.7005,100,100
45.6993,100,100
45.6981,100,100
45.6969,100,100
45.6958,100,100
45.6946,100,100
45.6934,100,100
45.6922,100,100
45.6911,100,100
45.6899,100,100
45.6887,100,100
45.6875,100,100
45.6863,100,100
45.6852,100,100
45.684,100,100
45.6828,100,100
45.6816,100,100
45.6805,100,100
45.6793,100,100
45.6781,100,100
45.6769,100,100
45.6757,100,100
45.6746,100,100
45.6734,100,100
45.6722,100,100
45.671,100,100
45.6699,100,100
45.6687,100,100
45.6675,100,100
45.6663,100,100
45.6651,100,100
45.664,100,100
45.6628,100,100
45.6616,100,100
45.6604,100,100
45.6593,100,100
45.6581,100,100
45.6569,100,100
45.6557,100,100
45.6545,100,100
45.6534,100,100
45.6522,100,100
45.651,100,100
45.6498,100,100
45.6487,100,100
45.6475,100,100
45.6463,100,100
45.6451,100,100
45.6439,100,100
45.6428,100,100
45.6416,100,100
45.6404,100,100
45.6392,100,100
45.638,100,100
45.6369,100,100
45.6357,100,100
45.6345,100,100
45.6333,100,100
45.6322,100,100
45.631,100,100
45.6298,100,100
45.6286,100,100
45.6274,100,100
45.6263,100,100
45.6251,100,100
45.6239,100,100
45.6227,100,100
45.6216,100,100
45.6204,100,100
45.6192,100,100
45.618,100,100
45.6168,100,100
45.6157,100,100
45.6145,100,100
45.6133,100,100
45.6121,100,100
45.611,100,100
45.6098,100,100
45.6086,100,100
45.6074,100,100
45.6062,100,100
45.6051,100,100
45.6039,100,100
45.6027,100,100
45.6015,100,100
45.6003,100,100
45.5992,100,100
45.598,100,100
45.5968,100,100
45.5956,100,100
45.5944,100,100
45.5933,100,100
45.5921,100,100
45.5909,100,100
45.5897,100,100
45.5885,100,100
45.5874,100,100
45.5862,100,100
45.585,100,100
45.5838,100,100
45.5826,100,100
45.5815,100,100
45.5803,100,100
45.5791,100,100
45.5779,100,100
45.5767,100,100
45.5756,100,100
45.5744,100,100
45.5732,100,100
45.572,100,100
45.5708,100,100
45.5697,100,100
45.5685,100,100
45.5673,100,100
45.5661,100,100
45.5649,100,100
45.5638,100,100
45.5626,100,100
45.5614,100,100
45.5602,100,100
45.559,100,100
45.5578,100,100
45.5567,100,100
45.5555,100,100
45.5543,100,100
45.5531,100,100
45.5519,100,100
45.5508,100,100
45.5496,100,100
45.5484,100,100
45.5472,100,100
45.546,100,100
45.5449,100,100
45.5437,100,100
45.5425,100,100
45.5413,100,100
45.5401,100,100
45.539,100,100
45.5378,100,100
45.5366,100,100
45.5354,100,100
45.5342,100,100
45.5331,100,100
45.5319,100,100
45.5307,100,100
45.5295,100,100
45.5283,100,100
45.5272,100,100
45.526,100,100
45.5248,100,100
45.5236,100,100
45.5224,100,100
45.5213,100,100
45.5201,100,100
45.5189,100,100
45.5177,100,100
45.5165,100,100
45.5154,100,100
45.5142,100,100
45.513,100,100
45.5118,100,100
45.5106,100,100
45.5095,100,100
45.5083,100,100
45.5071,100,100
45.5059,100,100
45.5047,100,100
45.5036,100,100
45.5024,100,100
45.5012,100,100
45.5,100,100
45.4988,100,100
45.4977,100,100
45.4965,100,100
45.4953,100,100
45.4941,100,100
45.4929,100,100
45.4918,100,100
45.4906,100,100
45.4894,100,100
45.4882,100,100
45.487,100,100
45.4859,100,100
45.4847,100,100
45.4835,100,100
45.4823,100,100
45.4811,100,100
45.48,100,100
45.4788,100,100
45.4776,100,100
45.4764,100,100
45.4752,100,100
45.4741,100,100
45.4729,100,100
45.4717,100,100
45.4705,100,100
45.4693,100,100
45.4682,100,100
45.467,100,100
45.4658,100,100
45.4646,100,100
45.4634,100,100
45.4623,100,100
45.4611,100,100
45.4599,100,100
45.4587,100,100
45.4575,100,100
45.4564,100,100
45.4552,100,100
45.454,100,100
45.4528,100,100
45.4516,100,100
45.4505,100,100
45.4493,100,100
45.4481,100,100
45.4469,100,100
45.4457,100,100
45.4446,100,100
45.4434,100,100
45.4422,100,100
45.441,100,100
45.4398,100,100
45.4386,100,100
45.4375,100,100
45.4363,100,100
45.4351,100,100
45.4339,100,100
45.4327,100,100
45.4316,100,100
45.4304,100,100
45.4292,100,100
45.428,100,100
45.4268,100,100
45.4257,100,100
45.4245,100,100
45.4233,100,100
45.4221,100,100
45.4209,100,100
45.4198,100,100
45.4186,100,100
45.4174,100,100
45.4162,100,100
45.415,100,100
45.4139,100,100
45.4127,100,100
45.4115,100,100
45.4103,100,100
45.4091,100,100
45.408,100,100
45.4068,100,100
45.4056,100,100
45.4044,100,100
45.4032,100,100
45.4021,100,100
45.4009,100,100
45.3997,100,100
45.3985,100,100
45.3973,100,100
45.3962,100,100
45.395,100,100
45.3938,100,100
45.3926,100,100
45.3914,100,100
45.3903,100,100
45.3891,100,100
45.3879,100,100
45.3867,100,100
45.3855,100,100
45.3844,100,100
45.3832,100,100
45.382,100,100
45.3808,100,100
45.3796,100,100
45.3785,100,100
45.3773,100,100
45.3761,100,100
45.3749,100,100
45.3737,100,100
45.3726,100,100
45.3714,100,100
45.3702,100,100
45.369,100,100
45.3678,100,100
45.3667,100,100
45.3655,100,100
45.3643,100,100
45.3631,100,100
45.3619,100,100
45.3608,100,100
45.3596,100,100
45.3584,100,100
45.3572,100,100
45.3561,100,100
45.3549,100,100
45.3537,100,100
45.3525,100,100
45.3513,100,100
45.3502,100,100
45.349,100,100
45.3478,100,100
45.3466,100,100
45.3454,100,100
45.3443,100,100
45.3431,100,100
45.3419,100,100
45.3407,100,100
45.3395,100,100
45.3384,100,100
45.3372,100,100
45.336,100,100
45.3348,100,100
45.3337,100,100
45.3325,100,100
45.3313,100,100
45.3301,100,100
45.3289,100,100
45.3278,100,100
45.3266,100,100
45.3254,100,100
45.3242,100,100
45.323,100,100
45.3219,100,100
45.3207,100,100
45.3195,100,100
45.3183,100,100
45.3171,100,100
45.316,100,100
45.3148,100,100
45.3136,100,100
45.3124,100,100
45.3112,100,100
45.3101,100,100
45.3089,100,100
45.3077,100,100
45.3065,100,100
45.3054,100,100
45.3042,100,100
45.303,100,100
45.3018,100,100
45.3006,100,100
45.2995,100,100
45.2983,100,100
45.2971,100,100
45.2959,100,100
45.2947,100,100
45.2936,100,100
45.2924,100,100
45.2912,100,100
45.29,100,100
45.2888,100,100
45.2877,100,100
45.2865,100,100
45.2853,100,100
45.2841,100,100
45.283,100,100
45.2818,100,100
45.2806,100,100
45.2794,100,100
45.2782,100,100
45.2771,100,100
45.2759,100,100
45.2747,100,100
45.2735,100,100
45.2723,100,100
45.2712,100,100
45.27,100,100
45.2688,100,100
45.2676,100,100
45.2664,100,100
45.2653,100,100
45.2641,100,100
45.2629,100,100
45.2617,100,100
45.2605,100,100
45.2594,100,100
45.2582,100,100
45.257,100,100
45.2558,100,100
45.2547,100,100
45.2535,100,100
45.2523,100,100
45.2511,100,100
45.25,100,100
45.2488,100,100
45.2476,100,100
45.2464,100,100
45.2453,100,100
45.2441,100,100
45.2429,100,100
45.2417,100,100
45.2406,100,100
45.2394,100,100
45.2382,100,100
45.237,100,100
45.2359,100,100
45.2347,100,100
45.2335,100,100
45.2323,100,100
45.2312,100,100
45.23,100,100
45.2288,100,100
45.2276,100,100
45.2265,100,100
45.2253,100,100
45.2241,100,100
45.2229,100,100
45.2218,100,100
45.2206,100,100
45.2194,100,100
45.2182,100,100
45.2171,100,100
45.2159,100,100
45.2147,100,100
45.2135,100,100
45.2124,100,100
45.2112,100,100
45.21,100,100
45.2088,100,100
45.2077,100,100
45.2065,100,100
45.2053,100,100
45.2041,100,100
45.203,100,100
45.2018,100,100
45.2006,100,100
45.1994,100,100
45.1983,100,100
45.1971,100,100
45.1959,100,100
45.1947,100,100
45.1936,100,100
45.1924,100,100
45.1912,100,100
45.19,100,100
45.1889,100,100
45.1877,100,100
45.1865,100,100
45.1853,100,100
45.1842,100,100
45.183,100,100
45.1818,100,100
45.1806,100,100
45.1795,100,100
45.1783,100,100
45.1771,100,100
45.1759,100,100
45.1748,100,100
45.1736,100,100
45.1724,100,100
45.1712,100,100
45.1701,100,100
45.1689,100,100
45.1677,100,100
45.1665,100,100
45.1654,100,100
45.1642,100,100
45.163,100,100
45.1618,100,100
45.1607,100,100
45.1595,100,100
45.1583,100,100
45.1571,100,100
45.156,100,100
45.1548,100,100
45.1536,100,100
45.1524,100,100
45.1513,100,100
45.1501,100,100
45.1489,100,100
45.1477,100,100
45.1466,100,100
45.1454,100,100
45.1442,100,100
45.143,100,100
45.1419,100,100
45.1407,100,100
45.1395,100,100
45.1383,100,100
45.1372,100,100
45.136,100,100
45.1348,100,100
45.1336,100,100
45.1325,100,100
45.1313,100,100
45.1301,100,100
45.1289,100,100
45.1278,100,100
45.1266,100,100
45.1254,100,100
45.1242,100,100
45.1231,100,100
45.1219,100,100
45.1207,100,100
45.1195,100,100
45.1184,100,100
45.1172,100,100
45.116,100,100
45.1148,100,100
45.1137,100,100
45.1125,100,100
45.1113,100,100
45.1101,100,100
45.109,100,100
45.1078,100,100
45.1066,100,100
45.1054,100,100
45.1043,100,100
45.1031,100,100
45.1019,100,100
45.1007,100,100
45.0996,100,100
45.0984,100,100
45.0972,100,100
45.096,100,100
45.0949,100,100
45.0937,100,100
45.0925,100,100
45.0913,100,100
45.0901,100,100
45.089,100,100
45.0878,100,100
45.0866,100,100
45.0854,100,100
45.0843,100,100
45.0831,100,100
45.0819,100,100
45.0807,100,100
45.0796,100,100
45.0784,100,100
45.0772,100,100
45.076,100,100
45.0749,100,100
45.0737,100,100
45.0725,100,100
45.0713,100,100
45.0702,100,100
45.069,100,100
45.0678,100,100
45.0666,100,100
45.0655,100,100
45.0643,100,100
45.0631,100,100
45.0619,100,100
45.0608,100,100
45.0596,100,100
45.0584,100,100
45.0572,100,100
45.0561,100,100
45.0549,100,100
45.0537,100,100
45.0525,100,100
45.0514,100,100
45.0502,100,100
45.049,100,100
45.0478,100,100
45.0467,100,100
45.0455,100,100
45.0443,100,100
45.0431,100,100
45.042,100,100
45.0408,100,100
45.0396,100,100
45.0384,100,100
45.0373,100,100
45.0361,100,100
45.0349,100,100
45.0337,100,100
45.0326,100,100
45.0314,100,100
45.0302,100,100
45.029,100,100
45.0279,100,100
45.0267,100,100
45.0255,100,100
45.0243,100,100
45.0232,100,100
45.022,100,100
45.0208,100,100
45.0196,100,100
45.0185,100,100
45.0173,100,100
45.0161,100,100
45.0149,100,100
45.0138,100,100
45.0126,100,100
45.0114,100,100
45.0102,100,100
45.0091,100,100
45.0079,100,100
45.0067,100,100
45.0055,100,100
45.0044,100,100
45.0032,100,100
45.002,100,100
45.0008,100,100
44.9997,100,100
44.9985,100,100
44.9973,100,100
44.9961,100,100
44.995,100,100
44.9938,100,100
44.9926,100,100
44.9914,100,100
44.9903,100,100
44.9891,100,100
44.9879,100,100
44.9867,100,100
44.9856,100,100
44.9844,100,100
44.9832,100,100
44.982,100,100
44.9809,100,100
44.9797,100,100
44.9785,100,100
44.9773,100,100
44.9762,100,100
44.975,100,100
44.9738,100,100
44.9726,100,100
44.9715,100,100
44.9703,100,100
44.9691,100,100
44.9679,100,100
44.9668,100,100
44.9656,100,100
44.9644,100,100
44.9632,100,100
44.9621,100,100
44.9609,100,100
44.9597,100,100
44.9585,100,100
44.9574,100,100
44.9562,100,100
44.955,100,100
44.9538,100,100
44.9527,100,100
44.9515,100,100
44.9503,100,100
44.9491,100,100
44.948,100,100
44.9468,100,100
44.9456,100,100
44.9444,100,100
44.9433,100,100
44.9421,100,100
44.9409,100,100
44.9397,100,100
44.9386,100,100
44.9374,100,100
44.9362,100,100
44.935,100,100
44.9339,100,100
44.9327,100,100
44.9315,100,100
44.9303,100,100
44.9292,100,100
44.928,100,100
44.9268,100,100
44.9256,100,100
44.9245,100,100
44.9233,100,100
44.9221,100,100
44.9209,100,100
44.9198,100,100
44.9186,100,100
44.9174,100,100
44.9162,100,100
44.9151,100,100
44.9139,100,100
44.9127,100,100
44.9115,100,100
44.9104,100,100
44.9092,100,100
44.908,100,100
44.9068,100,100
44.9057,100,100
44.9045,100,100
44.9033,100,100
44.9021,100,100
44.901,100,100
44.8998,100,100
44.8986,100,100
44.8975,100,100
44.8963,100,100
44.8951,100,100
44.8939,100,100
44.8928,100,100
44.8916,100,100
44.8904,100,100
44.8893,100,100
44.8881,100,100
44.8869,100,100
44.8858,100,100
44.8846,100,100
44.8834,100,100
44.8822,100,100
44.8811,100,100
44.8799,100,100
44.8787,100,100
44.8776,100,100
44.8764,100,100
44.8752,100,100
44.874,100,100
44.8729,100,100
44.8717,100,100
44.8705,100,100
44.8694,100,100
44.8682,100,100
44.867,100,100
44.8658,100,100
44.8647,100,100
44.8635,100,100
44.8623,100,100
44.8612,100,100
44.86,100,100
44.8588,100,100
44.8576,100,100
44.8565,100,100
44.8553,100,100
44.8541,100,100
44.853,100,100
44.8518,100,100
44.8506,100,100
44.8495,100,100
44.8483,100,100
44.8471,100,100
44.8459,100,100
44.8448,100,100
44.8436,100,100
44.8424,100,100
44.8413,100,100
44.8401,100,100
44.8389,100,100
44.8377,100,100
44.8366,100,100
44.8354,100,100
44.8342,100,100
44.8331,100,100
44.8319,100,100
44.8307,100,100
44.8295,100,100
44.8284,100,100
44.8272,100,100
44.826,100,100
44.8249,100,100
44.8237,100,100
44.8225,100,100
44.8213,100,100
44.8202,100,100
44.819,100,100
44.8178,100,100
44.8167,100,100
44.8155,100,100
44.8143,100,100
44.8132,100,100
44.812,100,100
44.8108,100,100
44.8096,100,100
44.8085,100,100
44.8073,100,100
44.8061,100,100
44.805,100,100
44.8038,100,100
44.8026,100,100
44.8014,100,100
44.8003,100,100
44.7991,100,100
44.7979,100,100
44.7968,100,100
44.7956,100,100
44.7944,100,100
44.7932,100,100
44.7921,100,100
44.7909,100,100
44.7897,100,100
44.7886,100,100
44.7874,100,100
44.7862,100,100
44.7851,100,100
44.7839,100,100
44.7827,100,100
44.7815,100,100
44.7804,100,100
44.7792,100,100
44.778,100,100
44.7769,100,100
44.7757,100,100
44.7745,100,100
44.7734,100,100
44.7722,100,100
44.771,100,100
44.7698,100,100
44.7687,100,100
44.7675,100,100
44.7663,100,100
44.7652,100,100
44.764,100,100
44.7628,100,100
44.7617,100,100
44.7605,100,100
44.7593,100,100
44.7581,100,100
44.757,100,100
44.7558,100,100
44.7546,100,100
44.7535,100,100
44.7523,100,100
44.7511,100,100
44.75,100,100
44.7488,100,100
44.7476,100,100
44.7464,100,100
44.7453,100,100
44.7441,100,100
44.7429,100,100
44.7418,100,100
44.7406,100,100
44.7394,100,100
44.7383,100,100
44.7371,100,100
44.7359,100,100
44.7347,100,100
44.7336,100,100
44.7324,100,100
44.7312,100,100
44.7301,100,100
44.7289,100,100
44.7277,100,100
44.7266,100,100
44.7254,100,100
44.7242,100,100
44.7231,100,100
44.7219,100,100
44.7207,100,100
44.7195,100,100
44.7184,100,100
44.7172,100,100
44.716,100,100
44.7149,100,100
44.7137,100,100
44.7125,100,100
44.7114,100,100
44.7102,100,100
44.709,100,100
44.7078,100,100
44.7067,100,100
44.7055,100,100
44.7043,100,100
44.7032,100,100
44.702,100,100
44.7008,100,100
44.6997,100,100
44.6985,100,100
44.6973,100,100
44.6961,100,100
44.695,100,100
44.6938,100,100
44.6926,100,100
44.6915,100,100
44.6903,100,100
44.6891,100,100
44.688,100,100
44.6868,100,100
44.6856,100,100
44.6844,100,100
44.6833,100,100
44.6821,100,100
44.6809,100,100
44.6798,100,100
44.6786,100,100
44.6774,100,100
44.6763,100,100
44.6751,100,100
44.6739,100,100
44.6728,100,100
44.6716,100,100
44.6704,100,100
44.6692,100,100
44.6681,100,100
44.6669,100,100
44.6657,100,100
44.6646,100,100
44.6634,100,100
44.6622,100,100
44.6611,100,100
44.6599,100,100
44.6587,100,100
44.6575,100,100
44.6564,100,100
44.6552,100,100
44.654,100,100
44.6529,100,100
44.6517,100,100
44.6505,100,100
44.6494,100,100
44.6482,100,100
44.647,100,100
44.6458,100,100
44.6447,100,100
44.6435,100,100
44.6423,100,100
44.6412,100,100
44.64,100,100
44.6388,100,100
44.6377,100,100
44.6365,100,100
44.6353,100,100
44.6341,100,100
44.633,100,100
44.6318,100,100
44.6306,100,100
44.6295,100,100
44.6283,100,100
44.6271,100,100
44.626,100,100
44.6248,100,100
44.6236,100,100
44.6225,100,100
44.6213,100,100
44.6201,100,100
44.6189,100,100
44.6178,100,100
44.6166,100,100
44.6154,100,100
44.6143,100,100
44.6131,100,100
44.6119,100,100
44.6108,100,100
44.6096,100,100
44.6084,100,100
44.6072,100,100
44.6061,100,100
44.6049,100,100
44.6037,100,100
44.6026,100,100
44.6014,100,100
44.6002,100,100
44.5991,100,100
44.5979,100,100
44.5967,100,100
44.5955,100,100
44.5944,100,100
44.5932,100,100
44.592,100,100
44.5909,100,100
44.5897,100,100
44.5885,100,100
44.5874,100,100
44.5862,100,100
44.585,100,100
44.5838,100,100
44.5827,100,100
44.5815,100,100
44.5803,100,100
44.5792,100,100
44.578,100,100
44.5768,100,100
44.5757,100,100
44.5745,100,100
44.5733,100,100
44.5721,100,100
44.571,100,100
44.5698,100,100
44.5686,100,100
44.5675,100,100
44.5663,100,100
44.5651,100,100
44.564,100,100
44.5628,100,100
44.5616,100,100
44.5605,100,100
44.5593,100,100
44.5581,100,100
44.5569,100,100
44.5558,100,100
44.5546,100,100
44.5534,100,100
44.5523,100,100
44.5511,100,100
44.5499,100,100
44.5488,100,100
44.5476,100,100
44.5464,100,100
44.5452,100,100
44.5441,100,100
44.5429,100,100
44.5417,100,100
44.5406,100,100
44.5394,100,100
44.5382,100,100
44.5371,100,100
44.5359,100,100
44.5347,100,100
44.5335,100,100
44.5324,100,100
44.5312,100,100
44.53,100,100
44.5289,100,100
44.5277,100,100
44.5265,100,100
44.5254,100,100
44.5242,100,100
44.523,100,100
44.5218,100,100
44.5207,100,100
44.5195,100,100
44.5183,100,100
44.5172,100,100
44.516,100,100
44.5148,100,100
44.5137,100,100
44.5125,100,100
44.5113,100,100
44.5102,100,100
44.509,100,100
44.5078,100,100
44.5066,100,100
44.5055,100,100
44.5043,100,100
44.5031,100,100
44.502,100,100
44.5008,100,100
44.4996,100,100
44.4985,100,100
44.4973,100,100
44.4961,100,100
44.4949,100,100
44.4938,100,100
44.4926,100,100
44.4914,100,100
44.4903,100,100
44.4891,100,100
44.4879,100,100
44.4868,100,100
44.4856,100,100
44.4844,100,100
44.4832,100,100
44.4821,100,100
44.4809,100,100
44.4797,100,100
44.4786,100,100
44.4774,100,100
44.4762,100,100
44.4751,100,100
44.4739,100,100
44.4727,100,100
44.4715,100,100
44.4704,100,100
44.4692,100,100
44.468,100,100
44.4669,100,100
44.4657,100,100
44.4645,100,100
44.4634,100,100
44.4622,100,100
44.461,100,100
44.4599,100,100
44.4587,100,100
44.4575,100,100
44.4563,100,100
44.4552,100,100
44.454,100,100
44.4528,100,100
44.4517,100,100
44.4505,100,100
44.4493,100,100
44.4482,100,100
44.447,100,100
44.4458,100,100
44.4446,100,100
44.4435,100,100
44.4423,100,100
44.4411,100,100
44.44,100,100
44.4388,100,100
44.4376,100,100
44.4365,100,100
44.4353,100,100
44.4341,100,100
44.4329,100,100
44.4318,100,100
44.4306,100,100
44.4294,100,100
44.4283,100,100
44.4271,100,100
44.4259,100,100
44.4248,100,100
44.4236,100,100
44.4224,100,100
44.4212,100,100
44.4201,100,100
44.4189,100,100
44.4177,100,100
44.4166,100,100
44.4154,100,100
44.4142,100,100
44.4131,100,100
44.4119,100,100
44.4107,100,100
44.4095,100,100
44.4084,100,100
44.4072,100,100
44.406,100,100
44.4049,100,100
44.4037,100,100
44.4025,100,100
44.4014,100,100
44.4002,100,100
44.399,100,100
44.3979,100,100
44.3967,100,100
44.3955,100,100
44.3943,100,100
44.3932,100,100
44.392,100,100
44.3908,100,100
44.3897,100,100
44.3885,100,100
44.3873,100,100
44.3862,100,100
44.385,100,100
44.3838,100,100
44.3826,100,100
44.3815,100,100
44.3803,100,100
44.3791,100,100
44.378,100,100
44.3768,100,100
44.3756,100,100
44.3745,100,100
44.3733,100,100
44.3721,100,100
44.3709,100,100
44.3698,100,100
44.3686,100,100
44.3674,100,100
44.3663,100,100
44.3651,100,100
44.3639,100,100
44.3628,100,100
44.3616,100,100
44.3604,100,100
44.3592,100,100
44.3581,100,100
44.3569,100,100
44.3557,100,100
44.3546,100,100
44.3534,100,100
44.3522,100,100
44.3511,100,100
44.3499,100,100
44.3487,100,100
44.3476,100,100
44.3464,100,100
44.3452,100,100
44.344,100,100
44.3429,100,100
44.3417,100,100
44.3405,100,100
44.3394,100,100
44.3382,100,100
44.337,100,100
44.3359,100,100
44.3347,100,100
44.3335,100,100
44.3323,100,100
44.3312,100,100
44.33,100,100
44.3288,100,100
44.3277,100,100
44.3265,100,100
44.3253,100,100
44.3242,100,100
44.323,100,100
44.3218,100,100
44.3206,100,100
44.3195,100,100
44.3183,100,100
44.3171,100,100
44.316,100,100
44.3148,100,100
44.3136,100,100
44.3125,100,100
44.3113,100,100
44.3101,100,100
44.3089,100,100
44.3078,100,100
44.3066,100,100
44.3054,100,100
44.3043,100,100
44.3031,100,100
44.3019,100,100
44.3008,100,100
44.2996,100,100
44.2984,100,100
44.2972,100,100
44.2961,100,100
44.2949,100,100
44.2937,100,100
44.2926,100,100
44.2914,100,100
44.2902,100,100
44.2891,100,100
44.2879,100,100
44.2867,100,100
44.2856,100,100
44.2844,100,100
44.2832,100,100
44.282,100,100
44.2809,100,100
44.2797,100,100
44.2785,100,100
44.2774,100,100
44.2762,100,100
44.275,100,100
44.2739,100,100
44.2727,100,100
44.2715,100,100
44.2703,100,100
44.2692,100,100
44.268,100,100
44.2668,100,100
44.2657,100,100
44.2645,100,100
44.2633,100,100
44.2622,100,100
44.261,100,100
44.2598,100,100
44.2586,100,100
44.2575,100,100
44.2563,100,100
44.2551,100,100
44.254,100,100
44.2528,100,100
44.2516,100,100
44.2505,100,100
44.2493,100,100
44.2481,100,100
44.2469,100,100
44.2458,100,100
44.2446,100,100
44.2434,100,100
44.2423,100,100
44.2411,100,100
44.2399,100,100
44.2388,100,100
44.2376,100,100
44.2364,100,100
44.2353,100,100
44.2341,100,100
44.2329,100,100
44.2317,100,100
44.2306,100,100
44.2294,100,100
44.2282,100,100
44.2271,100,100
44.2259,100,100
44.2247,100,100
44.2236,100,100
44.2224,100,100
44.2212,100,100
44.22,100,100
44.2189,100,100
44.2177,100,100
44.2165,100,100
44.2154,100,100
44.2142,100,100
44.213,100,100
44.2119,100,100
44.2107,100,100
44.2095,100,100
44.2083,100,100
44.2072,100,100
44.206,100,100
44.2048,100,100
44.2037,100,100
44.2025,100,100
44.2013,100,100
44.2002,100,100
44.199,100,100
44.1978,100,100
44.1966,100,100
44.1955,100,100
44.1943,100,100
44.1931,100,100
44.192,100,100
44.1908,100,100
44.1896,100,100
44.1885,100,100
44.1873,100,100
44.1861,100,100
44.185,100,100
44.1838,100,100
44.1826,100,100
44.1814,100,100
44.1803,100,100
44.1791,100,100
44.1779,100,100
44.1768,100,100
44.1756,100,100
44.1744,100,100
44.1733,100,100
44.1721,100,100
44.1709,100,100
44.1697,100,100
44.1686,100,100
44.1674,100,100
44.1662,100,100
44.1651,100,100
44.1639,100,100
44.1627,100,100
44.1616,100,100
44.1604,100,100
44.1592,100,100
44.158,100,100
44.1569,100,100
44.1557,100,100
44.1545,100,100
44.1534,100,100
44.1522,100,100
44.151,100,100
44.1499,100,100
44.1487,100,100
44.1475,100,100
44.1463,100,100
44.1452,100,100
44.144,100,100
44.1428,100,100
44.1417,100,100
44.1405,100,100
44.1393,100,100
44.1382,100,100
44.137,100,100
44.1358,100,100
44.1346,100,100
44.1335,100,100
44.1323,100,100
44.1311,100,100
44.13,100,100
44.1288,100,100
44.1276,100,100
44.1265,100,100
44.1253,100,100
44.1241,100,100
44.123,100,100
44.1218,100,100
44.1206,100,100
44.1194,100,100
44.1183,100,100
44.1171,100,100
44.1159,100,100
44.1148,100,100
44.1136,100,100
44.1124,100,100
44.1113,100,100
44.1101,100,100
44.1089,100,100
44.1077,100,100
44.1066,100,100
44.1054,100,100
44.1042,100,100
44.1031,100,100
44.1019,100,100
44.1007,100,100
44.0996,100,100
44.0984,100,100
44.0972,100,100
44.096,100,100
44.0949,100,100
44.0937,100,100
44.0925,100,100
44.0914,100,100
44.0902,100,100
44.089,100,100
44.0879,100,100
44.0867,100,100
44.0855,100,100
44.0843,100,100
44.0832,100,100
44.082,100,100
44.0808,100,100
44.0797,100,100
44.0785,100,100
44.0773,100,100
44.0762,100,100
44.075,100,100
44.0738,100,100
44.0727,100,100
44.0715,100,100
44.0703,100,100
44.0691,100,100
44.068,100,100
44.0668,100,100
44.0656,100,100
44.0645,100,100
44.0633,100,100
44.0621,100,100
44.061,100,100
44.0598,100,100
44.0586,100,100
44.0574,100,100
44.0563,100,100
44.0551,100,100
44.0539,100,100
44.0528,100,100
44.0516,100,100
44.0504,100,100
44.0493,100,100
44.0481,100,100
44.0469,100,100
44.0457,100,100
44.0446,100,100
44.0434,100,100
44.0422,100,100
44.0411,100,100
44.0399,100,100
44.0387,100,100
44.0376,100,100
44.0364,100,100
44.0352,100,100
44.034,100,100
44.0329,100,100
44.0317,100,100
44.0305,100,100
44.0294,100,100
44.0282,100,100
44.027,100,100
44.0259,100,100
44.0247,100,100
44.0235,100,100
44.0224,100,100
44.0212,100,100
44.02,100,100
44.0188,100,100
44.0177,100,100
44.0165,100,100
44.0153,100,100
44.0142,100,100
44.013,100,100
44.0118,100,100
44.0107,100,100
44.0095,100,100
44.0083,100,100
44.0071,100,100
44.006,100,100
44.0048,100,100
44.0036,100,100
44.0025,100,100
44.0013,100,100
44.0001,100,100
43.999,100,100
43.9978,100,100
43.9966,100,100
43.9954,100,100
43.9943,100,100
43.9931,100,100
43.9919,100,100
43.9908,100,100
43.9896,100,100
43.9884,100,100
43.9873,100,100
43.9861,100,100
43.9849,100,100
43.9837,100,100
43.9826,100,100
43.9814,100,100
43.9802,100,100
43.9791,100,100
43.9779,100,100
43.9767,100,100
43.9756,100,100
43.9744,100,100
43.9732,100,100
43.972,100,100
43.9709,100,100
43.9697,100,100
43.9685,100,100
43.9674,100,100
43.9662,100,100
43.965,100,100
43.9639,100,100
43.9627,100,100
43.9615,100,100
43.9604,100,100
43.9592,100,100
43.958,100,100
43.9568,100,100
43.9557,100,100
43.9545,100,100
43.9533,100,100
43.9522,100,100
43.951,100,100
43.9498,100,100
43.9487,100,100
43.9475,100,100
43.9463,100,100
43.9451,100,100
43.944,100,100
43.9428,100,100
43.9416,100,100
43.9405,100,100
43.9393,100,100
43.9381,100,100
43.937,100,100
43.9358,100,100
43.9346,100,100
43.9334,100,100
43.9323,100,100
43.9311,100,100
43.9299,100,100
43.9288,100,100
43.9276,100,100
43.9264,100,100
43.9253,100,100
43.9241,100,100
43.9229,100,100
43.9217,100,100
43.9206,100,100
43.9194,100,100
43.9182,100,100
43.9171,100,100
43.9159,100,100
43.9147,100,100
43.9136,100,100
43.9124,100,100
43.9112,100,100
43.9101,100,100
43.9089,100,100
43.9077,100,100
43.9065,100,100
43.9054,100,100
43.9042,100,100
43.903,100,100
43.9019,100,100
43.9007,100,100
43.8995,100,100
43.8984,100,100
43.8972,100,100
43.896,100,100
43.8948,100,100
43.8937,100,100
43.8925,100,100
43.8913,100,100
43.8902,100,100
43.889,100,100
43.8878,100,100
43.8867,100,100
43.8855,100,100
43.8843,100,100
43.8831,100,100
43.882,100,100
43.8808,100,100
43.8796,100,100
43.8785,100,100
43.8773,100,100
43.8761,100,100
43.875,100,100
43.8738,100,100
43.8726,100,100
43.8714,100,100
43.8703,100,100
43.8691,100,100
43.8679,100,100
43.8668,100,100
43.8656,100,100
43.8644,100,100
43.8633,100,100
43.8621,100,100
43.8609,100,100
43.8598,100,100
43.8586,100,100
43.8574,100,100
43.8562,100,100
43.8551,100,100
43.8539,100,100
43.8527,100,100
43.8516,100,100
43.8504,100,100
43.8492,100,100
43.8481,100,100
43.8469,100,100
43.8457,100,100
43.8445,100,100
43.8434,100,100
43.8422,100,100
43.841,100,100
43.8399,100,100
43.8387,100,100
43.8375,100,100
43.8364,100,100
43.8352,100,100
43.834,100,100
43.8328,100,100
43.8317,100,100
43.8305,100,100
43.8293,100,100
43.8282,100,100
43.827,100,100
43.8258,100,100
43.8247,100,100
43.8235,100,100
43.8223,100,100
43.8211,100,100
43.82,100,100
43.8188,100,100
43.8176,100,100
43.8165,100,100
43.8153,100,100
43.8141,100,100
43.813,100,100
43.8118,100,100
43.8106,100,100
43.8094,100,100
43.8083,100,100
43.8071,100,100
43.8059,100,100
43.8048,100,100
43.8036,100,100
43.8024,100,100
43.8013,100,100
43.8001,100,100
43.7989,100,100
43.7978,100,100
43.7966,100,100
43.7954,100,100
43.7942,100,100
43.7931,100,100
43.7919,100,100
43.7907,100,100
43.7896,100,100
43.7884,100,100
43.7872,100,100
43.7861,100,100
43.7849,100,100
43.7837,100,100
43.7825,100,100
43.7814,100,100
43.7802,100,100
43.779,100,100
43.7779,100,100
43.7767,100,100
43.7755,100,100
43.7744,100,100
43.7732,100,100
43.772,100,100
43.7708,100,100
43.7697,100,100
43.7685,100,100
43.7673,100,100
43.7662,100,100
43.765,100,100
43.7638,100,100
43.7627,100,100
43.7615,100,100
43.7603,100,100
43.7591,100,100
43.758,100,100
43.7568,100,100
43.7556,100,100
43.7545,100,100
43.7533,100,100
43.7521,100,100
43.751,100,100
43.7498,100,100
43.7486,100,100
43.7475,100,100
43.7463,100,100
43.7451,100,100
43.7439,100,100
43.7428,100,100
43.7416,100,100
43.7404,100,100
43.7393,100,100
43.7381,100,100
43.7369,100,100
43.7358,100,100
43.7346,100,100
43.7334,100,100
43.7322,100,100
43.7311,100,100
43.7299,100,100
43.7287,100,100
43.7276,100,100
43.7264,100,100
43.7252,100,100
43.7241,100,100
43.7229,100,100
43.7217,100,100
43.7205,100,100
43.7194,100,100
43.7182,100,100
43.717,100,100
43.7159,100,100
43.7147,100,100
43.7135,100,100
43.7124,100,100
43.7112,100,100
43.71,100,100
43.7088,100,100
43.7077,100,100
43.7065,100,100
43.7053,100,100
43.7042,100,100
43.703,100,100
43.7018,100,100
43.7007,100,100
43.6995,100,100
43.6983,100,100
43.6972,100,100
43.696,100,100
43.6948,100,100
43.6936,100,100
43.6925,100,100
43.6913,100,100
43.6901,100,100
43.689,100,100
43.6878,100,100
43.6866,100,100
43.6855,100,100
43.6843,100,100
43.6831,100,100
43.6819,100,100
43.6808,100,100
43.6796,100,100
43.6784,100,100
43.6773,100,100
43.6761,100,100
43.6749,100,100
43.6738,100,100
43.6726,100,100
43.6714,100,100
43.6702,100,100
43.6691,100,100
43.6679,100,100
43.6667,100,100
43.6656,100,100
43.6644,100,100
43.6632,100,100
43.6621,100,100
43.6609,100,100
43.6597,100,100
43.6585,100,100
43.6574,100,100
43.6562,100,100
43.655,100,100
43.6539,100,100
43.6527,100,100
43.6515,100,100
43.6504,100,100
43.6492,100,100
43.648,100,100
43.6468,100,100
43.6457,100,100
43.6445,100,100
43.6433,100,100
43.6422,100,100
43.641,100,100
43.6398,100,100
43.6387,100,100
43.6375,100,100
43.6363,100,100
43.6352,100,100
43.634,100,100
43.6328,100,100
43.6316,100,100
43.6305,100,100
43.6293,100,100
43.6281,100,100
43.627,100,100
43.6258,100,100
43.6246,100,100
43.6235,100,100
43.6223,100,100
43.6211,100,100
43.6199,100,100
43.6188,100,100
43.6176,100,100
43.6164,100,100
43.6153,100,100
43.6141,100,100
43.6129,100,100
43.6118,100,100
43.6106,100,100
43.6094,100,100
43.6082,100,100
43.6071,100,100
43.6059,100,100
43.6047,100,100
43.6036,100,100
43.6024,100,100
43.6012,100,100
43.6001,100,100
43.5989,100,100
43.5977,100,100
43.5965,100,100
43.5954,100,100
43.5942,100,100
43.593,100,100
43.5919,100,100
43.5907,100,100
43.5895,100,100
43.5884,100,100
43.5872,100,100
43.586,100,100
43.5849,100,100
43.5837,100,100
43.5825,100,100
43.5813,100,100
43.5802,100,100
43.579,100,100
43.5778,100,100
43.5767,100,100
43.5755,100,100
43.5743,100,100
43.5732,100,100
43.572,100,100
43.5708,100,100
43.5696,100,100
43.5685,100,100
43.5673,100,100
43.5661,100,100
43.565,100,100
43.5638,100,100
43.5626,100,100
43.5615,100,100
43.5603,100,100
43.5591,100,100
43.5579,100,100
43.5568,100,100
43.5556,100,100
43.5544,100,100
43.5533,100,100
43.5521,100,100
43.5509,100,100
43.5498,100,100
43.5486,100,100
43.5474,100,100
43.5462,100,100
43.5451,100,100
43.5439,100,100
43.5427,100,100
43.5416,100,100
43.5404,100,100
43.5392,100,100
43.5381,100,100
43.5369,100,100
43.5357,100,100
43.5345,100,100
43.5334,100,100
43.5322,100,100
43.531,100,100
43.5299,100,100
43.5287,100,100
43.5275,100,100
43.5264,100,100
43.5252,100,100
43.524,100,100
43.5229,100,100
43.5217,100,100
43.5205,100,100
43.5193,100,100
43.5182,100,100
43.517,100,100
43.5158,100,100
43.5147,100,100
43.5135,100,100
43.5123,100,100
43.5112,100,100
43.51,100,100
43.5088,100,100
43.5076,100,100
43.5065,100,100
43.5053,100,100
43.5041,100,100
43.503,100,100
43.5018,100,100
43.5006,100,100
43.4995,100,100
43.4983,100,100
43.4971,100,100
43.4959,100,100
43.4948,100,100
43.4936,100,100
43.4924,100,100
43.4913,100,100
43.4901,100,100
43.4889,100,100
43.4878,100,100
43.4866,100,100
43.4854,100,100
43.4842,100,100
43.4831,100,100
43.4819,100,100
43.4807,100,100
43.4796,100,100
43.4784,100,100
43.4772,100,100
43.4761,100,100
43.4749,100,100
43.4737,100,100
43.4726,100,100
43.4714,100,100
43.4702,100,100
43.469,100,100
43.4679,100,100
43.4667,100,100
43.4655,100,100
43.4644,100,100
43.4632,100,100
43.462,100,100
43.4609,100,100
43.4597,100,100
43.4585,100,100
43.4573,100,100
43.4562,100,100
43.455,100,100
43.4538,100,100
43.4527,100,100
43.4515,100,100
43.4503,100,100
43.4492,100,100
43.448,100,100
43.4468,100,100
43.4456,100,100
43.4445,100,100
43.4433,100,100
43.4421,100,100
43.441,100,100
43.4398,100,100
43.4386,100,100
43.4375,100,100
43.4363,100,100
43.4351,100,100
43.4339,100,100
43.4328,100,100
43.4316,100,100
43.4304,100,100
43.4293,100,100
43.4281,100,100
43.4269,100,100
43.4258,100,100
43.4246,100,100
43.4234,100,100
43.4223,100,100
43.4211,100,100
43.4199,100,100
43.4187,100,100
43.4176,100,100
43.4164,100,100
43.4152,100,100
43.4141,100,100
43.4129,100,100
43.4117,100,100
43.4106,100,100
43.4094,100,100
43.4082,100,100
43.407,100,100
43.4059,100,100
43.4047,100,100
43.4035,100,100
43.4024,100,100
43.4012,100,100
43.4,100,100
43.3989,100,100
43.3977,100,100
43.3965,100,100
43.3953,100,100
43.3942,100,100
43.393,100,100
43.3918,100,100
43.3907,100,100
43.3895,100,100
43.3883,100,100
43.3872,100,100
43.386,100,100
43.3848,100,100
43.3836,100,100
43.3825,100,100
43.3813,100,100
43.3801,100,100
43.379,100,100
43.3778,100,100
43.3766,100,100
43.3755,100,100
43.3743,100,100
43.3731,100,100
43.3719,100,100
43.3708,100,100
43.3696,100,100
43.3684,100,100
43.3673,100,100
43.3661,100,100
43.3649,100,100
43.3638,100,100
43.3626,100,100
43.3614,100,100
43.3603,100,100
43.3591,100,100
43.3579,100,100
43.3567,100,100
43.3556,100,100
43.3544,100,100
43.3532,100,100
43.3521,100,100
43.3509,100,100
43.3497,100,100
43.3486,100,100
43.3474,100,100
43.3462,100,100
43.345,100,100
43.3439,100,100
43.3427,100,100
43.3415,100,100
43.3404,100,100
43.3392,100,100
43.338,100,100
43.3369,100,100
43.3357,100,100
43.3345,100,100
43.3333,100,100
43.3322,100,100
43.331,100,100
43.3298,100,100
43.3287,100,100
43.3275,100,100
43.3263,100,100
43.3252,100,100
43.324,100,100
43.3228,100,100
43.3216,100,100
43.3205,100,100
43.3193,100,100
43.3181,100,100
43.317,100,100
43.3158,100,100
43.3146,100,100
43.3135,100,100
43.3123,100,100
43.3111,100,100
43.31,100,100
43.3088,100,100
43.3076,100,100
43.3064,100,100
43.3053,100,100
43.3041,100,100
43.3029,100,100
43.3018,100,100
43.3006,100,100
43.2994,100,100
43.2983,100,100
43.2971,100,100
43.2959,100,100
43.2947,100,100
43.2936,100,100
43.2924,100,100
43.2912,100,100
43.2901,100,100
43.2889,100,100
43.2877,100,100
43.2866,100,100
43.2854,100,100
43.2842,100,100
43.283,100,100
43.2819,100,100
43.2807,100,100
43.2795,100,100
43.2784,100,100
43.2772,100,100
43.276,100,100
43.2749,100,100
43.2737,100,100
43.2725,100,100
43.2713,100,100
43.2702,100,100
43.269,100,100
43.2678,100,100
43.2667,100,100
43.2655,100,100
43.2643,100,100
43.2632,100,100
43.262,100,100
43.2608,100,100
43.2597,100,100
43.2585,100,100
43.2573,100,100
43.2561,100,100
43.255,100,100
43.2538,100,100
43.2526,100,100
43.2515,100,100
43.2503,100,100
43.2491,100,100
43.248,100,100
43.2468,100,100
43.2456,100,100
43.2444,100,100
43.2433,100,100
43.2421,100,100
43.2409,100,100
43.2398,100,100
43.2386,100,100
43.2374,100,100
43.2363,100,100
43.2351,100,100
43.2339,100,100
43.2327,100,100
43.2316,100,100
43.2304,100,100
43.2292,100,100
43.2281,100,100
43.2269,100,100
43.2257,100,100
43.2246,100,100
43.2234,100,100
43.2222,100,100
43.221,100,100
43.2199,100,100
43.2187,100,100
43.2175,100,100
43.2164,100,100
43.2152,100,100
43.214,100,100
43.2129,100,100
43.2117,100,100
43.2105,100,100
43.2093,100,100
43.2082,100,100
43.207,100,100
43.2058,100,100
43.2047,100,100
43.2035,100,100
43.2023,100,100
43.2012,100,100
43.2,100,100
43.1988,100,100
43.1977,100,100
43.1965,100,100
43.1953,100,100
43.1941,100,100
43.193,100,100
43.1918,100,100
43.1906,100,100
43.1895,100,100
43.1883,100,100
43.1871,100,100
43.186,100,100
43.1848,100,100
43.1836,100,100
43.1824,100,100
43.1813,100,100
43.1801,100,100
43.1789,100,100
43.1778,100,100
43.1766,100,100
43.1754,100,100
43.1743,100,100
43.1731,100,100
43.1719,100,100
43.1707,100,100
43.1696,100,100
43.1684,100,100
43.1672,100,100
43.1661,100,100
43.1649,100,100
43.1637,100,100
43.1626,100,100
43.1614,100,100
43.1602,100,100
43.159,100,100
43.1579,100,100
43.1567,100,100
43.1555,100,100
43.1544,100,100
43.1532,100,100
43.152,100,100
43.1509,100,100
43.1497,100,100
43.1485,100,100
43.1474,100,100
43.1462,100,100
43.145,100,100
43.1438,100,100
43.1427,100,100
43.1415,100,100
43.1403,100,100
43.1392,100,100
43.138,100,100
43.1368,100,100
43.1357,100,100
43.1345,100,100
43.1333,100,100
43.1321,100,100
43.131,100,100
43.1298,100,100
43.1286,100,100
43.1275,100,100
43.1263,100,100
43.1251,100,100
43.124,100,100
43.1228,100,100
43.1216,100,100
43.1204,100,100
43.1193,100,100
43.1181,100,100
43.1169,100,100
43.1158,100,100
43.1146,100,100
43.1134,100,100
43.1123,100,100
43.1111,100,100
43.1099,100,100
43.1087,100,100
43.1076,100,100
43.1064,100,100
43.1052,100,100
43.1041,100,100
43.1029,100,100
43.1017,100,100
43.1006,100,100
43.0994,100,100
43.0982,100,100
43.0971,100,100
43.0959,100,100
43.0947,100,100
43.0935,100,100
43.0924,100,100
43.0912,100,100
43.09,100,100
43.0889,100,100
43.0877,100,100
43.0865,100,100
43.0854,100,100
43.0842,100,100
43.083,100,100
43.0818,100,100
43.0807,100,100
43.0795,100,100
43.0783,100,100
43.0772,100,100
43.076,100,100
43.0748,100,100
43.0737,100,100
43.0725,100,100
43.0713,100,100
43.0701,100,100
43.069,100,100
43.0678,100,100
43.0666,100,100
43.0655,100,100
43.0643,100,100
43.0631,100,100
43.062,100,100
43.0608,100,100
43.0596,100,100
43.0584,100,100
43.0573,100,100
43.0561,100,100
43.0549,100,100
43.0538,100,100
43.0526,100,100
43.0514,100,100
43.0503,100,100
43.0491,100,100
43.0479,100,100
43.0467,100,100
43.0456,100,100
43.0444,100,100
43.0432,100,100
43.0421,100,100
43.0409,100,100
43.0397,100,100
43.0386,100,100
43.0374,100,100
43.0362,100,100
43.0351,100,100
43.0339,100,100
43.0327,100,100
43.0315,100,100
43.0304,100,100
43.0292,100,100
43.028,100,100
43.0269,100,100
43.0257,100,100
43.0245,100,100
43.0234,100,100
43.0222,100,100
43.021,100,100
43.0198,100,100
43.0187,100,100
43.0175,100,100
43.0163,100,100
43.0152,100,100
43.014,100,100
43.0128,100,100
43.0117,100,100
43.0105,100,100
43.0093,100,100
43.0081,100,100
43.007,100,100
43.0058,100,100
43.0046,100,100
43.0035,100,100
43.0023,100,100
43.0011,100,100
43,100,100
42.9988,100,100
42.9976,100,100
42.9964,100,100
42.9953,100,100
42.9941,100,100
42.9929,100,100
42.9918,100,100
42.9906,100,100
42.9894,100,100
42.9883,100,100
42.9871,100,100
42.9859,100,100
42.9848,100,100
42.9836,100,100
42.9824,100,100
42.9812,100,100
42.9801,100,100
42.9789,100,100
42.9777,100,100
42.9766,100,100
42.9754,100,100
42.9742,100,100
42.9731,100,100
42.9719,100,100
42.9707,100,100
42.9695,100,100
42.9684,100,100
42.9672,100,100
42.966,100,100
42.9649,100,100
42.9637,100,100
42.9625,100,100
42.9614,100,100
42.9602,100,100
42.959,100,100
42.9578,100,100
42.9567,100,100
42.9555,100,100
42.9543,100,100
42.9532,100,100
42.952,100,100
42.9508,100,100
42.9497,100,100
42.9485,100,100
42.9473,100,100
42.9461,100,100
42.945,100,100
42.9438,100,100
42.9426,100,100
42.9415,100,100
42.9403,100,100
42.9391,100,100
42.938,100,100
42.9368,100,100
42.9356,100,100
42.9345,100,100
42.9333,100,100
42.9321,100,100
42.9309,100,100
42.9298,100,100
42.9286,100,100
42.9274,100,100
42.9263,100,100
42.9251,100,100
42.9239,100,100
42.9228,100,100
42.9216,100,100
42.9204,100,100
42.9192,100,100
42.9181,100,100
42.9169,100,100
42.9157,100,100
42.9146,100,100
42.9134,100,100
42.9122,100,100
42.9111,100,100
42.9099,100,100
42.9087,100,100
42.9075,100,100
42.9064,100,100
42.9052,100,100
42.904,100,100
42.9029,100,100
42.9017,100,100
42.9005,100,100
42.8994,100,100
42.8982,100,100
42.897,100,100
42.8958,100,100
42.8947,100,100
42.8935,100,100
42.8923,100,100
42.8912,100,100
42.89,100,100
42.8888,100,100
42.8877,100,100
42.8865,100,100
42.8853,100,100
42.8841,100,100
42.883,100,100
42.8818,100,100
42.8806,100,100
42.8795,100,100
42.8783,100,100
42.8771,100,100
42.876,100,100
42.8748,100,100
42.8736,100,100
42.8725,100,100
42.8713,100,100
42.8701,100,100
42.8689,100,100
42.8678,100,100
42.8666,100,100
42.8654,100,100
42.8643,100,100
42.8631,100,100
42.8619,100,100
42.8608,100,100
42.8596,100,100
42.8584,100,100
42.8572,100,100
42.8561,100,100
42.8549,100,100
42.8537,100,100
42.8526,100,100
42.8514,100,100
42.8502,100,100
42.8491,100,100
42.8479,100,100
42.8467,100,100
42.8455,100,100
42.8444,100,100
42.8432,100,100
42.842,100,100
42.8409,100,100
42.8397,100,100
42.8385,100,100
42.8374,100,100
42.8362,100,100
42.835,100,100
42.8338,100,100
42.8327,100,100
42.8315,100,100
42.8303,100,100
42.8292,100,100
42.828,100,100
42.8268,100,100
42.8257,100,100
42.8245,100,100
42.8233,100,100
42.8222,100,100
42.821,100,100
42.8198,100,100
42.8186,100,100
42.8175,100,100
42.8163,100,100
42.8151,100,100
42.814,100,100
42.8128,100,100
42.8116,100,100
42.8105,100,100
42.8093,100,100
42.8081,100,100
42.8069,100,100
42.8058,100,100
42.8046,100,100
42.8034,100,100
42.8023,100,100
42.8011,100,100
42.7999,100,100
42.7988,100,100
42.7976,100,100
42.7964,100,100
42.7952,100,100
42.7941,100,100
42.7929,100,100
42.7917,100,100
42.7906,100,100
42.7894,100,100
42.7882,100,100
42.7871,100,100
42.7859,100,100
42.7847,100,100
42.7835,100,100
42.7824,100,100
42.7812,100,100
42.78,100,100
42.7789,100,100
42.7777,100,100
42.7765,100,100
42.7754,100,100
42.7742,100,100
42.773,100,100
42.7719,100,100
42.7707,100,100
42.7695,100,100
42.7683,100,100
42.7672,100,100
42.766,100,100
42.7648,100,100
42.7637,100,100
42.7625,100,100
42.7613,100,100
42.7602,100,100
42.759,100,100
42.7578,100,100
42.7566,100,100
42.7555,100,100
42.7543,100,100
42.7531,100,100
42.752,100,100
42.7508,100,100
42.7496,100,100
42.7485,100,100
42.7473,100,100
42.7461,100,100
42.7449,100,100
42.7438,100,100
42.7426,100,100
42.7414,100,100
42.7403,100,100
42.7391,100,100
42.7379,100,100
42.7368,100,100
42.7356,100,100
42.7344,100,100
42.7332,100,100
42.7321,100,100
42.7309,100,100
42.7297,100,100
42.7286,100,100
42.7274,100,100
42.7262,100,100
42.7251,100,100
42.7239,100,100
42.7227,100,100
42.7215,100,100
42.7204,100,100
42.7192,100,100
42.718,100,100
42.7169,100,100
42.7157,100,100
42.7145,100,100
42.7134,100,100
42.7122,100,100
42.711,100,100
42.7099,100,100
42.7087,100,100
42.7075,100,100
42.7063,100,100
42.7052,100,100
42.704,100,100
42.7028,100,100
42.7017,100,100
42.7005,100,100
42.6993,100,100
42.6982,100,100
42.697,100,100
42.6958,100,100
42.6946,100,100
42.6935,100,100
42.6923,100,100
42.6911,100,100
42.69,100,100
42.6888,100,100
42.6876,100,100
42.6865,100,100
42.6853,100,100
42.6841,100,100
42.6829,100,100
42.6818,100,100
42.6806,100,100
42.6794,100,100
42.6783,100,100
42.6771,100,100
42.6759,100,100
42.6748,100,100
42.6736,100,100
42.6725,100,100
42.6713,100,100
42.6701,100,100
42.669,100,100
42.6678,100,100
42.6666,100,100
42.6655,100,100
42.6643,100,100
42.6631,100,100
42.662,100,100
42.6608,100,100
42.6596,100,100
42.6585,100,100
42.6573,100,100
42.6562,100,100
42.655,100,100
42.6538,100,100
42.6527,100,100
42.6515,100,100
42.6503,100,100
42.6492,100,100
42.648,100,100
42.6468,100,100
42.6457,100,100
42.6445,100,100
42.6433,100,100
42.6422,100,100
42.641,100,100
42.6398,100,100
42.6387,100,100
42.6375,100,100
42.6364,100,100
42.6352,100,100
42.634,100,100
42.6329,100,100
42.6317,100,100
42.6305,100,100
42.6294,100,100
42.6282,100,100
42.627,100,100
42.6259,100,100
42.6247,100,100
42.6235,100,100
42.6224,100,100
42.6212,100,100
42.62,100,100
42.6189,100,100
42.6177,100,100
42.6166,100,100
42.6154,100,100
42.6142,100,100
42.6131,100,100
42.6119,100,100
42.6107,100,100
42.6096,100,100
42.6084,100,100
42.6072,100,100
42.6061,100,100
42.6049,100,100
42.6037,100,100
42.6026,100,100
42.6014,100,100
42.6003,100,100
42.5991,100,100
42.5979,100,100
42.5968,100,100
42.5956,100,100
42.5944,100,100
42.5933,100,100
42.5921,100,100
42.5909,100,100
42.5898,100,100
42.5886,100,100
42.5874,100,100
42.5863,100,100
42.5851,100,100
42.5839,100,100
42.5828,100,100
42.5816,100,100
42.5805,100,100
42.5793,100,100
42.5781,100,100
42.577,100,100
42.5758,100,100
42.5746,100,100
42.5735,100,100
42.5723,100,100
42.5711,100,100
42.57,100,100
42.5688,100,100
42.5676,100,100
42.5665,100,100
42.5653,100,100
42.5641,100,100
42.5631,100,100
42.562,100,100
42.5609,100,100
42.5598,100,100
42.5587,100,100
42.5577,100,100
42.5566,100,100
42.5555,100,100
42.5544,100,100
42.5534,100,100
42.5523,100,100
42.5512,100,100
42.5501,100,100
42.549,100,100
42.548,100,100
42.5469,100,100
42.5458,100,100
42.5447,100,100
42.5437,100,100
42.5426,100,100
42.5415,100,100
42.5404,100,100
42.5393,100,100
42.5383,100,100
42.5372,100,100
42.5361,100,100
42.535,100,100
42.5339,100,100
42.5329,100,100
42.5318,100,100
42.5307,100,100
42.5296,100,100
42.5286,100,100
42.5275,100,100
42.5264,100,100
42.5253,100,100
42.5242,100,100
42.5232,100,100
42.5221,100,100
42.521,100,100
42.5199,100,100
42.5189,100,100
42.5178,100,100
42.5167,100,100
42.5156,100,100
42.5145,100,100
42.5135,100,100
42.5124,100,100
42.5113,100,100
42.5102,100,100
42.5092,100,100
42.5081,100,100
42.507,100,100
42.5059,100,100
42.5048,100,100
42.5038,100,100
42.5027,100,100
42.5016,100,100
42.5005,100,100
42.4994,100,100
42.4984,100,100
42.4973,100,100
42.4962,100,100
42.4951,100,100
42.4941,100,100
42.493,100,100
42.4919,100,100
42.4908,100,100
42.4897,100,100
42.4887,100,100
42.4876,100,100
42.4865,100,100
42.4854,100,100
42.4844,100,100
42.4833,100,100
42.4822,100,100
42.4811,100,100
42.48,100,100
42.479,100,100
42.4779,100,100
42.4768,100,100
42.4757,100,100
42.4747,100,100
42.4736,100,100
42.4725,100,100
42.4714,100,100
42.4703,100,100
42.4693,100,100
42.4682,100,100
42.4671,100,100
42.466,100,100
42.465,100,100
42.4639,100,100
42.4628,100,100
42.4617,100,100
42.4606,100,100
42.4596,100,100
42.4585,100,100
42.4574,100,100
42.4563,100,100
42.4554,100,100
42.4544,100,100
42.4534,100,100
42.4525,100,100
42.4515,100,100
42.4506,100,100
42.4496,100,100
42.4487,100,100
42.4477,100,100
42.4468,100,100
42.4458,100,100
42.4449,100,100
42.4439,100,100
42.443,100,100
42.442,100,100
42.4411,100,100
42.4401,100,100
42.4392,100,100
42.4382,100,100
42.4373,100,100
42.4363,100,100
42.4353,100,100
42.4344,100,100
42.4334,100,100
42.4325,100,100
42.4315,100,100
42.4306,100,100
42.4296,100,100
42.4287,100,100
42.4277,100,100
42.4268,100,100
42.4258,100,100
42.4249,100,100
42.4239,100,100
42.423,100,100
42.422,100,100
42.4211,100,100
42.4201,100,100
42.4192,100,100
42.4182,100,100
42.4172,100,100
42.4163,100,100
42.4153,100,100
42.4144,100,100
42.4134,100,100
42.4125,100,100
42.4115,100,100
42.4106,100,100
42.4096,100,100
42.4087,100,100
42.4077,100,100
42.4068,100,100
42.4058,100,100
42.4049,100,100
42.4039,100,100
42.403,100,100
42.402,100,100
42.4011,100,100
42.4001,100,100
42.3992,100,100
42.3982,100,100
42.3972,100,100
42.3963,100,100
42.3953,100,100
42.3944,100,100
42.3934,100,100
42.3925,100,100
42.3915,100,100
42.3906,100,100
42.3896,100,100
42.3887,100,100
42.3877,100,100
42.3868,100,100
42.3858,100,100
42.3849,100,100
42.3839,100,100
42.383,100,100
42.382,100,100
42.3811,100,100
42.3801,100,100
42.3791,100,100
42.3782,100,100
42.3772,100,100
42.3763,100,100
42.3753,100,100
42.3744,100,100
42.3734,100,100
42.3725,100,100
42.3715,100,100
42.3706,100,100
42.3696,100,100
42.3687,100,100
42.3677,100,100
42.3668,100,100
42.3658,100,100
42.3649,100,100
42.3639,100,100
42.363,100,100
42.362,100,100
42.361,100,100
42.3602,100,100
42.3594,100,100
42.3586,100,100
42.3578,100,100
42.3569,100,100
42.3561,100,100
42.3553,100,100
42.3545,100,100
42.3537,100,100
42.3529,100,100
42.352,100,100
42.3512,100,100
42.3504,100,100
42.3496,100,100
42.3488,100,100
42.348,100,100
42.3472,100,100
42.3463,100,100
42.3455,100,100
42.3447,100,100
42.3439,100,100
42.3431,100,100
42.3423,100,100
42.3414,100,100
42.3406,100,100
42.3398,100,100
42.339,100,100
42.3382,100,100
42.3374,100,100
42.3365,100,100
42.3357,100,100
42.3349,100,100
42.3341,100,100
42.3333,100,100
42.3325,100,100
42.3316,100,100
42.3308,100,100
42.33,100,100
42.3292,100,100
42.3284,100,100
42.3276,100,100
42.3267,100,100
42.3259,100,100
42.3251,100,100
42.3243,100,100
42.3235,100,100
42.3227,100,100
42.3218,100,100
42.321,100,100
42.3202,100,100
42.3194,100,100
42.3186,100,100
42.3178,100,100
42.317,100,100
42.3161,100,100
42.3153,100,100
42.3145,100,100
42.3137,100,100
42.3129,100,100
42.3121,100,100
42.3112,100,100
42.3104,100,100
42.3096,100,100
42.3088,100,100
42.308,100,100
42.3072,100,100
42.3063,100,100
42.3055,100,100
42.3047,100,100
42.3039,100,100
42.3031,100,100
42.3023,100,100
42.3014,100,100
42.3006,100,100
42.2998,100,100
42.299,100,100
42.2982,100,100
42.2974,100,100
42.2965,100,100
42.2957,100,100
42.2949,100,100
42.2941,100,100
42.2933,100,100
42.2925,100,100
42.2917,100,100
42.2908,100,100
42.29,100,100
42.2892,100,100
42.2884,100,100
42.2876,100,100
42.2868,100,100
42.2859,100,100
42.2851,100,100
42.2843,100,100
42.2835,100,100
42.2827,100,100
42.2819,100,100
42.281,100,100
42.2802,100,100
42.2794,100,100
42.2787,100,100
42.278,100,100
42.2773,100,100
42.2765,100,100
42.2758,100,100
42.2751,100,100
42.2744,100,100
42.2737,100,100
42.273,100,100
42.2723,100,100
42.2716,100,100
42.2709,100,100
42.2701,100,100
42.2694,100,100
42.2687,100,100
42.268,100,100
42.2673,100,100
42.2666,100,100
42.2659,100,100
42.2652,100,100
42.2644,100,100
42.2637,100,100
42.263,100,100
42.2623,100,100
42.2616,100,100
42.2609,100,100
42.2602,100,100
42.2595,100,100
42.2588,100,100
42.258,100,100
42.2573,100,100
42.2566,100,100
42.2559,100,100
42.2552,100,100
42.2545,100,100
42.2538,100,100
42.2531,100,100
42.2523,100,100
42.2516,100,100
42.2509,100,100
42.2502,100,100
42.2495,100,100
42.2488,100,100
42.2481,100,100
42.2474,100,100
42.2467,100,100
42.2459,100,100
42.2452,100,100
42.2445,100,100
42.2438,100,100
42.2431,100,100
42.2424,100,100
42.2417,100,100
42.241,100,100
42.2402,100,100
42.2395,100,100
42.2388,100,100
42.2381,100,100
42.2374,100,100
42.2367,100,100
42.236,100,100
42.2353,100,100
42.2346,100,100
42.2338,100,100
42.2331,100,100
42.2324,100,100
42.2317,100,100
42.231,100,100
42.2303,100,100
42.2296,100,100
42.2289,100,100
42.2281,100,100
42.2274,100,100
42.2267,100,100
42.226,100,100
42.2253,100,100
42.2246,100,100
42.2239,100,100
42.2232,100,100
42.2225,100,100
42.2217,100,100
42.221,100,100
42.2203,100,100
42.2196,100,100
42.2189,100,100
42.2182,100,100
42.2175,100,100
42.2168,100,100
42.216,100,100
42.2153,100,100
42.2146,100,100
42.2139,100,100
42.2132,100,100
42.2125,100,100
42.2118,100,100
42.2111,100,100
42.2104,100,100
42.2096,100,100
42.2089,100,100
42.2082,100,100
42.2076,100,100
42.2069,100,100
42.2063,100,100
42.2057,100,100
42.2051,100,100
42.2044,100,100
42.2038,100,100
42.2032,100,100
42.2025,100,100
42.2019,100,100
42.2013,100,100
42.2006,100,100
42.2,100,100
42.1994,100,100
42.1987,100,100
42.1981,100,100
42.1975,100,100
42.1969,100,100
42.1962,100,100
42.1956,100,100
42.195,100,100
42.1943,100,100
42.1937,100,100
42.1931,100,100
42.1924,100,100
42.1918,100,100
42.1912,100,100
42.1905,100,100
42.1899,100,100
42.1893,100,100
42.1887,100,100
42.188,100,100
42.1874,100,100
42.1868,100,100
42.1861,100,100
42.1855,100,100
42.1849,100,100
42.1842,100,100
42.1836,100,100
42.183,100,100
42.1823,100,100
42.1817,100,100
42.1811,100,100
42.1805,100,100
42.1798,100,100
42.1792,100,100
42.1786,100,100
42.1779,100,100
42.1773,100,100
42.1767,100,100
42.176,100,100
42.1754,100,100
42.1748,100,100
42.1741,100,100
42.1735,100,100
42.1729,100,100
42.1723,100,100
42.1716,100,100
42.171,100,100
42.1704,100,100
42.1697,100,100
42.1691,100,100
42.1685,100,100
42.1678,100,100
42.1672,100,100
42.1666,100,100
42.1659,100,100
42.1653,100,100
42.1647,100,100
42.1641,100,100
42.1634,100,100
42.1628,100,100
42.1622,100,100
42.1615,100,100
42.1609,100,100
42.1603,100,100
42.1596,100,100
42.159,100,100
42.1584,100,100
42.1578,100,100
42.1571,100,100
42.1565,100,100
42.1559,100,100
42.1552,100,100
42.1546,100,100
42.154,100,100
42.1533,100,100
42.1527,100,100
42.1521,100,100
42.1514,100,100
42.1508,100,100
42.1502,100,100
42.1496,100,100
42.1489,100,100
42.1483,100,100
42.1477,100,100
42.147,100,100
42.1464,100,100
42.1458,100,100
42.1451,100,100
42.1446,100,100
42.144,100,100
42.1434,100,100
42.1429,100,100
42.1423,100,100
42.1417,100,100
42.1411,100,100
42.1406,100,100
42.14,100,100
42.1394,100,100
42.1389,100,100
42.1383,100,100
42.1377,100,100
42.1372,100,100
42.1366,100,100
42.136,100,100
42.1355,100,100
42.1349,100,100
42.1343,100,100
42.1338,100,100
42.1332,100,100
42.1326,100,100
42.1321,100,100
42.1315,100,100
42.1309,100,100
42.1304,100,100
42.1298,100,100
42.1292,100,100
42.1286,100,100
42.1281,100,100
42.1275,100,100
42.1269,100,100
42.1264,100,100
42.1258,100,100
42.1252,100,100
42.1247,100,100
42.1241,100,100
42.1235,100,100
42.123,100,100
42.1224,100,100
42.1218,100,100
42.1213,100,100
42.1207,100,100
42.1201,100,100
42.1196,100,100
42.119,100,100
42.1184,100,100
42.1178,100,100
42.1173,100,100
42.1167,100,100
42.1161,100,100
42.1156,100,100
42.115,100,100
42.1144,100,100
42.1139,100,100
42.1133,100,100
42.1127,100,100
42.1122,100,100
42.1116,100,100
42.111,100,100
42.1105,100,100
42.1099,100,100
42.1093,100,100
42.1088,100,100
42.1082,100,100
42.1076,100,100
42.1071,100,100
42.1065,100,100
42.1059,100,100
42.1053,100,100
42.1048,100,100
42.1042,100,100
42.1036,100,100
42.1031,100,100
42.1025,100,100
42.1019,100,100
42.1014,100,100
42.1008,100,100
42.1002,100,100
42.0997,100,100
42.0991,100,100
42.0985,100,100
42.098,100,100
42.0974,100,100
42.0968,100,100
42.0963,100,100
42.0957,100,100
42.0951,100,100
42.0945,100,100
42.094,100,100
42.0934,100,100
42.0928,100,100
42.0923,100,100
42.0917,100,100
42.0911,100,100
42.0906,100,100
42.09,100,100
42.0894,100,100
42.0889,100,100
42.0883,100,100
42.0878,100,100
42.0872,100,100
42.0867,100,100
42.0862,100,100
42.0857,100,100
42.0852,100,100
42.0847,100,100
42.0841,100,100
42.0836,100,100
42.0831,100,100
42.0826,100,100
42.0821,100,100
42.0815,100,100
42.081,100,100
42.0805,100,100
42.08,100,100
42.0795,100,100
42.0789,100,100
42.0784,100,100
42.0779,100,100
42.0774,100,100
42.0769,100,100
42.0763,100,100
42.0758,100,100
42.0753,100,100
42.0748,100,100
42.0743,100,100
42.0737,100,100
42.0732,100,100
42.0727,100,100
42.0722,100,100
42.0717,100,100
42.0712,100,100
42.0706,100,100
42.0701,100,100
42.0696,100,100
42.0691,100,100
42.0686,100,100
42.068,100,100
42.0675,100,100
42.067,100,100
42.0665,100,100
42.066,100,100
42.0654,100,100
42.0649,100,100
42.0644,100,100
42.0639,100,100
42.0634,100,100
42.0628,100,100
42.0623,100,100
42.0618,100,100
42.0613,100,100
42.0608,100,100
42.0602,100,100
42.0597,100,100
42.0592,100,100
42.0587,100,100
42.0582,100,100
42.0577,100,100
42.0571,100,100
42.0566,100,100
42.0561,100,100
42.0556,100,100
42.0551,100,100
42.0545,100,100
42.054,100,100
42.0535,100,100
42.053,100,100
42.0525,100,100
42.0519,100,100
42.0514,100,100
42.0509,100,100
42.0504,100,100
42.0499,100,100
42.0493,100,100
42.0488,100,100
42.0483,100,100
42.0478,100,100
42.0473,100,100
42.0468,100,100
42.0462,100,100
42.0457,100,100
42.0452,100,100
42.0447,100,100
42.0442,100,100
42.0436,100,100
42.0431,100,100
42.0426,100,100
42.0421,100,100
42.0416,100,100
42.041,100,100
42.0405,100,100
42.04,100,100
42.0395,100,100
42.039,100,100
42.0384,100,100
42.0379,100,100
42.0374,100,100
42.0369,100,100
42.0364,100,100
42.0359,100,100
42.0354,100,100
42.0349,100,100
42.0344,100,100
42.034,100,100
42.0335,100,100
42.033,100,100
42.0325,100,100
42.0321,100,100
42.0316,100,100
42.0311,100,100
42.0306,100,100
42.0301,100,100
42.0297,100,100
42.0292,100,100
42.0287,100,100
42.0282,100,100
42.0277,100,100
42.0273,100,100
42.0268,100,100
42.0263,100,100
42.0258,100,100
42.0253,100,100
42.0249,100,100
42.0244,100,100
42.0239,100,100
42.0234,100,100
42.023,100,100
42.0225,100,100
42.022,100,100
42.0215,100,100
42.021,100,100
42.0206,100,100
42.0201,100,100
42.0196,100,100
42.0191,100,100
42.0186,100,100
42.0182,100,100
42.0177,100,100
42.0172,100,100
42.0167,100,100
42.0163,100,100
42.0158,100,100
42.0153,100,100
42.0148,100,100
42.0143,100,100
42.0139,100,100
42.0134,100,100
42.0129,100,100
42.0124,100,100
42.0119,100,100
42.0115,100,100
42.011,100,100
42.0105,100,100
42.01,100,100
42.0095,100,100
42.0091,100,100
42.0086,100,100
42.0081,100,100
42.0076,100,100
42.0072,100,100
42.0067,100,100
42.0062,100,100
42.0057,100,100
42.0052,100,100
42.0048,100,100
42.0043,100,100
42.0038,100,100
42.0033,100,100
42.0028,100,100
42.0024,100,100
42.0019,100,100
42.0014,100,100
42.0009,100,100
42.0005,100,100
42,100,100
41.9995,100,100
41.999,100,100
41.9985,100,100
41.9981,100,100
41.9976,100,100
41.9971,100,100
41.9966,100,100
41.9961,100,100
41.9957,100,100
41.9952,100,100
41.9947,100,100
41.9942,100,100
41.9937,100,100
41.9933,100,100
41.9928,100,100
41.9923,100,100
41.9918,100,100
41.9914,100,100
41.9909,100,100
41.9904,100,100
41.9899,100,100
41.9894,100,100
41.989,100,100
41.9885,100,100
41.988,100,100
41.9876,100,100
41.9871,100,100
41.9867,100,100
41.9862,100,100
41.9858,100,100
41.9854,100,100
41.9849,100,100
41.9845,100,100
41.984,100,100
41.9836,100,100
41.9831,100,100
41.9827,100,100
41.9822,100,100
41.9818,100,100
41.9813,100,100
41.9809,100,100
41.9804,100,100
41.98,100,100
41.9795,100,100
41.9791,100,100
41.9786,100,100
41.9782,100,100
41.9778,100,100
41.9773,100,100
41.9769,100,100
41.9764,100,100
41.976,100,100
41.9755,100,100
41.9751,100,100
41.9746,100,100
41.9742,100,100
41.9737,100,100
41.9733,100,100
41.9728,100,100
41.9724,100,100
41.9719,100,100
41.9715,100,100
41.9711,100,100
41.9706,100,100
41.9702,100,100
41.9697,100,100
41.9693,100,100
41.9688,100,100
41.9684,100,100
41.9679,100,100
41.9675,100,100
41.967,100,100
41.9666,100,100
41.9661,100,100
41.9657,100,100
41.9652,100,100
41.9648,100,100
41.9644,100,100
41.9639,100,100
41.9635,100,100
41.963,100,100
41.9626,100,100
41.9621,100,100
41.9617,100,100
41.9612,100,100
41.9608,100,100
41.9603,100,100
41.9599,100,100
41.9594,100,100
41.959,100,100
41.9585,100,100
41.9581,100,100
41.9576,100,100
41.9572,100,100
41.9568,100,100
41.9563,100,100
41.9559,100,100
41.9554,100,100
41.955,100,100
41.9545,100,100
41.9541,100,100
41.9536,100,100
41.9532,100,100
41.9527,100,100
41.9523,100,100
41.9518,100,100
41.9514,100,100
41.9509,100,100
41.9505,100,100
41.9501,100,100
41.9496,100,100
41.9492,100,100
41.9487,100,100
41.9483,100,100
41.9478,100,100
41.9474,100,100
41.9469,100,100
41.9465,100,100
41.946,100,100
41.9456,100,100
41.9451,100,100
41.9447,100,100
41.9442,100,100
41.9438,100,100
41.9434,100,100
41.943,100,100
41.9425,100,100
41.9421,100,100
41.9417,100,100
41.9413,100,100
41.9408,100,100
41.9404,100,100
41.94,100,100
41.9396,100,100
41.9392,100,100
41.9387,100,100
41.9383,100,100
41.9379,100,100
41.9375,100,100
41.9371,100,100
41.9366,100,100
41.9362,100,100
41.9358,100,100
41.9354,100,100
41.935,100,100
41.9345,100,100
41.9341,100,100
41.9337,100,100
41.9333,100,100
41.9329,100,100
41.9324,100,100
41.932,100,100
41.9316,100,100
41.9312,100,100
41.9307,100,100
41.9303,100,100
41.9299,100,100
41.9295,100,100
41.9291,100,100
41.9286,100,100
41.9282,100,100
41.9278,100,100
41.9274,100,100
41.927,100,100
41.9265,100,100
41.9261,100,100
41.9257,100,100
41.9253,100,100
41.9249,100,100
41.9244,100,100
41.924,100,100
41.9236,100,100
41.9232,100,100
41.9228,100,100
41.9223,100,100
41.9219,100,100
41.9215,100,100
41.9211,100,100
41.9206,100,100
41.9202,100,100
41.9198,100,100
41.9194,100,100
41.919,100,100
41.9185,100,100
41.9181,100,100
41.9177,100,100
41.9173,100,100
41.9169,100,100
41.9164,100,100
41.916,100,100
41.9156,100,100
41.9152,100,100
41.9148,100,100
41.9143,100,100
41.9139,100,100
41.9135,100,100
41.9131,100,100
41.9126,100,100
41.9122,100,100
41.9118,100,100
41.9114,100,100
41.911,100,100
41.9105,100,100
41.9101,100,100
41.9097,100,100
41.9093,100,100
41.9089,100,100
41.9084,100,100
41.908,100,100
41.9076,100,100
41.9072,100,100
41.9068,100,100
41.9063,100,100
41.9059,100,100
41.9055,100,100
41.9051,100,100
41.9047,100,100
41.9042,100,100
41.9038,100,100
41.9034,100,100
41.903,100,100
41.9025,100,100
41.9021,100,100
41.9017,100,100
41.9013,100,100
41.9009,100,100
41.9005,100,100
41.9001,100,100
41.8997,100,100
41.8993,100,100
41.8989,100,100
41.8985,100,100
41.8981,100,100
41.8977,100,100
41.8973,100,100
41.8969,100,100
41.8965,100,100
41.8961,100,100
41.8957,100,100
41.8953,100,100
41.8949,100,100
41.8945,100,100
41.8941,100,100
41.8937,100,100
41.8933,100,100
41.8929,100,100
41.8925,100,100
41.8921,100,100
41.8917,100,100
41.8913,100,100
41.8909,100,100
41.8905,100,100
41.8901,100,100
41.8897,100,100
41.8893,100,100
41.8889,100,100
41.8885,100,100
41.8881,100,100
41.8877,100,100
41.8873,100,100
41.8868,100,100
41.8864,100,100
41.886,100,100
41.8856,100,100
41.8852,100,100
41.8848,100,100
41.8844,100,100
41.884,100,100
41.8836,100,100
41.8832,100,100
41.8828,100,100
41.8824,100,100
41.882,100,100
41.8816,100,100
41.8812,100,100
41.8808,100,100
41.8804,100,100
41.88,100,100
41.8796,100,100
41.8792,100,100
41.8788,100,100
41.8784,100,100
41.878,100,100
41.8776,100,100
41.8772,100,100
41.8768,100,100
41.8764,100,100
41.876,100,100
41.8756,100,100
41.8752,100,100
41.8748,100,100
41.8744,100,100
41.874,100,100
41.8736,100,100
41.8732,100,100
41.8728,100,100
41.8724,100,100
41.872,100,100
41.8716,100,100
41.8712,100,100
41.8708,100,100
41.8704,100,100
41.87,100,100
41.8696,100,100
41.8692,100,100
41.8688,100,100
41.8684,100,100
41.868,100,100
41.8676,100,100
41.8672,100,100
41.8668,100,100
41.8664,100,100
41.866,100,100
41.8656,100,100
41.8652,100,100
41.8648,100,100
41.8644,100,100
41.864,100,100
41.8636,100,100
41.8632,100,100
41.8628,100,100
41.8624,100,100
41.862,100,100
41.8616,100,100
41.8612,100,100
41.8608,100,100
41.8604,100,100
41.86,100,100
41.8596,100,100
41.8592,100,100
41.8589,100,100
41.8585,100,100
41.8581,100,100
41.8577,100,100
41.8573,100,100
41.8569,100,100
41.8566,100,100
41.8562,100,100
41.8558,100,100
41.8554,100,100
41.855,100,100
41.8546,100,100
41.8542,100,100
41.8539,100,100
41.8535,100,100
41.8531,100,100
41.8527,100,100
41.8523,100,100
41.8519,100,100
41.8516,100,100
41.8512,100,100
41.8508,100,100
41.8504,100,100
41.85,100,100
41.8496,100,100
41.8492,100,100
41.8489,100,100
41.8485,100,100
41.8481,100,100
41.8477,100,100
41.8473,100,100
41.8469,100,100
41.8466,100,100
41.8462,100,100
41.8458,100,100
41.8454,100,100
41.845,100,100
41.8446,100,100
41.8442,100,100
41.8439,100,100
41.8435,100,100
41.8431,100,100
41.8427,100,100
41.8423,100,100
41.8419,100,100
41.8416,100,100
41.8412,100,100
41.8408,100,100
41.8404,100,100
41.84,100,100
41.8396,100,100
41.8392,100,100
41.8389,100,100
41.8385,100,100
41.8381,100,100
41.8377,100,100
41.8373,100,100
41.8369,100,100
41.8366,100,100
41.8362,100,100
41.8358,100,100
41.8354,100,100
41.835,100,100
41.8346,100,100
41.8342,100,100
41.8339,100,100
41.8335,100,100
41.8331,100,100
41.8327,100,100
41.8323,100,100
41.8319,100,100
41.8316,100,100
41.8312,100,100
41.8308,100,100
41.8304,100,100
41.83,100,100
41.8296,100,100
41.8293,100,100
41.8289,100,100
41.8285,100,100
41.8281,100,100
41.8277,100,100
41.8273,100,100
41.8269,100,100
41.8266,100,100
41.8262,100,100
41.8258,100,100
41.8254,100,100
41.825,100,100
41.8246,100,100
41.8243,100,100
41.8239,100,100
41.8235,100,100
41.8231,100,100
41.8227,100,100
41.8224,100,100
41.822,100,100
41.8216,100,100
41.8213,100,100
41.8209,100,100
41.8206,100,100
41.8202,100,100
41.8198,100,100
41.8195,100,100
41.8191,100,100
41.8187,100,100
41.8184,100,100
41.818,100,100
41.8176,100,100
41.8173,100,100
41.8169,100,100
41.8166,100,100
41.8162,100,100
41.8158,100,100
41.8155,100,100
41.8151,100,100
41.8147,100,100
41.8144,100,100
41.814,100,100
41.8136,100,100
41.8133,100,100
41.8129,100,100
41.8126,100,100
41.8122,100,100
41.8118,100,100
41.8115,100,100
41.8111,100,100
41.8107,100,100
41.8104,100,100
41.81,100,100
41.8097,100,100
41.8093,100,100
41.8089,100,100
41.8086,100,100
41.8082,100,100
41.8078,100,100
41.8075,100,100
41.8071,100,100
41.8067,100,100
41.8064,100,100
41.806,100,100
41.8057,100,100
41.8053,100,100
41.8049,100,100
41.8046,100,100
41.8042,100,100
41.8038,100,100
41.8035,100,100
41.8031,100,100
41.8028,100,100
41.8024,100,100
41.802,100,100
41.8017,100,100
41.8013,100,100
41.8009,100,100
41.8006,100,100
41.8002,100,100
41.7998,100,100
41.7995,100,100
41.7991,100,100
41.7988,100,100
41.7984,100,100
41.798,100,100
41.7977,100,100
41.7973,100,100
41.7969,100,100
41.7966,100,100
41.7962,100,100
41.7958,100,100
41.7955,100,100
41.7951,100,100
41.7948,100,100
41.7944,100,100
41.794,100,100
41.7937,100,100
41.7933,100,100
41.7929,100,100
41.7926,100,100
41.7922,100,100
41.7919,100,100
41.7915,100,100
41.7911,100,100
41.7908,100,100
41.7904,100,100
41.79,100,100
41.7897,100,100
41.7893,100,100
41.7889,100,100
41.7886,100,100
41.7882,100,100
41.7879,100,100
41.7875,100,100
41.7871,100,100
41.7868,100,100
41.7864,100,100
41.7861,100,100
41.7857,100,100
41.7854,100,100
41.785,100,100
41.7847,100,100
41.7843,100,100
41.784,100,100
41.7837,100,100
41.7833,100,100
41.783,100,100
41.7826,100,100
41.7823,100,100
41.7819,100,100
41.7816,100,100
41.7812,100,100
41.7809,100,100
41.7805,100,100
41.7802,100,100
41.7799,100,100
41.7795,100,100
41.7792,100,100
41.7788,100,100
41.7785,100,100
41.7781,100,100
41.7778,100,100
41.7774,100,100
41.7771,100,100
41.7767,100,100
41.7764,100,100
41.7761,100,100
41.7757,100,100
41.7754,100,100
41.775,100,100
41.7747,100,100
41.7743,100,100
41.774,100,100
41.7736,100,100
41.7733,100,100
41.7729,100,100
41.7726,100,100
41.7723,100,100
41.7719,100,100
41.7716,100,100
41.7712,100,100
41.7709,100,100
41.7705,100,100
41.7702,100,100
41.7698,100,100
41.7695,100,100
41.7692,100,100
41.7688,100,100
41.7685,100,100
41.7681,100,100
41.7678,100,100
41.7674,100,100
41.7671,100,100
41.7667,100,100
41.7664,100,100
41.766,100,100
41.7657,100,100
41.7654,100,100
41.765,100,100
41.7647,100,100
41.7643,100,100
41.764,100,100
41.7636,100,100
41.7633,100,100
41.7629,100,100
41.7626,100,100
41.7622,100,100
41.7619,100,100
41.7616,100,100
41.7612,100,100
41.7609,100,100
41.7605,100,100
41.7602,100,100
41.7598,100,100
41.7595,100,100
41.7591,100,100
41.7588,100,100
41.7584,100,100
41.7581,100,100
41.7578,100,100
41.7574,100,100
41.7571,100,100
41.7567,100,100
41.7564,100,100
41.756,100,100
41.7557,100,100
41.7553,100,100
41.755,100,100
41.7546,100,100
41.7543,100,100
41.754,100,100
41.7536,100,100
41.7533,100,100
41.7529,100,100
41.7526,100,100
41.7522,100,100
41.7519,100,100
41.7516,100,100
41.7512,100,100
41.7509,100,100
41.7506,100,100
41.7503,100,100
41.7499,100,100
41.7496,100,100
41.7493,100,100
41.7489,100,100
41.7486,100,100
41.7483,100,100
41.748,100,100
41.7476,100,100
41.7473,100,100
41.747,100,100
41.7466,100,100
41.7463,100,100
41.746,100,100
41.7457,100,100
41.7453,100,100
41.745,100,100
41.7447,100,100
41.7443,100,100
41.744,100,100
41.7437,100,100
41.7434,100,100
41.743,100,100
41.7427,100,100
41.7424,100,100
41.742,100,100
41.7417,100,100
41.7414,100,100
41.7411,100,100
41.7407,100,100
41.7404,100,100
41.7401,100,100
41.7397,100,100
41.7394,100,100
41.7391,100,100
41.7388,100,100
41.7384,100,100
41.7381,100,100
41.7378,100,100
41.7374,100,100
41.7371,100,100
41.7368,100,100
41.7365,100,100
41.7361,100,100
41.7358,100,100
41.7355,100,100
41.7351,100,100
41.7348,100,100
41.7345,100,100
41.7342,100,100
41.7338,100,100
41.7335,100,100
41.7332,100,100
41.7328,100,100
41.7325,100,100
41.7322,100,100
41.7319,100,100
41.7315,100,100
41.7312,100,100
41.7309,100,100
41.7305,100,100
41.7302,100,100
41.7299,100,100
41.7296,100,100
41.7292,100,100
41.7289,100,100
41.7286,100,100
41.7282,100,100
41.7279,100,100
41.7276,100,100
41.7273,100,100
41.7269,100,100
41.7266,100,100
41.7263,100,100
41.7259,100,100
41.7256,100,100
41.7253,100,100
41.725,100,100
41.7246,100,100
41.7243,100,100
41.724,100,100
41.7236,100,100
41.7233,100,100
41.723,100,100
41.7227,100,100
41.7223,100,100
41.722,100,100
41.7217,100,100
41.7213,100,100
41.721,100,100
41.7207,100,100
41.7204,100,100
41.72,100,100
41.7197,100,100
41.7194,100,100
41.7191,100,100
41.7187,100,100
41.7184,100,100
41.7181,100,100
41.7178,100,100
41.7175,100,100
41.7172,100,100
41.7169,100,100
41.7166,100,100
41.7162,100,100
41.7159,100,100
41.7156,100,100
41.7153,100,100
41.715,100,100
41.7147,100,100
41.7144,100,100
41.7141,100,100
41.7137,100,100
41.7134,100,100
41.7131,100,100
41.7128,100,100
41.7125,100,100
41.7122,100,100
41.7119,100,100
41.7115,100,100
41.7112,100,100
41.7109,100,100
41.7106,100,100
41.7103,100,100
41.71,100,100
41.7097,100,100
41.7094,100,100
41.709,100,100
41.7087,100,100
41.7084,100,100
41.7081,100,100
41.7078,100,100
41.7075,100,100
41.7072,100,100
41.7068,100,100
41.7065,100,100
41.7062,100,100
41.7059,100,100
41.7056,100,100
41.7053,100,100
41.705,100,100
41.7047,100,100
41.7043,100,100
41.704,100,100
41.7037,100,100
41.7034,100,100
41.7031,100,100
41.7028,100,100
41.7025,100,100
41.7022,100,100
41.7018,100,100
41.7015,100,100
41.7012,100,100
41.7009,100,100
41.7006,100,100
41.7003,100,100
41.7,100,100
41.6996,100,100
41.6993,100,100
41.699,100,100
41.6987,100,100
41.6984,100,100
41.6981,100,100
41.6978,100,100
41.6975,100,100
41.6971,100,100
41.6968,100,100
41.6965,100,100
41.6962,100,100
41.6959,100,100
41.6956,100,100
41.6953,100,100
41.6949,100,100
41.6946,100,100
41.6943,100,100
41.694,100,100
41.6937,100,100
41.6934,100,100
41.6931,100,100
41.6928,100,100
41.6924,100,100
41.6921,100,100
41.6918,100,100
41.6915,100,100
41.6912,100,100
41.6909,100,100
41.6906,100,100
41.6902,100,100
41.6899,100,100
41.6896,100,100
41.6893,100,100
41.689,100,100
41.6887,100,100
41.6884,100,100
41.6881,100,100
41.6878,100,100
41.6875,100,100
41.6872,100,100
41.6869,100,100
41.6866,100,100
41.6863,100,100
41.686,100,100
41.6857,100,100
41.6854,100,100
41.6851,100,100
41.6848,100,100
41.6845,100,100
41.6842,100,100
41.6839,100,100
41.6836,100,100
41.6833,100,100
41.683,100,100
41.6827,100,100
41.6824,100,100
41.6821,100,100
41.6818,100,100
41.6815,100,100
41.6812,100,100
41.6809,100,100
41.6806,100,100
41.6803,100,100
41.68,100,100
41.6797,100,100
41.6794,100,100
41.6791,100,100
41.6788,100,100
41.6785,100,100
41.6782,100,100
41.6779,100,100
41.6776,100,100
41.6773,100,100
41.677,100,100
41.6767,100,100
41.6764,100,100
41.6761,100,100
41.6758,100,100
41.6755,100,100
41.6752,100,100
41.6749,100,100
41.6746,100,100
41.6743,100,100
41.674,100,100
41.6737,100,100
41.6734,100,100
41.6731,100,100
41.6728,100,100
41.6725,100,100
41.6722,100,100
41.6719,100,100
41.6716,100,100
41.6713,100,100
41.671,100,100
41.6707,100,100
41.6704,100,100
41.6701,100,100
41.6698,100,100
41.6695,100,100
41.6692,100,100
41.6689,100,100
41.6686,100,100
41.6683,100,100
41.668,100,100
41.6677,100,100
41.6674,100,100
41.6671,100,100
41.6668,100,100
41.6665,100,100
41.6662,100,100
41.6659,100,100
41.6656,100,100
41.6653,100,100
41.665,100,100
41.6647,100,100
41.6644,100,100
41.6641,100,100
41.6638,100,100
41.6635,100,100
41.6632,100,100
41.6629,100,100
41.6626,100,100
41.6623,100,100
41.662,100,100
41.6617,100,100
41.6614,100,100
41.6611,100,100
41.6608,100,100
41.6605,100,100
41.6602,100,100
41.6599,100,100
41.6596,100,100
41.6593,100,100
41.659,100,100
41.6587,100,100
41.6584,100,100
41.6581,100,100
41.6578,100,100
41.6575,100,100
41.6572,100,100
41.6569,100,100
41.6566,100,100
41.6564,100,100
41.6561,100,100
41.6558,100,100
41.6555,100,100
41.6552,100,100
41.6549,100,100
41.6546,100,100
41.6544,100,100
41.6541,100,100
41.6538,100,100
41.6535,100,100
41.6532,100,100
41.6529,100,100
41.6526,100,100
41.6523,100,100
41.6521,100,100
41.6518,100,100
41.6515,100,100
41.6512,100,100
41.6509,100,100
41.6506,100,100
41.6503,100,100
41.65,100,100
41.6498,100,100
41.6495,100,100
41.6492,100,100
41.6489,100,100
41.6486,100,100
41.6483,100,100
41.648,100,100
41.6478,100,100
41.6475,100,100
41.6472,100,100
41.6469,100,100
41.6466,100,100
41.6463,100,100
41.646,100,100
41.6457,100,100
41.6455,100,100
41.6452,100,100
41.6449,100,100
41.6446,100,100
41.6443,100,100
41.644,100,100
41.6437,100,100
41.6434,100,100
41.6432,100,100
41.6429,100,100
41.6426,100,100
41.6423,100,100
41.642,100,100
41.6417,100,100
41.6414,100,100
41.6412,100,100
41.6409,100,100
41.6406,100,100
41.6403,100,100
41.64,100,100
41.6397,100,100
41.6394,100,100
41.6391,100,100
41.6389,100,100
41.6386,100,100
41.6383,100,100
41.638,100,100
41.6377,100,100
41.6374,100,100
41.6371,100,100
41.6369,100,100
41.6366,100,100
41.6363,100,100
41.636,100,100
41.6357,100,100
41.6354,100,100
41.6351,100,100
41.6348,100,100
41.6346,100,100
41.6343,100,100
41.634,100,100
41.6337,100,100
41.6334,100,100
41.6331,100,100
41.6328,100,100
41.6325,100,100
41.6323,100,100
41.632,100,100
41.6317,100,100
41.6314,100,100
41.6311,100,100
41.6308,100,100
41.6305,100,100
41.6303,100,100
41.63,100,100
41.6297,100,100
41.6294,100,100
41.6291,100,100
41.6288,100,100
41.6286,100,100
41.6283,100,100
41.628,100,100
41.6277,100,100
41.6274,100,100
41.6272,100,100
41.6269,100,100
41.6266,100,100
41.6263,100,100
41.6261,100,100
41.6258,100,100
41.6255,100,100
41.6252,100,100
41.625,100,100
41.6247,100,100
41.6244,100,100
41.6241,100,100
41.6238,100,100
41.6236,100,100
41.6233,100,100
41.623,100,100
41.6227,100,100
41.6225,100,100
41.6222,100,100
41.6219,100,100
41.6216,100,100
41.6214,100,100
41.6211,100,100
41.6208,100,100
41.6205,100,100
41.6202,100,100
41.62,100,100
41.6197,100,100
41.6194,100,100
41.6191,100,100
41.6189,100,100
41.6186,100,100
41.6183,100,100
41.618,100,100
41.6177,100,100
41.6175,100,100
41.6172,100,100
41.6169,100,100
41.6166,100,100
41.6164,100,100
41.6161,100,100
41.6158,100,100
41.6155,100,100
41.6153,100,100
41.615,100,100
41.6147,100,100
41.6144,100,100
41.6141,100,100
41.6139,100,100
41.6136,100,100
41.6133,100,100
41.613,100,100
41.6128,100,100
41.6125,100,100
41.6122,100,100
41.6119,100,100
41.6116,100,100
41.6114,100,100
41.6111,100,100
41.6108,100,100
41.6105,100,100
41.6103,100,100
41.61,100,100
41.6097,100,100
41.6094,100,100
41.6092,100,100
41.6089,100,100
41.6086,100,100
41.6083,100,100
41.608,100,100
41.6078,100,100
41.6075,100,100
41.6072,100,100
41.6069,100,100
41.6067,100,100
41.6064,100,100
41.6061,100,100
41.6058,100,100
41.6055,100,100
41.6053,100,100
41.605,100,100
41.6047,100,100
41.6044,100,100
41.6042,100,100
41.6039,100,100
41.6036,100,100
41.6033,100,100
41.6031,100,100
41.6028,100,100
41.6025,100,100
41.6022,100,100
41.6019,100,100
41.6017,100,100
41.6014,100,100
41.6011,100,100
41.6009,100,100
41.6006,100,100
41.6003,100,100
41.6001,100,100
41.5998,100,100
41.5995,100,100
41.5992,100,100
41.599,100,100
41.5987,100,100
41.5984,100,100
41.5982,100,100
41.5979,100,100
41.5976,100,100
41.5974,100,100
41.5971,100,100
41.5968,100,100
41.5965,100,100
41.5963,100,100
41.596,100,100
41.5957,100,100
41.5955,100,100
41.5952,100,100
41.5949,100,100
41.5947,100,100
41.5944,100,100
41.5941,100,100
41.5939,100,100
41.5936,100,100
41.5933,100,100
41.593,100,100
41.5928,100,100
41.5925,100,100
41.5922,100,100
41.592,100,100
41.5917,100,100
41.5914,100,100
41.5912,100,100
41.5909,100,100
41.5906,100,100
41.5904,100,100
41.5901,100,100
41.5898,100,100
41.5895,100,100
41.5893,100,100
41.589,100,100
41.5887,100,100
41.5885,100,100
41.5882,100,100
41.5879,100,100
41.5877,100,100
41.5874,100,100
41.5871,100,100
41.5869,100,100
41.5866,100,100
41.5863,100,100
41.586,100,100
41.5858,100,100
41.5855,100,100
41.5852,100,100
41.585,100,100
41.5847,100,100
41.5844,100,100
41.5842,100,100
41.5839,100,100
41.5836,100,100
41.5834,100,100
41.5831,100,100
41.5828,100,100
41.5825,100,100
41.5823,100,100
41.582,100,100
41.5817,100,100
41.5815,100,100
41.5812,100,100
41.5809,100,100
41.5807,100,100
41.5804,100,100
41.5801,100,100
41.5798,100,100
41.5796,100,100
41.5793,100,100
41.579,100,100
41.5788,100,100
41.5785,100,100
41.5782,100,100
41.578,100,100
41.5777,100,100
41.5774,100,100
41.5772,100,100
41.5769,100,100
41.5766,100,100
41.5763,100,100
41.5761,100,100
41.5758,100,100
41.5755,100,100
41.5753,100,100
41.575,100,100
41.5747,100,100
41.5745,100,100
41.5742,100,100
41.574,100,100
41.5737,100,100
41.5734,100,100
41.5732,100,100
41.5729,100,100
41.5727,100,100
41.5724,100,100
41.5721,100,100
41.5719,100,100
41.5716,100,100
41.5714,100,100
41.5711,100,100
41.5708,100,100
41.5706,100,100
41.5703,100,100
41.5701,100,100
41.5698,100,100
41.5696,100,100
41.5693,100,100
41.569,100,100
41.5688,100,100
41.5685,100,100
41.5683,100,100
41.568,100,100
41.5677,100,100
41.5675,100,100
41.5672,100,100
41.567,100,100
41.5667,100,100
41.5664,100,100
41.5662,100,100
41.5659,100,100
41.5657,100,100
41.5654,100,100
41.5652,100,100
41.5649,100,100
41.5646,100,100
41.5644,100,100
41.5641,100,100
41.5639,100,100
41.5636,100,100
41.5633,100,100
41.5631,100,100
41.5628,100,100
41.5626,100,100
41.5623,100,100
41.562,100,100
41.5618,100,100
41.5615,100,100
41.5613,100,100
41.561,100,100
41.5608,100,100
41.5605,100,100
41.5602,100,100
41.56,100,100
41.5597,100,100
41.5595,100,100
41.5592,100,100
41.5589,100,100
41.5587,100,100
41.5584,100,100
41.5582,100,100
41.5579,100,100
41.5576,100,100
41.5574,100,100
41.5571,100,100
41.5569,100,100
41.5566,100,100
41.5564,100,100
41.5561,100,100
41.5558,100,100
41.5556,100,100
41.5553,100,100
41.5551,100,100
41.5548,100,100
41.5545,100,100
41.5543,100,100
41.554,100,100
41.5538,100,100
41.5535,100,100
41.5532,100,100
41.553,100,100
41.5527,100,100
41.5525,100,100
41.5522,100,100
41.552,100,100
41.5517,100,100
41.5514,100,100
41.5512,100,100
41.5509,100,100
41.5507,100,100
41.5504,100,100
41.5501,100,100
41.5499,100,100
41.5496,100,100
41.5494,100,100
41.5491,100,100
41.5488,100,100
41.5486,100,100
41.5484,100,100
41.5481,100,100
41.5479,100,100
41.5476,100,100
41.5474,100,100
41.5471,100,100
41.5469,100,100
41.5466,100,100
41.5464,100,100
41.5461,100,100
41.5459,100,100
41.5457,100,100
41.5454,100,100
41.5452,100,100
41.5449,100,100
41.5447,100,100
41.5444,100,100
41.5442,100,100
41.5439,100,100
41.5437,100,100
41.5434,100,100
41.5432,100,100
41.543,100,100
41.5427,100,100
41.5425,100,100
41.5422,100,100
41.542,100,100
41.5417,100,100
41.5415,100,100
41.5412,100,100
41.541,100,100
41.5407,100,100
41.5405,100,100
41.5402,100,100
41.54,100,100
41.5398,100,100
41.5395,100,100
41.5393,100,100
41.539,100,100
41.5388,100,100
41.5385,100,100
41.5383,100,100
41.538,100,100
41.5378,100,100
41.5375,100,100
41.5373,100,100
41.5371,100,100
41.5368,100,100
41.5366,100,100
41.5363,100,100
41.5361,100,100
41.5358,100,100
41.5356,100,100
41.5353,100,100
41.5351,100,100
41.5348,100,100
41.5346,100,100
41.5344,100,100
41.5341,100,100
41.5339,100,100
41.5336,100,100
41.5334,100,100
41.5331,100,100
41.5329,100,100
41.5326,100,100
41.5324,100,100
41.5321,100,100
41.5319,100,100
41.5317,100,100
41.5314,100,100
41.5312,100,100
41.5309,100,100
41.5307,100,100
41.5304,100,100
41.5302,100,100
41.5299,100,100
41.5297,100,100
41.5294,100,100
41.5292,100,100
41.529,100,100
41.5287,100,100
41.5285,100,100
41.5282,100,100
41.528,100,100
41.5277,100,100
41.5275,100,100
41.5272,100,100
41.527,100,100
41.5267,100,100
41.5265,100,100
41.5262,100,100
41.526,100,100
41.5258,100,100
41.5255,100,100
41.5253,100,100
41.525,100,100
41.5248,100,100
41.5245,100,100
41.5243,100,100
41.524,100,100
41.5238,100,100
41.5236,100,100
41.5233,100,100
41.5231,100,100
41.5229,100,100
41.5226,100,100
41.5224,100,100
41.5222,100,100
41.5219,100,100
41.5217,100,100
41.5215,100,100
41.5212,100,100
41.521,100,100
41.5208,100,100
41.5205,100,100
41.5203,100,100
41.52,100,100
41.5198,100,100
41.5196,100,100
41.5193,100,100
41.5191,100,100
41.5189,100,100
41.5186,100,100
41.5184,100,100
41.5182,100,100
41.5179,100,100
41.5177,100,100
41.5175,100,100
41.5172,100,100
41.517,100,100
41.5168,100,100
41.5165,100,100
41.5163,100,100
41.516,100,100
41.5158,100,100
41.5156,100,100
41.5153,100,100
41.5151,100,100
41.5149,100,100
41.5146,100,100
41.5144,100,100
41.5142,100,100
41.5139,100,100
41.5137,100,100
41.5135,100,100
41.5132,100,100
41.513,100,100
41.5127,100,100
41.5125,100,100
41.5123,100,100
41.512,100,100
41.5118,100,100
41.5116,100,100
41.5113,100,100
41.5111,100,100
41.5109,100,100
41.5106,100,100
41.5104,100,100
41.5102,100,100
41.5099,100,100
41.5097,100,100
41.5095,100,100
41.5092,100,100
41.509,100,100
41.5087,100,100
41.5085,100,100
41.5083,100,100
41.508,100,100
41.5078,100,100
41.5076,100,100
41.5073,100,100
41.5071,100,100
41.5069,100,100
41.5066,100,100
41.5064,100,100
41.5062,100,100
41.5059,100,100
41.5057,100,100
41.5055,100,100
41.5052,100,100
41.505,100,100
41.5047,100,100
41.5045,100,100
41.5043,100,100
41.504,100,100
41.5038,100,100
41.5036,100,100
41.5033,100,100
41.5031,100,100
41.5029,100,100
41.5026,100,100
41.5024,100,100
41.5022,100,100
41.5019,100,100
41.5017,100,100
41.5014,100,100
41.5012,100,100
41.501,100,100
41.5007,100,100
41.5005,100,100
41.5003,100,100
41.5,100,100
41.4998,100,100
41.4996,100,100
41.4993,100,100
41.4991,100,100
41.4989,100,100
41.4987,100,100
41.4984,100,100
41.4982,100,100
41.498,100,100
41.4977,100,100
41.4975,100,100
41.4973,100,100
41.497,100,100
41.4968,100,100
41.4966,100,100
41.4963,100,100
41.4961,100,100
41.4959,100,100
41.4956,100,100
41.4954,100,100
41.4952,100,100
41.4949,100,100
41.4947,100,100
41.4945,100,100
41.4942,100,100
41.494,100,100
41.4938,100,100
41.4935,100,100
41.4933,100,100
41.4931,100,100
41.4929,100,100
41.4926,100,100
41.4924,100,100
41.4922,100,100
41.4919,100,100
41.4917,100,100
41.4915,100,100
41.4912,100,100
41.491,100,100
41.4908,100,100
41.4905,100,100
41.4903,100,100
41.4901,100,100
41.4898,100,100
41.4896,100,100
41.4894,100,100
41.4891,100,100
41.4889,100,100
41.4887,100,100
41.4884,100,100
41.4882,100,100
41.488,100,100
41.4877,100,100
41.4875,100,100
41.4873,100,100
41.487,100,100
41.4868,100,100
41.4866,100,100
41.4864,100,100
41.4861,100,100
41.4859,100,100
41.4857,100,100
41.4854,100,100
41.4852,100,100
41.485,100,100
41.4847,100,100
41.4845,100,100
41.4843,100,100
41.484,100,100
41.4838,100,100
41.4836,100,100
41.4833,100,100
41.4831,100,100
41.4829,100,100
41.4826,100,100
41.4824,100,100
41.4822,100,100
41.4819,100,100
41.4817,100,100
41.4815,100,100
41.4812,100,100
41.481,100,100
41.4808,100,100
41.4805,100,100
41.4803,100,100
41.4801,100,100
41.4799,100,100
41.4796,100,100
41.4794,100,100
41.4792,100,100
41.4789,100,100
41.4787,100,100
41.4785,100,100
41.4782,100,100
41.478,100,100
41.4778,100,100
41.4775,100,100
41.4773,100,100
41.4771,100,100
41.4769,100,100
41.4766,100,100
41.4764,100,100
41.4762,100,100
41.476,100,100
41.4757,100,100
41.4755,100,100
41.4753,100,100
41.475,100,100
41.4748,100,100
41.4746,100,100
41.4744,100,100
41.4741,100,100
41.4739,100,100
41.4737,100,100
41.4735,100,100
41.4732,100,100
41.473,100,100
41.4728,100,100
41.4726,100,100
41.4723,100,100
41.4721,100,100
41.4719,100,100
41.4717,100,100
41.4714,100,100
41.4712,100,100
41.471,100,100
41.4708,100,100
41.4705,100,100
41.4703,100,100
41.4701,100,100
41.4699,100,100
41.4696,100,100
41.4694,100,100
41.4692,100,100
41.4689,100,100
41.4687,100,100
41.4685,100,100
41.4683,100,100
41.468,100,100
41.4678,100,100
41.4676,100,100
41.4674,100,100
41.4671,100,100
41.4669,100,100
41.4667,100,100
41.4665,100,100
41.4662,100,100
41.466,100,100
41.4658,100,100
41.4656,100,100
41.4653,100,100
41.4651,100,100
41.4649,100,100
41.4647,100,100
41.4644,100,100
41.4642,100,100
41.464,100,100
41.4638,100,100
41.4635,100,100
41.4633,100,100
41.4631,100,100
41.4628,100,100
41.4626,100,100
41.4624,100,100
41.4622,100,100
41.4619,100,100
41.4617,100,100
41.4615,100,100
41.4613,100,100
41.461,100,100
41.4608,100,100
41.4606,100,100
41.4604,100,100
41.4601,100,100
41.4599,100,100
41.4597,100,100
41.4595,100,100
41.4592,100,100
41.459,100,100
41.4588,100,100
41.4586,100,100
41.4583,100,100
41.4581,100,100
41.4579,100,100
41.4577,100,100
41.4574,100,100
41.4572,100,100
41.457,100,100
41.4567,100,100
41.4565,100,100
41.4563,100,100
41.4561,100,100
41.4558,100,100
41.4556,100,100
41.4554,100,100
41.4552,100,100
41.4549,100,100
41.4547,100,100
41.4545,100,100
41.4543,100,100
41.4541,100,100
41.4538,100,100
41.4536,100,100
41.4534,100,100
41.4532,100,100
41.453,100,100
41.4527,100,100
41.4525,100,100
41.4523,100,100
41.4521,100,100
41.4519,100,100
41.4516,100,100
41.4514,100,100
41.4512,100,100
41.451,100,100
41.4508,100,100
41.4505,100,100
41.4503,100,100
41.4501,100,100
41.4499,100,100
41.4496,100,100
41.4494,100,100
41.4492,100,100
41.449,100,100
41.4488,100,100
41.4485,100,100
41.4483,100,100
41.4481,100,100
41.4479,100,100
41.4477,100,100
41.4474,100,100
41.4472,100,100
41.447,100,100
41.4468,100,100
41.4466,100,100
41.4463,100,100
41.4461,100,100
41.4459,100,100
41.4457,100,100
41.4455,100,100
41.4452,100,100
41.445,100,100
41.4448,100,100
41.4446,100,100
41.4444,100,100
41.4441,100,100
41.4439,100,100
41.4437,100,100
41.4435,100,100
41.4433,100,100
41.443,100,100
41.4428,100,100
41.4426,100,100
41.4424,100,100
41.4421,100,100
41.4419,100,100
41.4417,100,100
41.4415,100,100
41.4413,100,100
41.441,100,100
41.4408,100,100
41.4406,100,100
41.4404,100,100
41.4402,100,100
41.4399,100,100
41.4397,100,100
41.4395,100,100
41.4393,100,100
41.4391,100,100
41.4388,100,100
41.4386,100,100
41.4384,100,100
41.4382,100,100
41.438,100,100
41.4377,100,100
41.4375,100,100
41.4373,100,100
41.4371,100,100
41.4369,100,100
41.4366,100,100
41.4364,100,100
41.4362,100,100
41.436,100,100
41.4358,100,100
41.4355,100,100
41.4353,100,100
41.4351,100,100
41.4349,100,100
41.4347,100,100
41.4344,100,100
41.4342,100,100
41.434,100,100
41.4338,100,100
41.4335,100,100
41.4333,100,100
41.4331,100,100
41.4329,100,100
41.4327,100,100
41.4325,100,100
41.4322,100,100
41.432,100,100
41.4318,100,100
41.4316,100,100
41.4314,100,100
41.4312,100,100
41.4309,100,100
41.4307,100,100
41.4305,100,100
41.4303,100,100
41.4301,100,100
41.4299,100,100
41.4297,100,100
41.4294,100,100
41.4292,100,100
41.429,100,100
41.4288,100,100
41.4286,100,100
41.4284,100,100
41.4281,100,100
41.4279,100,100
41.4277,100,100
41.4275,100,100
41.4273,100,100
41.4271,100,100
41.4269,100,100
41.4266,100,100
41.4264,100,100
41.4262,100,100
41.426,100,100
41.4258,100,100
41.4256,100,100
41.4253,100,100
41.4251,100,100
41.4249,100,100
41.4247,100,100
41.4245,100,100
41.4243,100,100
41.4241,100,100
41.4238,100,100
41.4236,100,100
41.4234,100,100
41.4232,100,100
41.423,100,100
41.4228,100,100
41.4225,100,100
41.4223,100,100
41.4221,100,100
41.4219,100,100
41.4217,100,100
41.4215,100,100
41.4213,100,100
41.421,100,100
41.4208,100,100
41.4206,100,100
41.4204,100,100
41.4202,100,100
41.42,100,100
41.4197,100,100
41.4195,100,100
41.4193,100,100
41.4191,100,100
41.4189,100,100
41.4187,100,100
41.4184,100,100
41.4182,100,100
41.418,100,100
41.4178,100,100
41.4176,100,100
41.4174,100,100
41.4172,100,100
41.4169,100,100
41.4167,100,100
41.4165,100,100
41.4163,100,100
41.4161,100,100
41.4159,100,100
41.4156,100,100
41.4154,100,100
41.4152,100,100
41.415,100,100
41.4148,100,100
41.4146,100,100
41.4144,100,100
41.4141,100,100
41.4139,100,100
41.4137,100,100
41.4135,100,100
41.4133,100,100
41.4131,100,100
41.4128,100,100
41.4126,100,100
41.4124,100,100
41.4122,100,100
41.412,100,100
41.4118,100,100
41.4116,100,100
41.4113,100,100
41.4111,100,100
41.4109,100,100
41.4107,100,100
41.4105,100,100
41.4103,100,100
41.4101,100,100
41.4098,100,100
41.4096,100,100
41.4094,100,100
41.4092,100,100
41.409,100,100
41.4088,100,100
41.4086,100,100
41.4084,100,100
41.4081,100,100
41.4079,100,100
41.4077,100,100
41.4075,100,100
41.4073,100,100
41.4071,100,100
41.4069,100,100
41.4067,100,100
41.4064,100,100
41.4062,100,100
41.406,100,100
41.4058,100,100
41.4056,100,100
41.4054,100,100
41.4052,100,100
41.405,100,100
41.4047,100,100
41.4045,100,100
41.4043,100,100
41.4041,100,100
41.4039,100,100
41.4037,100,100
41.4035,100,100
41.4033,100,100
41.403,100,100
41.4028,100,100
41.4026,100,100
41.4024,100,100
41.4022,100,100
41.402,100,100
41.4018,100,100
41.4016,100,100
41.4013,100,100
41.4011,100,100
41.4009,100,100
41.4007,100,100
41.4005,100,100
41.4003,100,100
41.4001,100,100
41.3999,100,100
41.3996,100,100
41.3994,100,100
41.3992,100,100
41.399,100,100
41.3988,100,100
41.3986,100,100
41.3984,100,100
41.3982,100,100
41.3979,100,100
41.3977,100,100
41.3975,100,100
41.3973,100,100
41.3971,100,100
41.3969,100,100
41.3967,100,100
41.3965,100,100
41.3962,100,100
41.396,100,100
41.3958,100,100
41.3956,100,100
41.3954,100,100
41.3952,100,100
41.395,100,100
41.3948,100,100
41.3945,100,100
41.3943,100,100
41.3941,100,100
41.3939,100,100
41.3937,100,100
41.3935,100,100
41.3933,100,100
41.3931,100,100
41.3928,100,100
41.3926,100,100
41.3924,100,100
41.3922,100,100
41.392,100,100
41.3918,100,100
41.3916,100,100
41.3914,100,100
41.3911,100,100
41.3909,100,100
41.3907,100,100
41.3905,100,100
41.3903,100,100
41.3901,100,100
41.3899,100,100
41.3897,100,100
41.3894,100,100
41.3892,100,100
41.389,100,100
41.3888,100,100
41.3886,100,100
41.3884,100,100
41.3882,100,100
41.388,100,100
41.3877,100,100
41.3875,100,100
41.3873,100,100
41.3871,100,100
41.3869,100,100
41.3867,100,100
41.3865,100,100
41.3863,100,100
41.386,100,100
41.3858,100,100
41.3856,100,100
41.3854,100,100
41.3852,100,100
41.385,100,100
41.3848,100,100
41.3846,100,100
41.3843,100,100
41.3841,100,100
41.3839,100,100
41.3837,100,100
41.3835,100,100
41.3833,100,100
41.3831,100,100
41.3829,100,100
41.3826,100,100
41.3824,100,100
41.3822,100,100
41.382,100,100
41.3818,100,100
41.3816,100,100
41.3814,100,100
41.3812,100,100
41.3809,100,100
41.3807,100,100
41.3805,100,100
41.3803,100,100
41.3801,100,100
41.3799,100,100
41.3797,100,100
41.3795,100,100
41.3792,100,100
41.379,100,100
41.3788,100,100
41.3786,100,100
41.3784,100,100
41.3782,100,100
41.378,100,100
41.3778,100,100
41.3775,100,100
41.3773,100,100
41.3771,100,100
41.3769,100,100
41.3767,100,100
41.3765,100,100
41.3763,100,100
41.3761,100,100
41.3758,100,100
41.3756,100,100
41.3754,100,100
41.3752,100,100
41.375,100,100
41.3748,100,100
41.3746,100,100
41.3744,100,100
41.3741,100,100
41.3739,100,100
41.3737,100,100
41.3735,100,100
41.3733,100,100
41.3731,100,100
41.3729,100,100
41.3727,100,100
41.3724,100,100
41.3722,100,100
41.372,100,100
41.3718,100,100
41.3716,100,100
41.3714,100,100
41.3712,100,100
41.3709,100,100
41.3707,100,100
41.3705,100,100
41.3703,100,100
41.3701,100,100
41.3699,100,100
41.3697,100,100
41.3695,100,100
41.3692,100,100
41.369,100,100
41.3688,100,100
41.3686,100,100
41.3684,100,100
41.3682,100,100
41.368,100,100
41.3678,100,100
41.3676,100,100
41.3674,100,100
41.3671,100,100
41.3669,100,100
41.3667,100,100
41.3665,100,100
41.3663,100,100
41.3661,100,100
41.3659,100,100
41.3657,100,100
41.3655,100,100
41.3653,100,100
41.365,100,100
41.3648,100,100
41.3646,100,100
41.3644,100,100
41.3642,100,100
41.364,100,100
41.3638,100,100
41.3636,100,100
41.3634,100,100
41.3632,100,100
41.363,100,100
41.3627,100,100
41.3625,100,100
41.3623,100,100
41.3621,100,100
41.3619,100,100
41.3617,100,100
41.3615,100,100
41.3613,100,100
41.3611,100,100
41.3609,100,100
41.3606,100,100
41.3604,100,100
41.3602,100,100
41.36,100,100
41.3598,100,100
41.3596,100,100
41.3594,100,100
41.3592,100,100
41.359,100,100
41.3588,100,100
41.3586,100,100
41.3583,100,100
41.3581,100,100
41.3579,100,100
41.3577,100,100
41.3575,100,100
41.3573,100,100
41.3571,100,100
41.3569,100,100
41.3567,100,100
41.3565,100,100
41.3562,100,100
41.356,100,100
41.3558,100,100
41.3556,100,100
41.3554,100,100
41.3552,100,100
41.355,100,100
41.3548,100,100
41.3546,100,100
41.3544,100,100
41.3541,100,100
41.3539,100,100
41.3537,100,100
41.3535,100,100
41.3533,100,100
41.3531,100,100
41.3529,100,100
41.3527,100,100
41.3525,100,100
41.3523,100,100
41.3521,100,100
41.3518,100,100
41.3516,100,100
41.3514,100,100
41.3512,100,100
41.351,100,100
41.3508,100,100
41.3506,100,100
41.3504,100,100
41.3502,100,100
41.35,100,100
41.3497,100,100
41.3495,100,100
41.3493,100,100
41.3491,100,100
41.3489,100,100
41.3487,100,100
41.3485,100,100
41.3483,100,100
41.3481,100,100
41.3479,100,100
41.3477,100,100
41.3474,100,100
41.3472,100,100
41.347,100,100
41.3468,100,100
41.3466,100,100
41.3464,100,100
41.3462,100,100
41.346,100,100
41.3458,100,100
41.3456,100,100
41.3454,100,100
41.3452,100,100
41.345,100,100
41.3447,100,100
41.3445,100,100
41.3443,100,100
41.3441,100,100
41.3439,100,100
41.3437,100,100
41.3435,100,100
41.3433,100,100
41.3431,100,100
41.3429,100,100
41.3427,100,100
41.3425,100,100
41.3423,100,100
41.3421,100,100
41.3418,100,100
41.3416,100,100
41.3414,100,100
41.3412,100,100
41.341,100,100
41.3408,100,100
41.3406,100,100
41.3404,100,100
41.3402,100,100
41.34,100,100
41.3398,100,100
41.3396,100,100
41.3394,100,100
41.3391,100,100
41.3389,100,100
41.3387,100,100
41.3385,100,100
41.3383,100,100
41.3381,100,100
41.3379,100,100
41.3377,100,100
41.3375,100,100
41.3373,100,100
41.3371,100,100
41.3369,100,100
41.3367,100,100
41.3364,100,100
41.3362,100,100
41.336,100,100
41.3358,100,100
41.3356,100,100
41.3354,100,100
41.3352,100,100
41.335,100,100
41.3348,100,100
41.3346,100,100
41.3344,100,100
41.3342,100,100
41.334,100,100
41.3338,100,100
41.3335,100,100
41.3333,100,100
41.3331,100,100
41.3329,100,100
41.3327,100,100
41.3325,100,100
41.3323,100,100
41.3321,100,100
41.3319,100,100
41.3317,100,100
41.3315,100,100
41.3313,100,100
41.3311,100,100
41.3308,100,100
41.3306,100,100
41.3304,100,100
41.3302,100,100
41.33,100,100
41.3298,100,100
41.3296,100,100
41.3294,100,100
41.3292,100,100
41.329,100,100
41.3288,100,100
41.3286,100,100
41.3284,100,100
41.3282,100,100
41.3279,100,100
41.3277,100,100
41.3275,100,100
41.3273,100,100
41.3271,100,100
41.3269,100,100
41.3267,100,100
41.3265,100,100
41.3263,100,100
41.3261,100,100
41.3259,100,100
41.3257,100,100
41.3255,100,100
41.3252,100,100
41.325,100,100
41.3248,100,100
41.3246,100,100
41.3244,100,100
41.3242,100,100
41.324,100,100
41.3238,100,100
41.3236,100,100
41.3234,100,100
41.3232,100,100
41.323,100,100
41.3228,100,100
41.3226,100,100
41.3223,100,100
41.3221,100,100
41.3219,100,100
41.3217,100,100
41.3215,100,100
41.3213,100,100
41.3211,100,100
41.3209,100,100
41.3207,100,100
41.3205,100,100
41.3203,100,100
41.3201,100,100
41.3199,100,100
41.3196,100,100
41.3194,100,100
41.3192,100,100
41.319,100,100
41.3188,100,100
41.3186,100,100
41.3184,100,100
41.3182,100,100
41.318,100,100
41.3178,100,100
41.3176,100,100
41.3174,100,100
41.3172,100,100
41.317,100,100
41.3167,100,100
41.3165,100,100
41.3163,100,100
41.3161,100,100
41.3159,100,100
41.3157,100,100
41.3155,100,100
41.3153,100,100
41.3151,100,100
41.3149,100,100
41.3147,100,100
41.3145,100,100
41.3143,100,100
41.314,100,100
41.3138,100,100
41.3136,100,100
41.3134,100,100
41.3132,100,100
41.313,100,100
41.3128,100,100
41.3126,100,100
41.3124,100,100
41.3122,100,100
41.312,100,100
41.3118,100,100
41.3116,100,100
41.3113,100,100
41.3111,100,100
41.3109,100,100
41.3107,100,100
41.3105,100,100
41.3103,100,100
41.3101,100,100
41.3099,100,100
41.3097,100,100
41.3095,100,100
41.3093,100,100
41.3091,100,100
41.3089,100,100
41.3087,100,100
41.3084,100,100
41.3082,100,100
41.308,100,100
41.3078,100,100
41.3076,100,100
41.3074,100,100
41.3072,100,100
41.307,100,100
41.3068,100,100
41.3066,100,100
41.3064,100,100
41.3062,100,100
41.306,100,100
41.3058,100,100
41.3056,100,100
41.3054,100,100
41.3051,100,100
41.3049,100,100
41.3047,100,100
41.3045,100,100
41.3043,100,100
41.3041,100,100
41.3039,100,100
41.3037,100,100
41.3035,100,100
41.3033,100,100
41.3031,100,100
41.3029,100,100
41.3027,100,100
41.3025,100,100
41.3023,100,100
41.3021,100,100
41.3019,100,100
41.3017,100,100
41.3015,100,100
41.3013,100,100
41.3011,100,100
41.3009,100,100
41.3007,100,100
41.3005,100,100
41.3003,100,100
41.3001,100,100
41.2999,100,100
41.2996,100,100
41.2994,100,100
41.2992,100,100
41.299,100,100
41.2988,100,100
41.2986,100,100
41.2984,100,100
41.2982,100,100
41.298,100,100
41.2978,100,100
41.2976,100,100
41.2974,100,100
41.2972,100,100
41.297,100,100
41.2968,100,100
41.2966,100,100
41.2964,100,100
41.2962,100,100
41.296,100,100
41.2958,100,100
41.2956,100,100
41.2954,100,100
41.2952,100,100
41.295,100,100
41.2948,100,100
41.2946,100,100
41.2944,100,100
41.2941,100,100
41.2939,100,100
41.2937,100,100
41.2935,100,100
41.2933,100,100
41.2931,100,100
41.2929,100,100
41.2927,100,100
41.2925,100,100
41.2923,100,100
41.2921,100,100
41.2919,100,100
41.2917,100,100
41.2915,100,100
41.2913,100,100
41.2911,100,100
41.2909,100,100
41.2907,100,100
41.2905,100,100
41.2903,100,100
41.2901,100,100
41.2899,100,100
41.2897,100,100
41.2895,100,100
41.2893,100,100
41.2891,100,100
41.2889,100,100
41.2886,100,100
41.2884,100,100
41.2882,100,100
41.288,100,100
41.2878,100,100
41.2876,100,100
41.2874,100,100
41.2872,100,100
41.287,100,100
41.2868,100,100
41.2866,100,100
41.2864,100,100
41.2862,100,100
41.286,100,100
41.2858,100,100
41.2856,100,100
41.2854,100,100
41.2852,100,100
41.285,100,100
41.2848,100,100
41.2845,100,100
41.2843,100,100
41.2841,100,100
41.2839,100,100
41.2837,100,100
41.2835,100,100
41.2833,100,100
41.2831,100,100
41.2829,100,100
41.2827,100,100
41.2825,100,100
41.2823,100,100
41.2821,100,100
41.2819,100,100
41.2816,100,100
41.2814,100,100
41.2812,100,100
41.281,100,100
41.2808,100,100
41.2806,100,100
41.2804,100,100
41.2802,100,100
41.28,100,100
41.2798,100,100
41.2796,100,100
41.2794,100,100
41.2792,100,100
41.2789,100,100
41.2787,100,100
41.2785,100,100
41.2783,100,100
41.2781,100,100
41.2779,100,100
41.2777,100,100
41.2775,100,100
41.2773,100,100
41.2771,100,100
41.2769,100,100
41.2767,100,100
41.2765,100,100
41.2763,100,100
41.276,100,100
41.2758,100,100
41.2756,100,100
41.2754,100,100
41.2752,100,100
41.275,100,100
41.2748,100,100
41.2746,100,100
41.2744,100,100
41.2742,100,100
41.274,100,100
41.2738,100,100
41.2736,100,100
41.2733,100,100
41.2731,100,100
41.2729,100,100
41.2727,100,100
41.2725,100,100
41.2723,100,100
41.2721,100,100
41.2719,100,100
41.2717,100,100
41.2715,100,100
41.2713,100,100
41.2711,100,100
41.2709,100,100
41.2707,100,100
41.2704,100,100
41.2702,100,100
41.27,100,100
41.2698,100,100
41.2696,100,100
41.2694,100,100
41.2692,100,100
41.269,100,100
41.2688,100,100
41.2686,100,100
41.2684,100,100
41.2682,100,100
41.268,100,100
41.2677,100,100
41.2675,100,100
41.2673,100,100
41.2671,100,100
41.2669,100,100
41.2667,100,100
41.2665,100,100
41.2663,100,100
41.2661,100,100
41.2659,100,100
41.2657,100,100
41.2655,100,100
41.2653,100,100
41.2651,100,100
41.2649,100,100
41.2646,100,100
41.2644,100,100
41.2642,100,100
41.264,100,100
41.2638,100,100
41.2636,100,100
41.2634,100,100
41.2632,100,100
41.263,100,100
41.2628,100,100
41.2626,100,100
41.2624,100,100
41.2622,100,100
41.262,100,100
41.2618,100,100
41.2616,100,100
41.2614,100,100
41.2612,100,100
41.261,100,100
41.2608,100,100
41.2606,100,100
41.2604,100,100
41.2602,100,100
41.26,100,100
41.2598,100,100
41.2596,100,100
41.2594,100,100
41.2592,100,100
41.259,100,100
41.2588,100,100
41.2586,100,100
41.2584,100,100
41.2582,100,100
41.258,100,100
41.2577,100,100
41.2575,100,100
41.2573,100,100
41.2571,100,100
41.2569,100,100
41.2567,100,100
41.2565,100,100
41.2563,100,100
41.2561,100,100
41.2559,100,100
41.2557,100,100
41.2555,100,100
41.2553,100,100
41.2551,100,100
41.2549,100,100
41.2547,100,100
41.2545,100,100
41.2543,100,100
41.2541,100,100
41.2539,100,100
41.2537,100,100
41.2535,100,100
41.2533,100,100
41.2531,100,100
41.2529,100,100
41.2527,100,100
41.2525,100,100
41.2523,100,100
41.2521,100,100
41.2519,100,100
41.2517,100,100
41.2515,100,100
41.2513,100,100
41.2511,100,100
41.2509,100,100
41.2506,100,100
41.2504,100,100
41.2502,100,100
41.25,100,100
41.2498,100,100
41.2496,100,100
41.2494,100,100
41.2492,100,100
41.249,100,100
41.2488,100,100
41.2486,100,100
41.2484,100,100
41.2482,100,100
41.248,100,100
41.2478,100,100
41.2476,100,100
41.2474,100,100
41.2472,100,100
41.247,100,100
41.2468,100,100
41.2466,100,100
41.2464,100,100
41.2462,100,100
41.246,100,100
41.2458,100,100
41.2456,100,100
41.2454,100,100
41.2452,100,100
41.245,100,100
41.2448,100,100
41.2446,100,100
41.2444,100,100
41.2442,100,100
41.244,100,100
41.2438,100,100
41.2436,100,100
41.2433,100,100
41.2431,100,100
41.2429,100,100
41.2427,100,100
41.2425,100,100
41.2423,100,100
41.2421,100,100
41.2419,100,100
41.2417,100,100
41.2415,100,100
41.2413,100,100
41.2411,100,100
41.2409,100,100
41.2407,100,100
41.2405,100,100
41.2403,100,100
41.2401,100,100
41.2399,100,100
41.2397,100,100
41.2395,100,100
41.2393,100,100
41.2391,100,100
41.2389,100,100
41.2387,100,100
41.2385,100,100
41.2383,100,100
41.2381,100,100
41.2379,100,100
41.2377,100,100
41.2375,100,100
41.2373,100,100
41.2371,100,100
41.2369,100,100
41.2367,100,100
41.2365,100,100
41.2363,100,100
41.2361,100,100
41.2359,100,100
41.2357,100,100
41.2355,100,100
41.2353,100,100
41.2351,100,100
41.2349,100,100
41.2347,100,100
41.2345,100,100
41.2342,100,100
41.234,100,100
41.2338,100,100
41.2336,100,100
41.2334,100,100
41.2332,100,100
41.233,100,100
41.2328,100,100
41.2326,100,100
41.2324,100,100
41.2322,100,100
41.232,100,100
41.2318,100,100
41.2316,100,100
41.2314,100,100
41.2312,100,100
41.231,100,100
41.2308,100,100
41.2306,100,100
41.2304,100,100
41.2302,100,100
41.23,100,100
41.2298,100,100
41.2296,100,100
41.2294,100,100
41.2292,100,100
41.229,100,100
41.2288,100,100
41.2286,100,100
41.2284,100,100
41.2282,100,100
41.228,100,100
41.2278,100,100
41.2276,100,100
41.2274,100,100
41.2272,100,100
41.227,100,100
41.2268,100,100
41.2266,100,100
41.2264,100,100
41.2262,100,100
41.226,100,100
41.2258,100,100
41.2256,100,100
41.2254,100,100
41.2251,100,100
41.2249,100,100
41.2247,100,100
41.2245,100,100
41.2243,100,100
41.2241,100,100
41.2239,100,100
41.2237,100,100
41.2235,100,100
41.2233,100,100
41.2231,100,100
41.2229,100,100
41.2227,100,100
41.2225,100,100
41.2223,100,100
41.2221,100,100
41.2219,100,100
41.2217,100,100
41.2215,100,100
41.2213,100,100
41.2211,100,100
41.2209,100,100
41.2207,100,100
41.2205,100,100
41.2203,100,100
41.2201,100,100
41.2199,100,100
41.2197,100,100
41.2195,100,100
41.2193,100,100
41.2191,100,100
41.2189,100,100
41.2187,100,100
41.2185,100,100
41.2183,100,100
41.2181,100,100
41.2179,100,100
41.2177,100,100
41.2175,100,100
41.2173,100,100
41.2171,100,100
41.2169,100,100
41.2167,100,100
41.2165,100,100
41.2163,100,100
41.2161,100,100
41.2158,100,100
41.2156,100,100
41.2154,100,100
41.2152,100,100
41.215,100,100
41.2148,100,100
41.2146,100,100
41.2144,100,100
41.2142,100,100
41.214,100,100
41.2138,100,100
41.2136,100,100
41.2134,100,100
41.2132,100,100
41.213,100,100
41.2128,100,100
41.2126,100,100
41.2124,100,100
41.2122,100,100
41.212,100,100
41.2118,100,100
41.2116,100,100
41.2114,100,100
41.2112,100,100
41.211,100,100
41.2108,100,100
41.2106,100,100
41.2104,100,100
41.2102,100,100
41.21,100,100
41.2098,100,100
41.2096,100,100
41.2094,100,100
41.2092,100,100
41.209,100,100
41.2088,100,100
41.2086,100,100
41.2084,100,100
41.2082,100,100
41.208,100,100
41.2078,100,100
41.2076,100,100
41.2074,100,100
41.2072,100,100
41.207,100,100
41.2068,100,100
41.2065,100,100
41.2063,100,100
41.2061,100,100
41.2059,100,100
41.2057,100,100
41.2055,100,100
41.2053,100,100
41.2051,100,100
41.2049,100,100
41.2047,100,100
41.2045,100,100
41.2043,100,100
41.2041,100,100
41.2039,100,100
41.2037,100,100
41.2035,100,100
41.2033,100,100
41.2031,100,100
41.2029,100,100
41.2027,100,100
41.2025,100,100
41.2023,100,100
41.2021,100,100
41.2019,100,100
41.2017,100,100
41.2015,100,100
41.2013,100,100
41.2011,100,100
41.2009,100,100
41.2007,100,100
41.2005,100,100
41.2003,100,100
41.2001,100,100
41.1999,100,100
41.1997,100,100
41.1995,100,100
41.1993,100,100
41.1991,100,100
41.1989,100,100
41.1987,100,100
41.1985,100,100
41.1983,100,100
41.1981,100,100
41.1979,100,100
41.1977,100,100
41.1975,100,100
41.1972,100,100
41.197,100,100
41.1968,100,100
41.1966,100,100
41.1964,100,100
41.1962,100,100
41.196,100,100
41.1958,100,100
41.1956,100,100
41.1954,100,100
41.1952,100,100
41.195,100,100
41.1948,100,100
41.1946,100,100
41.1944,100,100
41.1942,100,100
41.194,100,100
41.1938,100,100
41.1936,100,100
41.1934,100,100
41.1932,100,100
41.193,100,100
41.1928,100,100
41.1926,100,100
41.1924,100,100
41.1922,100,100
41.192,100,100
41.1918,100,100
41.1916,100,100
41.1914,100,100
41.1912,100,100
41.191,100,100
41.1908,100,100
41.1906,100,100
41.1904,100,100
41.1902,100,100
41.19,100,100
41.1898,100,100
41.1896,100,100
41.1894,100,100
41.1892,100,100
41.189,100,100
41.1888,100,100
41.1886,100,100
41.1884,100,100
41.1882,100,100
41.188,100,100
41.1877,100,100
41.1875,100,100
41.1873,100,100
41.1871,100,100
41.1869,100,100
41.1867,100,100
41.1865,100,100
41.1863,100,100
41.1861,100,100
41.1859,100,100
41.1857,100,100
41.1855,100,100
41.1853,100,100
41.1851,100,100
41.1849,100,100
41.1847,100,100
41.1845,100,100
41.1843,100,100
41.1841,100,100
41.1839,100,100
41.1837,100,100
41.1835,100,100
41.1833,100,100
41.1831,100,100
41.1829,100,100
41.1827,100,100
41.1825,100,100
41.1823,100,100
41.1821,100,100
41.1819,100,100
41.1817,100,100
41.1815,100,100
41.1813,100,100
41.1811,100,100
41.1809,100,100
41.1807,100,100
41.1805,100,100
41.1803,100,100
41.1801,100,100
41.1799,100,100
41.1797,100,100
41.1795,100,100
41.1793,100,100
41.1791,100,100
41.1789,100,100
41.1787,100,100
41.1785,100,100
41.1783,100,100
41.1781,100,100
41.1779,100,100
41.1777,100,100
41.1775,100,100
41.1773,100,100
41.1771,100,100
41.1769,100,100
41.1768,100,100
41.1766,100,100
41.1764,100,100
41.1762,100,100
41.176,100,100
41.1758,100,100
41.1756,100,100
41.1754,100,100
41.1752,100,100
41.175,100,100
41.1748,100,100
41.1746,100,100
41.1744,100,100
41.1742,100,100
41.174,100,100
41.1738,100,100
41.1736,100,100
41.1734,100,100
41.1732,100,100
41.173,100,100
41.1728,100,100
41.1726,100,100
41.1724,100,100
41.1722,100,100
41.172,100,100
41.1718,100,100
41.1716,100,100
41.1714,100,100
41.1712,100,100
41.171,100,100
41.1708,100,100
41.1706,100,100
41.1704,100,100
41.1702,100,100
41.17,100,100
41.1698,100,100
41.1696,100,100
41.1694,100,100
41.1692,100,100
41.169,100,100
41.1688,100,100
41.1686,100,100
41.1684,100,100
41.1682,100,100
41.168,100,100
41.1678,100,100
41.1676,100,100
41.1674,100,100
41.1672,100,100
41.167,100,100
41.1668,100,100
41.1666,100,100
41.1664,100,100
41.1662,100,100
41.166,100,100
41.1658,100,100
41.1656,100,100
41.1654,100,100
41.1652,100,100
41.165,100,100
41.1648,100,100
41.1646,100,100
41.1644,100,100
41.1642,100,100
41.164,100,100
41.1638,100,100
41.1636,100,100
41.1634,100,100
41.1632,100,100
41.163,100,100
41.1628,100,100
41.1626,100,100
41.1624,100,100
41.1622,100,100
41.1621,100,100
41.1619,100,100
41.1617,100,100
41.1615,100,100
41.1613,100,100
41.1611,100,100
41.1609,100,100
41.1607,100,100
41.1605,100,100
41.1603,100,100
41.1601,100,100
41.1599,100,100
41.1597,100,100
41.1595,100,100
41.1593,100,100
41.1591,100,100
41.1589,100,100
41.1587,100,100
41.1585,100,100
41.1583,100,100
41.1581,100,100
41.1579,100,100
41.1577,100,100
41.1575,100,100
41.1573,100,100
41.1571,100,100
41.1569,100,100
41.1567,100,100
41.1565,100,100
41.1563,100,100
41.1561,100,100
41.1559,100,100
41.1557,100,100
41.1555,100,100
41.1554,100,100
41.1552,100,100
41.155,100,100
41.1548,100,100
41.1546,100,100
41.1544,100,100
41.1542,100,100
41.154,100,100
41.1538,100,100
41.1536,100,100
41.1534,100,100
41.1532,100,100
41.153,100,100
41.1528,100,100
41.1526,100,100
41.1524,100,100
41.1522,100,100
41.152,100,100
41.1518,100,100
41.1516,100,100
41.1514,100,100
41.1512,100,100
41.151,100,100
41.1508,100,100
41.1506,100,100
41.1504,100,100
41.1502,100,100
41.15,100,100
41.1498,100,100
41.1496,100,100
41.1494,100,100
41.1492,100,100
41.149,100,100
41.1488,100,100
41.1487,100,100
41.1485,100,100
41.1483,100,100
41.1481,100,100
41.1479,100,100
41.1477,100,100
41.1475,100,100
41.1473,100,100
41.1471,100,100
41.1469,100,100
41.1467,100,100
41.1465,100,100
41.1463,100,100
41.1461,100,100
41.1459,100,100
41.1457,100,100
41.1455,100,100
41.1453,100,100
41.1451,100,100
41.1449,100,100
41.1447,100,100
41.1445,100,100
41.1443,100,100
41.1441,100,100
41.1439,100,100
41.1437,100,100
41.1435,100,100
41.1433,100,100
41.1431,100,100
41.1429,100,100
41.1427,100,100
41.1425,100,100
41.1423,100,100
41.1422,100,100
41.142,100,100
41.1418,100,100
41.1416,100,100
41.1414,100,100
41.1412,100,100
41.141,100,100
41.1408,100,100
41.1406,100,100
41.1404,100,100
41.1402,100,100
41.14,100,100
41.1398,100,100
41.1396,100,100
41.1394,100,100
41.1392,100,100
41.139,100,100
41.1388,100,100
41.1386,100,100
41.1384,100,100
41.1382,100,100
41.138,100,100
41.1378,100,100
41.1376,100,100
41.1374,100,100
41.1372,100,100
41.137,100,100
41.1368,100,100
41.1366,100,100
41.1364,100,100
41.1362,100,100
41.136,100,100
41.1358,100,100
41.1356,100,100
41.1355,100,100
41.1353,100,100
41.1351,100,100
41.1349,100,100
41.1347,100,100
41.1345,100,100
41.1343,100,100
41.1341,100,100
41.1339,100,100
41.1337,100,100
41.1335,100,100
41.1333,100,100
41.1331,100,100
41.1329,100,100
41.1327,100,100
41.1325,100,100
41.1323,100,100
41.1321,100,100
41.1319,100,100
41.1317,100,100
41.1315,100,100
41.1313,100,100
41.1311,100,100
41.1309,100,100
41.1307,100,100
41.1305,100,100
41.1303,100,100
41.1301,100,100
41.1299,100,100
41.1297,100,100
41.1295,100,100
41.1293,100,100
41.1291,100,100
41.129,100,100
41.1288,100,100
41.1286,100,100
41.1284,100,100
41.1282,100,100
41.128,100,100
41.1278,100,100
41.1276,100,100
41.1274,100,100
41.1272,100,100
41.127,100,100
41.1268,100,100
41.1266,100,100
41.1264,100,100
41.1262,100,100
41.126,100,100
41.1258,100,100
41.1256,100,100
41.1254,100,100
41.1252,100,100
41.125,100,100
41.1248,100,100
41.1246,100,100
41.1244,100,100
41.1242,100,100
41.124,100,100
41.1238,100,100
41.1236,100,100
41.1234,100,100
41.1232,100,100
41.123,100,100
41.1228,100,100
41.1226,100,100
41.1224,100,100
41.1223,100,100
41.1221,100,100
41.1219,100,100
41.1217,100,100
41.1215,100,100
41.1213,100,100
41.1211,100,100
41.1209,100,100
41.1207,100,100
41.1205,100,100
41.1203,100,100
41.1201,100,100
41.1199,100,100
41.1197,100,100
41.1195,100,100
41.1193,100,100
41.1191,100,100
41.1189,100,100
41.1187,100,100
41.1185,100,100
41.1183,100,100
41.1181,100,100
41.1179,100,100
41.1177,100,100
41.1175,100,100
41.1173,100,100
41.1171,100,100
41.1169,100,100
41.1167,100,100
41.1165,100,100
41.1163,100,100
41.1161,100,100
41.1159,100,100
41.1157,100,100
41.1156,100,100
41.1154,100,100
41.1152,100,100
41.115,100,100
41.1148,100,100
41.1146,100,100
41.1144,100,100
41.1142,100,100
41.114,100,100
41.1138,100,100
41.1136,100,100
41.1134,100,100
41.1132,100,100
41.113,100,100
41.1128,100,100
41.1126,100,100
41.1124,100,100
41.1122,100,100
41.112,100,100
41.1118,100,100
41.1116,100,100
41.1114,100,100
41.1112,100,100
41.111,100,100
41.1108,100,100
41.1106,100,100
41.1104,100,100
41.1102,100,100
41.11,100,100
41.1098,100,100
41.1096,100,100
41.1094,100,100
41.1092,100,100
41.1091,100,100
41.1089,100,100
41.1087,100,100
41.1085,100,100
41.1083,100,100
41.1081,100,100
41.1079,100,100
41.1077,100,100
41.1075,100,100
41.1073,100,100
41.1071,100,100
41.1069,100,100
41.1067,100,100
41.1065,100,100
41.1063,100,100
41.1061,100,100
41.1059,100,100
41.1057,100,100
41.1055,100,100
41.1053,100,100
41.1051,100,100
41.1049,100,100
41.1047,100,100
41.1045,100,100
41.1043,100,100
41.1041,100,100
41.1039,100,100
41.1037,100,100
41.1035,100,100
41.1033,100,100
41.1031,100,100
41.1029,100,100
41.1027,100,100
41.1025,100,100
41.1024,100,100
41.1022,100,100
41.102,100,100
41.1018,100,100
41.1016,100,100
41.1014,100,100
41.1012,100,100
41.101,100,100
41.1008,100,100
41.1006,100,100
41.1004,100,100
41.1002,100,100
41.1,100,100
41.0998,100,100
41.0996,100,100
41.0994,100,100
41.0992,100,100
41.099,100,100
41.0988,100,100
41.0986,100,100
41.0984,100,100
41.0982,100,100
41.098,100,100
41.0978,100,100
41.0976,100,100
41.0974,100,100
41.0972,100,100
41.097,100,100
41.0968,100,100
41.0966,100,100
41.0964,100,100
41.0962,100,100
41.096,100,100
41.0958,100,100
41.0957,100,100
41.0955,100,100
41.0953,100,100
41.0951,100,100
41.0949,100,100
41.0947,100,100
41.0945,100,100
41.0943,100,100
41.0941,100,100
41.0939,100,100
41.0937,100,100
41.0935,100,100
41.0933,100,100
41.0931,100,100
41.0929,100,100
41.0927,100,100
41.0925,100,100
41.0923,100,100
41.0921,100,100
41.0919,100,100
41.0917,100,100
41.0915,100,100
41.0913,100,100
41.0911,100,100
41.0909,100,100
41.0907,100,100
41.0905,100,100
41.0903,100,100
41.0901,100,100
41.0899,100,100
41.0897,100,100
41.0895,100,100
41.0893,100,100
41.0892,100,100
41.089,100,100
41.0888,100,100
41.0886,100,100
41.0884,100,100
41.0882,100,100
41.088,100,100
41.0878,100,100
41.0876,100,100
41.0874,100,100
41.0872,100,100
41.087,100,100
41.0868,100,100
41.0866,100,100
41.0864,100,100
41.0862,100,100
41.086,100,100
41.0858,100,100
41.0856,100,100
41.0854,100,100
41.0852,100,100
41.085,100,100
41.0848,100,100
41.0846,100,100
41.0844,100,100
41.0842,100,100
41.084,100,100
41.0838,100,100
41.0836,100,100
41.0834,100,100
41.0832,100,100
41.083,100,100
41.0828,100,100
41.0826,100,100
41.0825,100,100
41.0823,100,100
41.0821,100,100
41.0819,100,100
41.0817,100,100
41.0815,100,100
41.0813,100,100
41.0811,100,100
41.0809,100,100
41.0807,100,100
41.0805,100,100
41.0803,100,100
41.0801,100,100
41.0799,100,100
41.0797,100,100
41.0795,100,100
41.0793,100,100
41.0791,100,100
41.0789,100,100
41.0787,100,100
41.0785,100,100
41.0783,100,100
41.0781,100,100
41.0779,100,100
41.0777,100,100
41.0775,100,100
41.0773,100,100
41.0771,100,100
41.0769,100,100
41.0767,100,100
41.0765,100,100
41.0763,100,100
41.0761,100,100
41.0759,100,100
41.0758,100,100
41.0756,100,100
41.0754,100,100
41.0752,100,100
41.075,100,100
41.0748,100,100
41.0746,100,100
41.0744,100,100
41.0742,100,100
41.074,100,100
41.0738,100,100
41.0736,100,100
41.0734,100,100
41.0732,100,100
41.073,100,100
41.0728,100,100
41.0726,100,100
41.0724,100,100
41.0722,100,100
41.072,100,100
41.0718,100,100
41.0716,100,100
41.0714,100,100
41.0712,100,100
41.071,100,100
41.0708,100,100
41.0706,100,100
41.0704,100,100
41.0702,100,100
41.07,100,100
41.0698,100,100
41.0696,100,100
41.0694,100,100
41.0693,100,100
41.0691,100,100
41.0689,100,100
41.0687,100,100
41.0685,100,100
41.0683,100,100
41.0681,100,100
41.0679,100,100
41.0677,100,100
41.0675,100,100
41.0673,100,100
41.0671,100,100
41.0669,100,100
41.0667,100,100
41.0665,100,100
41.0663,100,100
41.0661,100,100
41.0659,100,100
41.0657,100,100
41.0655,100,100
41.0653,100,100
41.0651,100,100
41.0649,100,100
41.0647,100,100
41.0645,100,100
41.0643,100,100
41.0641,100,100
41.0639,100,100
41.0637,100,100
41.0635,100,100
41.0633,100,100
41.0631,100,100
41.0629,100,100
41.0627,100,100
41.0626,100,100
41.0624,100,100
41.0622,100,100
41.062,100,100
41.0618,100,100
41.0616,100,100
41.0614,100,100
41.0612,100,100
41.061,100,100
41.0608,100,100
41.0606,100,100
41.0604,100,100
41.0602,100,100
41.06,100,100
41.0598,100,100
41.0596,100,100
41.0594,100,100
41.0592,100,100
41.059,100,100
41.0588,100,100
41.0586,100,100
41.0584,100,100
41.0582,100,100
41.058,100,100
41.0578,100,100
41.0576,100,100
41.0574,100,100
41.0572,100,100
41.057,100,100
41.0568,100,100
41.0566,100,100
41.0564,100,100
41.0562,100,100
41.056,100,100
41.0559,100,100
41.0557,100,100
41.0555,100,100
41.0553,100,100
41.0551,100,100
41.0549,100,100
41.0547,100,100
41.0545,100,100
41.0543,100,100
41.0541,100,100
41.0539,100,100
41.0537,100,100
41.0535,100,100
41.0533,100,100
41.0531,100,100
41.0529,100,100
41.0527,100,100
41.0525,100,100
41.0523,100,100
41.0521,100,100
41.0519,100,100
41.0517,100,100
41.0515,100,100
41.0513,100,100
41.0511,100,100
41.0509,100,100
41.0507,100,100
41.0505,100,100
41.0503,100,100
41.0501,100,100
41.0499,100,100
41.0497,100,100
41.0495,100,100
41.0494,100,100
41.0492,100,100
41.049,100,100
41.0488,100,100
41.0486,100,100
41.0484,100,100
41.0482,100,100
41.048,100,100
41.0478,100,100
41.0476,100,100
41.0474,100,100
41.0472,100,100
41.047,100,100
41.0468,100,100
41.0466,100,100
41.0464,100,100
41.0462,100,100
41.046,100,100
41.0458,100,100
41.0456,100,100
41.0454,100,100
41.0452,100,100
41.045,100,100
41.0448,100,100
41.0446,100,100
41.0444,100,100
41.0442,100,100
41.044,100,100
41.0438,100,100
41.0436,100,100
41.0434,100,100
41.0432,100,100
41.043,100,100
41.0428,100,100
41.0427,100,100
41.0425,100,100
41.0423,100,100
41.0421,100,100
41.0419,100,100
41.0417,100,100
41.0415,100,100
41.0413,100,100
41.0411,100,100
41.0409,100,100
41.0407,100,100
41.0405,100,100
41.0403,100,100
41.0401,100,100
41.0399,100,100
41.0397,100,100
41.0395,100,100
41.0393,100,100
41.0391,100,100
41.0389,100,100
41.0387,100,100
41.0385,100,100
41.0383,100,100
41.0381,100,100
41.0379,100,100
41.0377,100,100
41.0375,100,100
41.0373,100,100
41.0371,100,100
41.0369,100,100
41.0367,100,100
41.0365,100,100
41.0363,100,100
41.0361,100,100
41.036,100,100
41.0358,100,100
41.0356,100,100
41.0354,100,100
41.0352,100,100
41.035,100,100
41.0348,100,100
41.0346,100,100
41.0344,100,100
41.0342,100,100
41.034,100,100
41.0338,100,100
41.0336,100,100
41.0334,100,100
41.0332,100,100
41.033,100,100
41.0328,100,100
41.0326,100,100
41.0324,100,100
41.0322,100,100
41.032,100,100
41.0318,100,100
41.0316,100,100
41.0314,100,100
41.0312,100,100
41.031,100,100
41.0308,100,100
41.0306,100,100
41.0304,100,100
41.0302,100,100
41.03,100,100
41.0298,100,100
41.0296,100,100
41.0295,100,100
41.0293,100,100
41.0291,100,100
41.0289,100,100
41.0287,100,100
41.0285,100,100
41.0283,100,100
41.0281,100,100
41.0279,100,100
41.0277,100,100
41.0275,100,100
41.0273,100,100
41.0271,100,100
41.0269,100,100
41.0267,100,100
41.0265,100,100
41.0263,100,100
41.0261,100,100
41.0259,100,100
41.0257,100,100
41.0255,100,100
41.0253,100,100
41.0251,100,100
41.0249,100,100
41.0247,100,100
41.0245,100,100
41.0243,100,100
41.0241,100,100
41.0239,100,100
41.0237,100,100
41.0235,100,100
41.0233,100,100
41.0231,100,100
41.0229,100,100
41.0228,100,100
41.0226,100,100
41.0224,100,100
41.0222,100,100
41.022,100,100
41.0218,100,100
41.0216,100,100
41.0214,100,100
41.0212,100,100
41.021,100,100
41.0208,100,100
41.0206,100,100
41.0204,100,100
41.0202,100,100
41.02,100,100
41.0198,100,100
41.0196,100,100
41.0194,100,100
41.0192,100,100
41.019,100,100
41.0188,100,100
41.0186,100,100
41.0184,100,100
41.0182,100,100
41.018,100,100
41.0178,100,100
41.0176,100,100
41.0174,100,100
41.0172,100,100
41.017,100,100
41.0168,100,100
41.0166,100,100
41.0164,100,100
41.0162,100,100
41.0161,100,100
41.0159,100,100
41.0157,100,100
41.0155,100,100
41.0153,100,100
41.0151,100,100
41.0149,100,100
41.0147,100,100
41.0145,100,100
41.0143,100,100
41.0141,100,100
41.0139,100,100
41.0137,100,100
41.0135,100,100
41.0133,100,100
41.0131,100,100
41.0129,100,100
41.0127,100,100
41.0125,100,100
41.0123,100,100
41.0121,100,100
41.0119,100,100
41.0117,100,100
41.0115,100,100
41.0113,100,100
41.0111,100,100
41.0109,100,100
41.0107,100,100
41.0105,100,100
41.0103,100,100
41.0101,100,100
41.0099,100,100
41.0097,100,100
41.0096,100,100
41.0094,100,100
41.0092,100,100
41.009,100,100
41.0088,100,100
41.0086,100,100
41.0084,100,100
41.0082,100,100
41.008,100,100
41.0078,100,100
41.0076,100,100
41.0074,100,100
41.0072,100,100
41.007,100,100
41.0068,100,100
41.0066,100,100
41.0064,100,100
41.0062,100,100
41.006,100,100
41.0058,100,100
41.0056,100,100
41.0054,100,100
41.0052,100,100
41.005,100,100
41.0048,100,100
41.0046,100,100
41.0044,100,100
41.0042,100,100
41.004,100,100
41.0038,100,100
41.0037,100,100
41.0035,100,100
41.0033,100,100
41.0031,100,100
41.0029,100,100
41.0027,100,100
41.0025,100,100
41.0023,100,100
41.0021,100,100
41.0019,100,100
41.0017,100,100
41.0015,100,100
41.0013,100,100
41.0011,100,100
41.0009,100,100
41.0007,100,100
41.0005,100,100
41.0003,100,100
41.0001,100,100
40.9999,100,100
40.9997,100,100
40.9995,100,100
40.9993,100,100
40.9991,100,100
40.9989,100,100
40.9987,100,100
40.9985,100,100
40.9984,100,100
40.9982,100,100
40.998,100,100
40.9978,100,100
40.9976,100,100
40.9974,100,100
40.9972,100,100
40.997,100,100
40.9968,100,100
40.9966,100,100
40.9964,100,100
40.9962,100,100
40.996,100,100
40.9958,100,100
40.9956,100,100
40.9954,100,100
40.9952,100,100
40.995,100,100
40.9948,100,100
40.9946,100,100
40.9944,100,100
40.9942,100,100
40.994,100,100
40.9938,100,100
40.9936,100,100
40.9934,100,100
40.9932,100,100
40.9931,100,100
40.9929,100,100
40.9927,100,100
40.9925,100,100
40.9923,100,100
40.9921,100,100
40.9919,100,100
40.9917,100,100
40.9915,100,100
40.9913,100,100
40.9911,100,100
40.9909,100,100
40.9907,100,100
40.9905,100,100
40.9903,100,100
40.9901,100,100
40.9899,100,100
40.9897,100,100
40.9895,100,100
40.9893,100,100
40.9891,100,100
40.9889,100,100
40.9887,100,100
40.9885,100,100
40.9883,100,100
40.9881,100,100
40.9879,100,100
40.9878,100,100
40.9876,100,100
40.9874,100,100
40.9872,100,100
40.987,100,100
40.9868,100,100
40.9866,100,100
40.9864,100,100
40.9862,100,100
40.986,100,100
40.9858,100,100
40.9856,100,100
40.9854,100,100
40.9852,100,100
40.985,100,100
40.9848,100,100
40.9846,100,100
40.9844,100,100
40.9842,100,100
40.984,100,100
40.9838,100,100
40.9836,100,100
40.9834,100,100
40.9832,100,100
40.983,100,100
40.9828,100,100
40.9826,100,100
40.9824,100,100
40.9822,100,100
40.982,100,100
40.9818,100,100
40.9816,100,100
40.9815,100,100
40.9813,100,100
40.9811,100,100
40.9809,100,100
40.9807,100,100
40.9805,100,100
40.9803,100,100
40.9801,100,100
40.9799,100,100
40.9797,100,100
40.9795,100,100
40.9793,100,100
40.9791,100,100
40.9789,100,100
40.9787,100,100
40.9785,100,100
40.9783,100,100
40.9781,100,100
40.9779,100,100
40.9777,100,100
40.9775,100,100
40.9773,100,100
40.9771,100,100
40.9769,100,100
40.9767,100,100
40.9765,100,100
40.9763,100,100
40.9761,100,100
40.9759,100,100
40.9757,100,100
40.9755,100,100
40.9753,100,100
40.9751,100,100
40.975,100,100
40.9748,100,100
40.9746,100,100
40.9744,100,100
40.9742,100,100
40.974,100,100
40.9738,100,100
40.9736,100,100
40.9734,100,100
40.9732,100,100
40.973,100,100
40.9728,100,100
40.9726,100,100
40.9724,100,100
40.9722,100,100
40.972,100,100
40.9718,100,100
40.9716,100,100
40.9714,100,100
40.9712,100,100
40.971,100,100
40.9708,100,100
40.9706,100,100
40.9704,100,100
40.9702,100,100
40.97,100,100
40.9698,100,100
40.9696,100,100
40.9694,100,100
40.9692,100,100
40.969,100,100
40.9688,100,100
40.9687,100,100
40.9685,100,100
40.9683,100,100
40.9681,100,100
40.9679,100,100
40.9677,100,100
40.9675,100,100
40.9673,100,100
40.9671,100,100
40.9669,100,100
40.9667,100,100
40.9665,100,100
40.9663,100,100
40.9661,100,100
40.9659,100,100
40.9657,100,100
40.9655,100,100
40.9653,100,100
40.9651,100,100
40.9649,100,100
40.9647,100,100
40.9645,100,100
40.9643,100,100
40.9641,100,100
40.9639,100,100
40.9637,100,100
40.9635,100,100
40.9633,100,100
40.9631,100,100
40.9629,100,100
40.9627,100,100
40.9625,100,100
40.9623,100,100
40.9621,100,100
40.962,100,100
40.9618,100,100
40.9616,100,100
40.9614,100,100
40.9612,100,100
40.961,100,100
40.9608,100,100
40.9606,100,100
40.9604,100,100
40.9602,100,100
40.96,100,100
40.9598,100,100
40.9596,100,100
40.9594,100,100
40.9592,100,100
40.959,100,100
40.9588,100,100
40.9586,100,100
40.9584,100,100
40.9582,100,100
40.958,100,100
40.9578,100,100
40.9576,100,100
40.9574,100,100
40.9572,100,100
40.957,100,100
40.9568,100,100
40.9566,100,100
40.9564,100,100
40.9562,100,100
40.956,100,100
40.9558,100,100
40.9556,100,100
40.9555,100,100
40.9553,100,100
40.9551,100,100
40.9549,100,100
40.9547,100,100
40.9545,100,100
40.9543,100,100
40.9541,100,100
40.9539,100,100
40.9537,100,100
40.9535,100,100
40.9533,100,100
40.9531,100,100
40.9529,100,100
40.9527,100,100
40.9525,100,100
40.9523,100,100
40.9521,100,100
40.9519,100,100
40.9517,100,100
40.9515,100,100
40.9513,100,100
40.9511,100,100
40.9509,100,100
40.9507,100,100
40.9505,100,100
40.9503,100,100
40.9501,100,100
40.9499,100,100
40.9497,100,100
40.9495,100,100
40.9493,100,100
40.9491,100,100
40.9489,100,100
40.9488,100,100
40.9486,100,100
40.9484,100,100
40.9482,100,100
40.948,100,100
40.9478,100,100
40.9476,100,100
40.9474,100,100
40.9472,100,100
40.947,100,100
40.9468,100,100
40.9466,100,100
40.9464,100,100
40.9462,100,100
40.946,100,100
40.9458,100,100
40.9456,100,100
40.9455,100,100
40.9453,100,100
40.9451,100,100
40.9449,100,100
40.9447,100,100
40.9445,100,100
40.9443,100,100
40.9441,100,100
40.9439,100,100
40.9437,100,100
40.9435,100,100
40.9433,100,100
40.9431,100,100
40.9429,100,100
40.9428,100,100
40.9426,100,100
40.9424,100,100
40.9422,100,100
40.942,100,100
40.9418,100,100
40.9416,100,100
40.9414,100,100
40.9412,100,100
40.941,100,100
40.9408,100,100
40.9406,100,100
40.9404,100,100
40.9402,100,100
40.9401,100,100
40.9399,100,100
40.9397,100,100
40.9395,100,100
40.9393,100,100
40.9391,100,100
40.9389,100,100
40.9387,100,100
40.9385,100,100
40.9383,100,100
40.9381,100,100
40.9379,100,100
40.9377,100,100
40.9376,100,100
40.9374,100,100
40.9372,100,100
40.937,100,100
40.9368,100,100
40.9366,100,100
40.9364,100,100
40.9362,100,100
40.936,100,100
40.9358,100,100
40.9356,100,100
40.9354,100,100
40.9352,100,100
40.935,100,100
40.9349,100,100
40.9347,100,100
40.9345,100,100
40.9343,100,100
40.9341,100,100
40.9339,100,100
40.9337,100,100
40.9335,100,100
40.9333,100,100
40.9331,100,100
40.9329,100,100
40.9327,100,100
40.9325,100,100
40.9323,100,100
40.9322,100,100
40.932,100,100
40.9318,100,100
40.9316,100,100
40.9314,100,100
40.9312,100,100
40.931,100,100
40.9308,100,100
40.9306,100,100
40.9304,100,100
40.9302,100,100
40.93,100,100
40.9298,100,100
40.9296,100,100
40.9295,100,100
40.9293,100,100
40.9291,100,100
40.9289,100,100
40.9287,100,100
40.9285,100,100
40.9283,100,100
40.9281,100,100
40.9279,100,100
40.9277,100,100
40.9275,100,100
40.9273,100,100
40.9271,100,100
40.927,100,100
40.9268,100,100
40.9266,100,100
40.9264,100,100
40.9262,100,100
40.926,100,100
40.9258,100,100
40.9256,100,100
40.9254,100,100
40.9252,100,100
40.925,100,100
40.9248,100,100
40.9247,100,100
40.9245,100,100
40.9243,100,100
40.9241,100,100
40.9239,100,100
40.9237,100,100
40.9235,100,100
40.9233,100,100
40.9231,100,100
40.9229,100,100
40.9227,100,100
40.9225,100,100
40.9224,100,100
40.9222,100,100
40.922,100,100
40.9218,100,100
40.9216,100,100
40.9214,100,100
40.9212,100,100
40.921,100,100
40.9208,100,100
40.9206,100,100
40.9204,100,100
40.9202,100,100
40.92,100,100
40.9199,100,100
40.9197,100,100
40.9195,100,100
40.9193,100,100
40.9191,100,100
40.9189,100,100
40.9187,100,100
40.9185,100,100
40.9183,100,100
40.9181,100,100
40.9179,100,100
40.9177,100,100
40.9176,100,100
40.9174,100,100
40.9172,100,100
40.917,100,100
40.9168,100,100
40.9166,100,100
40.9164,100,100
40.9162,100,100
40.916,100,100
40.9158,100,100
40.9156,100,100
40.9154,100,100
40.9153,100,100
40.9151,100,100
40.9149,100,100
40.9147,100,100
40.9145,100,100
40.9143,100,100
40.9141,100,100
40.9139,100,100
40.9137,100,100
40.9135,100,100
40.9133,100,100
40.9131,100,100
40.9129,100,100
40.9128,100,100
40.9126,100,100
40.9124,100,100
40.9122,100,100
40.912,100,100
40.9118,100,100
40.9116,100,100
40.9114,100,100
40.9112,100,100
40.911,100,100
40.9108,100,100
40.9106,100,100
40.9105,100,100
40.9103,100,100
40.9101,100,100
40.9099,100,100
40.9097,100,100
40.9095,100,100
40.9093,100,100
40.9091,100,100
40.9089,100,100
40.9087,100,100
40.9085,100,100
40.9083,100,100
40.9082,100,100
40.908,100,100
40.9078,100,100
40.9076,100,100
40.9074,100,100
40.9072,100,100
40.907,100,100
40.9068,100,100
40.9066,100,100
40.9064,100,100
40.9062,100,100
40.906,100,100
40.9058,100,100
40.9057,100,100
40.9055,100,100
40.9053,100,100
40.9051,100,100
40.9049,100,100
40.9047,100,100
40.9045,100,100
40.9043,100,100
40.9041,100,100
40.9039,100,100
40.9037,100,100
40.9035,100,100
40.9034,100,100
40.9032,100,100
40.903,100,100
40.9028,100,100
40.9026,100,100
40.9024,100,100
40.9022,100,100
40.902,100,100
40.9018,100,100
40.9016,100,100
40.9014,100,100
40.9012,100,100
40.9011,100,100
40.9009,100,100
40.9007,100,100
40.9005,100,100
40.9003,100,100
40.9001,100,100
40.8999,100,100
40.8997,100,100
40.8995,100,100
40.8993,100,100
40.8991,100,100
40.8989,100,100
40.8987,100,100
40.8986,100,100
40.8984,100,100
40.8982,100,100
40.898,100,100
40.8978,100,100
40.8976,100,100
40.8974,100,100
40.8972,100,100
40.897,100,100
40.8968,100,100
40.8966,100,100
40.8964,100,100
40.8963,100,100
40.8961,100,100
40.8959,100,100
40.8957,100,100
40.8955,100,100
40.8953,100,100
40.8951,100,100
40.8949,100,100
40.8947,100,100
40.8945,100,100
40.8943,100,100
40.8941,100,100
40.894,100,100
40.8938,100,100
40.8936,100,100
40.8934,100,100
40.8932,100,100
40.893,100,100
40.8928,100,100
40.8926,100,100
40.8924,100,100
40.8922,100,100
40.892,100,100
40.8918,100,100
40.8916,100,100
40.8915,100,100
40.8913,100,100
40.8911,100,100
40.8909,100,100
40.8907,100,100
40.8905,100,100
40.8903,100,100
40.8901,100,100
40.8899,100,100
40.8897,100,100
40.8895,100,100
40.8893,100,100
40.8892,100,100
40.889,100,100
40.8888,100,100
40.8886,100,100
40.8884,100,100
40.8882,100,100
40.888,100,100
40.8878,100,100
40.8876,100,100
40.8874,100,100
40.8872,100,100
40.887,100,100
40.8869,100,100
40.8867,100,100
40.8865,100,100
40.8863,100,100
40.8861,100,100
40.8859,100,100
40.8857,100,100
40.8855,100,100
40.8853,100,100
40.8851,100,100
40.8849,100,100
40.8847,100,100
40.8845,100,100
40.8844,100,100
40.8842,100,100
40.884,100,100
40.8838,100,100
40.8836,100,100
40.8834,100,100
40.8832,100,100
40.883,100,100
40.8828,100,100
40.8826,100,100
40.8824,100,100
40.8822,100,100
40.8821,100,100
40.8819,100,100
40.8817,100,100
40.8815,100,100
40.8813,100,100
40.8811,100,100
40.8809,100,100
40.8807,100,100
40.8805,100,100
40.8803,100,100
40.8801,100,100
40.8799,100,100
40.8798,100,100
40.8796,100,100
40.8794,100,100
40.8792,100,100
40.879,100,100
40.8788,100,100
40.8786,100,100
40.8784,100,100
40.8782,100,100
40.878,100,100
40.8778,100,100
40.8776,100,100
40.8774,100,100
40.8773,100,100
40.8771,100,100
40.8769,100,100
40.8767,100,100
40.8765,100,100
40.8763,100,100
40.8761,100,100
40.8759,100,100
40.8757,100,100
40.8755,100,100
40.8753,100,100
40.8751,100,100
40.875,100,100
40.8748,100,100
40.8746,100,100
40.8744,100,100
40.8742,100,100
40.874,100,100
40.8738,100,100
40.8736,100,100
40.8734,100,100
40.8732,100,100
40.873,100,100
40.8728,100,100
40.8727,100,100
40.8725,100,100
40.8723,100,100
40.8721,100,100
40.8719,100,100
40.8717,100,100
40.8715,100,100
40.8713,100,100
40.8711,100,100
40.8709,100,100
40.8707,100,100
40.8705,100,100
40.8703,100,100
40.8702,100,100
40.87,100,100
40.8698,100,100
40.8696,100,100
40.8694,100,100
40.8692,100,100
40.869,100,100
40.8688,100,100
40.8686,100,100
40.8684,100,100
40.8682,100,100
40.868,100,100
40.8679,100,100
40.8677,100,100
40.8675,100,100
40.8673,100,100
40.8671,100,100
40.8669,100,100
40.8667,100,100
40.8665,100,100
40.8663,100,100
40.8661,100,100
40.8659,100,100
40.8657,100,100
40.8656,100,100
40.8654,100,100
40.8652,100,100
40.865,100,100
40.8648,100,100
40.8646,100,100
40.8644,100,100
40.8642,100,100
40.864,100,100
40.8638,100,100
40.8636,100,100
40.8634,100,100
40.8632,100,100
40.8631,100,100
40.8629,100,100
40.8627,100,100
40.8625,100,100
40.8623,100,100
40.8621,100,100
40.8619,100,100
40.8617,100,100
40.8615,100,100
40.8613,100,100
40.8611,100,100
40.8609,100,100
40.8608,100,100
40.8606,100,100
40.8604,100,100
40.8602,100,100
40.86,100,100
40.8598,100,100
40.8596,100,100
40.8594,100,100
40.8592,100,100
40.859,100,100
40.8588,100,100
40.8586,100,100
40.8585,100,100
40.8583,100,100
40.8581,100,100
40.8579,100,100
40.8577,100,100
40.8575,100,100
40.8573,100,100
40.8571,100,100
40.8569,100,100
40.8567,100,100
40.8565,100,100
40.8563,100,100
40.8561,100,100
40.856,100,100
40.8558,100,100
40.8556,100,100
40.8554,100,100
40.8552,100,100
40.855,100,100
40.8548,100,100
40.8546,100,100
40.8544,100,100
40.8542,100,100
40.854,100,100
40.8538,100,100
40.8537,100,100
40.8535,100,100
40.8533,100,100
40.8531,100,100
40.8529,100,100
40.8527,100,100
40.8525,100,100
40.8523,100,100
40.8521,100,100
40.8519,100,100
40.8517,100,100
40.8515,100,100
40.8514,100,100
40.8512,100,100
40.851,100,100
40.8508,100,100
40.8506,100,100
40.8504,100,100
40.8502,100,100
40.85,100,100
40.8498,100,100
40.8496,100,100
40.8494,100,100
40.8492,100,100
40.849,100,100
40.8489,100,100
40.8487,100,100
40.8485,100,100
40.8483,100,100
40.8481,100,100
40.8479,100,100
40.8477,100,100
40.8475,100,100
40.8473,100,100
40.8471,100,100
40.8469,100,100
40.8467,100,100
40.8465,100,100
40.8464,100,100
40.8462,100,100
40.846,100,100
40.8458,100,100
40.8456,100,100
40.8454,100,100
40.8452,100,100
40.845,100,100
40.8448,100,100
40.8446,100,100
40.8444,100,100
40.8442,100,100
40.8441,100,100
40.8439,100,100
40.8437,100,100
40.8435,100,100
40.8433,100,100
40.8431,100,100
40.8429,100,100
40.8427,100,100
40.8425,100,100
40.8423,100,100
40.8421,100,100
40.8419,100,100
40.8417,100,100
40.8416,100,100
40.8414,100,100
40.8412,100,100
40.841,100,100
40.8408,100,100
40.8406,100,100
40.8404,100,100
40.8402,100,100
40.84,100,100
40.8398,100,100
40.8396,100,100
40.8394,100,100
40.8392,100,100
40.8391,100,100
40.8389,100,100
40.8387,100,100
40.8385,100,100
40.8383,100,100
40.8381,100,100
40.8379,100,100
40.8377,100,100
40.8375,100,100
40.8373,100,100
40.8371,100,100
40.8369,100,100
40.8368,100,100
40.8366,100,100
40.8364,100,100
40.8362,100,100
40.836,100,100
40.8358,100,100
40.8356,100,100
40.8354,100,100
40.8352,100,100
40.835,100,100
40.8348,100,100
40.8346,100,100
40.8344,100,100
40.8343,100,100
40.8341,100,100
40.8339,100,100
40.8337,100,100
40.8335,100,100
40.8333,100,100
40.8331,100,100
40.8329,100,100
40.8327,100,100
40.8325,100,100
40.8323,100,100
40.8321,100,100
40.8319,100,100
40.8318,100,100
40.8316,100,100
40.8314,100,100
40.8312,100,100
40.831,100,100
40.8308,100,100
40.8306,100,100
40.8304,100,100
40.8302,100,100
40.83,100,100
40.8298,100,100
40.8296,100,100
40.8294,100,100
40.8292,100,100
40.8291,100,100
40.8289,100,100
40.8287,100,100
40.8285,100,100
40.8283,100,100
40.8281,100,100
40.8279,100,100
40.8277,100,100
40.8275,100,100
40.8273,100,100
40.8271,100,100
40.8269,100,100
40.8267,100,100
40.8265,100,100
40.8264,100,100
40.8262,100,100
40.826,100,100
40.8258,100,100
40.8256,100,100
40.8254,100,100
40.8252,100,100
40.825,100,100
40.8248,100,100
40.8246,100,100
40.8244,100,100
40.8242,100,100
40.824,100,100
40.8238,100,100
40.8237,100,100
40.8235,100,100
40.8233,100,100
40.8231,100,100
40.8229,100,100
40.8227,100,100
40.8225,100,100
40.8223,100,100
40.8221,100,100
40.8219,100,100
40.8217,100,100
40.8215,100,100
40.8213,100,100
40.8211,100,100
40.821,100,100
40.8208,100,100
40.8206,100,100
40.8204,100,100
40.8202,100,100
40.82,100,100
40.8198,100,100
40.8196,100,100
40.8194,100,100
40.8192,100,100
40.819,100,100
40.8188,100,100
40.8186,100,100
40.8184,100,100
40.8183,100,100
40.8181,100,100
40.8179,100,100
40.8177,100,100
40.8175,100,100
40.8173,100,100
40.8171,100,100
40.8169,100,100
40.8167,100,100
40.8165,100,100
40.8163,100,100
40.8161,100,100
40.8159,100,100
40.8157,100,100
40.8156,100,100
40.8154,100,100
40.8152,100,100
40.815,100,100
40.8148,100,100
40.8146,100,100
40.8144,100,100
40.8142,100,100
40.814,100,100
40.8138,100,100
40.8136,100,100
40.8134,100,100
40.8132,100,100
40.813,100,100
40.8129,100,100
40.8127,100,100
40.8125,100,100
40.8123,100,100
40.8121,100,100
40.8119,100,100
40.8117,100,100
40.8115,100,100
40.8113,100,100
40.8111,100,100
40.8109,100,100
40.8107,100,100
40.8105,100,100
40.8103,100,100
40.8101,100,100
40.8099,100,100
40.8098,100,100
40.8096,100,100
40.8094,100,100
40.8092,100,100
40.809,100,100
40.8088,100,100
40.8086,100,100
40.8084,100,100
40.8082,100,100
40.808,100,100
40.8078,100,100
40.8076,100,100
40.8074,100,100
40.8072,100,100
40.807,100,100
40.8068,100,100
40.8067,100,100
40.8065,100,100
40.8063,100,100
40.8061,100,100
40.8059,100,100
40.8057,100,100
40.8055,100,100
40.8053,100,100
40.8051,100,100
40.8049,100,100
40.8047,100,100
40.8045,100,100
40.8043,100,100
40.8041,100,100
40.8039,100,100
40.8037,100,100
40.8036,100,100
40.8034,100,100
40.8032,100,100
40.803,100,100
40.8028,100,100
40.8026,100,100
40.8024,100,100
40.8022,100,100
40.802,100,100
40.8018,100,100
40.8016,100,100
40.8014,100,100
40.8012,100,100
40.801,100,100
40.8008,100,100
40.8007,100,100
40.8005,100,100
40.8003,100,100
40.8001,100,100
40.7999,100,100
40.7997,100,100
40.7995,100,100
40.7993,100,100
40.7991,100,100
40.7989,100,100
40.7987,100,100
40.7985,100,100
40.7983,100,100
40.7981,100,100
40.7979,100,100
40.7977,100,100
40.7976,100,100
40.7974,100,100
40.7972,100,100
40.797,100,100
40.7968,100,100
40.7966,100,100
40.7964,100,100
40.7962,100,100
40.796,100,100
40.7958,100,100
40.7956,100,100
40.7954,100,100
40.7952,100,100
40.795,100,100
40.7948,100,100
40.7946,100,100
40.7945,100,100
40.7943,100,100
40.7941,100,100
40.7939,100,100
40.7937,100,100
40.7935,100,100
40.7933,100,100
40.7931,100,100
40.7929,100,100
40.7927,100,100
40.7925,100,100
40.7923,100,100
40.7921,100,100
40.7919,100,100
40.7918,100,100
40.7916,100,100
40.7914,100,100
40.7912,100,100
40.791,100,100
40.7908,100,100
40.7906,100,100
40.7904,100,100
40.7902,100,100
40.79,100,100
40.7898,100,100
40.7896,100,100
40.7894,100,100
40.7892,100,100
40.7891,100,100
40.7889,100,100
40.7887,100,100
40.7885,100,100
40.7883,100,100
40.7881,100,100
40.7879,100,100
40.7877,100,100
40.7875,100,100
40.7873,100,100
40.7871,100,100
40.7869,100,100
40.7867,100,100
40.7866,100,100
40.7864,100,100
40.7862,100,100
40.786,100,100
40.7858,100,100
40.7856,100,100
40.7854,100,100
40.7852,100,100
40.785,100,100
40.7848,100,100
40.7846,100,100
40.7844,100,100
40.7842,100,100
40.784,100,100
40.7839,100,100
40.7837,100,100
40.7835,100,100
40.7833,100,100
40.7831,100,100
40.7829,100,100
40.7827,100,100
40.7825,100,100
40.7823,100,100
40.7821,100,100
40.7819,100,100
40.7817,100,100
40.7815,100,100
40.7814,100,100
40.7812,100,100
40.781,100,100
40.7808,100,100
40.7806,100,100
40.7804,100,100
40.7802,100,100
40.78,100,100
40.7798,100,100
40.7796,100,100
40.7794,100,100
40.7792,100,100
40.779,100,100
40.7788,100,100
40.7787,100,100
40.7785,100,100
40.7783,100,100
40.7781,100,100
40.7779,100,100
40.7777,100,100
40.7775,100,100
40.7773,100,100
40.7771,100,100
40.7769,100,100
40.7767,100,100
40.7765,100,100
40.7763,100,100
40.7762,100,100
40.776,100,100
40.7758,100,100
40.7756,100,100
40.7754,100,100
40.7752,100,100
40.775,100,100
40.7748,100,100
40.7746,100,100
40.7744,100,100
40.7742,100,100
40.774,100,100
40.7738,100,100
40.7736,100,100
40.7735,100,100
40.7733,100,100
40.7731,100,100
40.7729,100,100
40.7727,100,100
40.7725,100,100
40.7723,100,100
40.7721,100,100
40.7719,100,100
40.7717,100,100
40.7715,100,100
40.7713,100,100
40.7711,100,100
40.7709,100,100
40.7708,100,100
40.7706,100,100
40.7704,100,100
40.7702,100,100
40.77,100,100
40.7698,100,100
40.7696,100,100
40.7694,100,100
40.7692,100,100
40.769,100,100
40.7688,100,100
40.7686,100,100
40.7684,100,100
40.7682,100,100
40.7681,100,100
40.7679,100,100
40.7677,100,100
40.7675,100,100
40.7673,100,100
40.7671,100,100
40.7669,100,100
40.7667,100,100
40.7665,100,100
40.7663,100,100
40.7661,100,100
40.7659,100,100
40.7657,100,100
40.7655,100,100
40.7654,100,100
40.7652,100,100
40.765,100,100
40.7648,100,100
40.7646,100,100
40.7644,100,100
40.7642,100,100
40.764,100,100
40.7638,100,100
40.7636,100,100
40.7634,100,100
40.7632,100,100
40.763,100,100
40.7628,100,100
40.7626,100,100
40.7625,100,100
40.7623,100,100
40.7621,100,100
40.7619,100,100
40.7617,100,100
40.7615,100,100
40.7613,100,100
40.7611,100,100
40.7609,100,100
40.7607,100,100
40.7605,100,100
40.7603,100,100
40.7601,100,100
40.7599,100,100
40.7598,100,100
40.7596,100,100
40.7594,100,100
40.7592,100,100
40.759,100,100
40.7588,100,100
40.7586,100,100
40.7584,100,100
40.7582,100,100
40.758,100,100
40.7578,100,100
40.7576,100,100
40.7574,100,100
40.7572,100,100
40.7571,100,100
40.7569,100,100
40.7567,100,100
40.7565,100,100
40.7563,100,100
40.7561,100,100
40.7559,100,100
40.7557,100,100
40.7555,100,100
40.7553,100,100
40.7551,100,100
40.7549,100,100
40.7547,100,100
40.7545,100,100
40.7543,100,100
40.7541,100,100
40.754,100,100
40.7538,100,100
40.7536,100,100
40.7534,100,100
40.7532,100,100
40.753,100,100
40.7528,100,100
40.7526,100,100
40.7524,100,100
40.7522,100,100
40.752,100,100
40.7518,100,100
40.7516,100,100
40.7514,100,100
40.7512,100,100
40.751,100,100
40.7508,100,100
40.7506,100,100
40.7504,100,100
40.7502,100,100
40.75,100,100
40.7498,100,100
40.7497,100,100
40.7495,100,100
40.7493,100,100
40.7491,100,100
40.7489,100,100
40.7487,100,100
40.7485,100,100
40.7483,100,100
40.7481,100,100
40.7479,100,100
40.7477,100,100
40.7475,100,100
40.7473,100,100
40.7471,100,100
40.7469,100,100
40.7467,100,100
40.7465,100,100
40.7463,100,100
40.7461,100,100
40.7459,100,100
40.7457,100,100
40.7455,100,100
40.7454,100,100
40.7452,100,100
40.745,100,100
40.7448,100,100
40.7446,100,100
40.7444,100,100
40.7442,100,100
40.744,100,100
40.7438,100,100
40.7436,100,100
40.7434,100,100
40.7432,100,100
40.743,100,100
40.7428,100,100
40.7426,100,100
40.7424,100,100
40.7422,100,100
40.742,100,100
40.7418,100,100
40.7416,100,100
40.7414,100,100
40.7412,100,100
40.7411,100,100
40.7409,100,100
40.7407,100,100
40.7405,100,100
40.7403,100,100
40.7401,100,100
40.7399,100,100
40.7397,100,100
40.7395,100,100
40.7393,100,100
40.7391,100,100
40.7389,100,100
40.7387,100,100
40.7385,100,100
40.7383,100,100
40.7381,100,100
40.7379,100,100
40.7377,100,100
40.7375,100,100
40.7373,100,100
40.7371,100,100
40.7369,100,100
40.7367,100,100
40.7366,100,100
40.7364,100,100
40.7362,100,100
40.736,100,100
40.7358,100,100
40.7356,100,100
40.7354,100,100
40.7352,100,100
40.735,100,100
40.7348,100,100
40.7346,100,100
40.7344,100,100
40.7342,100,100
40.734,100,100
40.7338,100,100
40.7336,100,100
40.7334,100,100
40.7332,100,100
40.733,100,100
40.7328,100,100
40.7326,100,100
40.7324,100,100
40.7322,100,100
40.732,100,100
40.7318,100,100
40.7316,100,100
40.7314,100,100
40.7312,100,100
40.731,100,100
40.7308,100,100
40.7306,100,100
40.7305,100,100
40.7303,100,100
40.7301,100,100
40.7299,100,100
40.7297,100,100
40.7295,100,100
40.7293,100,100
40.7291,100,100
40.7289,100,100
40.7287,100,100
40.7285,100,100
40.7283,100,100
40.7281,100,100
40.7279,100,100
40.7277,100,100
40.7275,100,100
40.7273,100,100
40.7271,100,100
40.7269,100,100
40.7267,100,100
40.7265,100,100
40.7263,100,100
40.7261,100,100
40.7259,100,100
40.7257,100,100
40.7255,100,100
40.7253,100,100
40.7251,100,100
40.7249,100,100
40.7247,100,100
40.7245,100,100
40.7243,100,100
40.7241,100,100
40.724,100,100
40.7238,100,100
40.7236,100,100
40.7234,100,100
40.7232,100,100
40.723,100,100
40.7228,100,100
40.7226,100,100
40.7224,100,100
40.7222,100,100
40.722,100,100
40.7218,100,100
40.7216,100,100
40.7214,100,100
40.7212,100,100
40.721,100,100
40.7208,100,100
40.7206,100,100
40.7204,100,100
40.7202,100,100
40.72,100,100
40.7198,100,100
40.7196,100,100
40.7194,100,100
40.7192,100,100
40.719,100,100
40.7188,100,100
40.7186,100,100
40.7184,100,100
40.7182,100,100
40.718,100,100
40.7178,100,100
40.7176,100,100
40.7174,100,100
40.7173,100,100
40.7171,100,100
40.7169,100,100
40.7167,100,100
40.7165,100,100
40.7163,100,100
40.7161,100,100
40.7159,100,100
40.7157,100,100
40.7155,100,100
40.7153,100,100
40.7151,100,100
40.7149,100,100
40.7147,100,100
40.7145,100,100
40.7143,100,100
40.7141,100,100
40.7139,100,100
40.7137,100,100
40.7135,100,100
40.7133,100,100
40.7131,100,100
40.7129,100,100
40.7127,100,100
40.7125,100,100
40.7123,100,100
40.7121,100,100
40.7119,100,100
40.7117,100,100
40.7115,100,100
40.7113,100,100
40.7111,100,100
40.7109,100,100
40.7108,100,100
40.7106,100,100
40.7104,100,100
40.7102,100,100
40.71,100,100
40.7098,100,100
40.7096,100,100
40.7094,100,100
40.7092,100,100
40.709,100,100
40.7088,100,100
40.7086,100,100
40.7084,100,100
40.7082,100,100
40.708,100,100
40.7078,100,100
40.7076,100,100
40.7074,100,100
40.7072,100,100
40.707,100,100
40.7068,100,100
40.7066,100,100
40.7064,100,100
40.7062,100,100
40.706,100,100
40.7058,100,100
40.7056,100,100
40.7054,100,100
40.7052,100,100
40.705,100,100
40.7048,100,100
40.7046,100,100
40.7044,100,100
40.7042,100,100
40.7041,100,100
40.7039,100,100
40.7037,100,100
40.7035,100,100
40.7033,100,100
40.7031,100,100
40.7029,100,100
40.7027,100,100
40.7025,100,100
40.7023,100,100
40.7021,100,100
40.7019,100,100
40.7017,100,100
40.7015,100,100
40.7013,100,100
40.7011,100,100
40.7009,100,100
40.7007,100,100
40.7005,100,100
40.7003,100,100
40.7001,100,100
40.6999,100,100
40.6997,100,100
40.6995,100,100
40.6993,100,100
40.6991,100,100
40.6989,100,100
40.6987,100,100
40.6985,100,100
40.6983,100,100
40.6981,100,100
40.6979,100,100
40.6977,100,100
40.6975,100,100
40.6974,100,100
40.6972,100,100
40.697,100,100
40.6968,100,100
40.6966,100,100
40.6964,100,100
40.6962,100,100
40.696,100,100
40.6958,100,100
40.6956,100,100
40.6954,100,100
40.6952,100,100
40.695,100,100
40.6948,100,100
40.6946,100,100
40.6944,100,100
40.6942,100,100
40.694,100,100
40.6938,100,100
40.6936,100,100
40.6934,100,100
40.6932,100,100
40.693,100,100
40.6928,100,100
40.6926,100,100
40.6924,100,100
40.6922,100,100
40.692,100,100
40.6918,100,100
40.6916,100,100
40.6914,100,100
40.6912,100,100
40.691,100,100
40.6909,100,100
40.6907,100,100
40.6905,100,100
40.6903,100,100
40.6901,100,100
40.6899,100,100
40.6897,100,100
40.6895,100,100
40.6893,100,100
40.6891,100,100
40.6889,100,100
40.6887,100,100
40.6885,100,100
40.6883,100,100
40.6881,100,100
40.6879,100,100
40.6877,100,100
40.6875,100,100
40.6873,100,100
40.6871,100,100
40.6869,100,100
40.6867,100,100
40.6865,100,100
40.6863,100,100
40.6861,100,100
40.6859,100,100
40.6857,100,100
40.6855,100,100
40.6853,100,100
40.6851,100,100
40.6849,100,100
40.6847,100,100
40.6845,100,100
40.6843,100,100
40.6842,100,100
40.684,100,100
40.6838,100,100
40.6836,100,100
40.6834,100,100
40.6832,100,100
40.683,100,100
40.6828,100,100
40.6826,100,100
40.6824,100,100
40.6822,100,100
40.682,100,100
40.6818,100,100
40.6816,100,100
40.6814,100,100
40.6812,100,100
40.681,100,100
40.6808,100,100
40.6806,100,100
40.6804,100,100
40.6802,100,100
40.68,100,100
40.6798,100,100
40.6796,100,100
40.6794,100,100
40.6792,100,100
40.679,100,100
40.6788,100,100
40.6786,100,100
40.6784,100,100
40.6782,100,100
40.678,100,100
40.6778,100,100
40.6776,100,100
40.6775,100,100
40.6773,100,100
40.6771,100,100
40.6769,100,100
40.6767,100,100
40.6765,100,100
40.6763,100,100
40.6761,100,100
40.6759,100,100
40.6757,100,100
40.6755,100,100
40.6753,100,100
40.6751,100,100
40.6749,100,100
40.6747,100,100
40.6745,100,100
40.6743,100,100
40.6741,100,100
40.6739,100,100
40.6737,100,100
40.6735,100,100
40.6733,100,100
40.6731,100,100
40.6729,100,100
40.6727,100,100
40.6725,100,100
40.6723,100,100
40.6721,100,100
40.6719,100,100
40.6717,100,100
40.6715,100,100
40.6713,100,100
40.6711,100,100
40.671,100,100
40.6708,100,100
40.6706,100,100
40.6704,100,100
40.6702,100,100
40.67,100,100
40.6698,100,100
40.6696,100,100
40.6694,100,100
40.6692,100,100
40.669,100,100
40.6688,100,100
40.6686,100,100
40.6684,100,100
40.6682,100,100
40.668,100,100
40.6678,100,100
40.6676,100,100
40.6674,100,100
40.6672,100,100
40.667,100,100
40.6668,100,100
40.6666,100,100
40.6664,100,100
40.6662,100,100
40.666,100,100
40.6658,100,100
40.6656,100,100
40.6654,100,100
40.6652,100,100
40.665,100,100
40.6648,100,100
40.6646,100,100
40.6644,100,100
40.6643,100,100
40.6641,100,100
40.6639,100,100
40.6637,100,100
40.6635,100,100
40.6633,100,100
40.6631,100,100
40.6629,100,100
40.6627,100,100
40.6625,100,100
40.6623,100,100
40.6621,100,100
40.6619,100,100
40.6617,100,100
40.6615,100,100
40.6613,100,100
40.6611,100,100
40.6609,100,100
40.6607,100,100
40.6605,100,100
40.6603,100,100
40.6601,100,100
40.6599,100,100
40.6597,100,100
40.6595,100,100
40.6593,100,100
40.6591,100,100
40.6589,100,100
40.6587,100,100
40.6585,100,100
40.6583,100,100
40.6581,100,100
40.6579,100,100
40.6577,100,100
40.6576,100,100
40.6574,100,100
40.6572,100,100
40.657,100,100
40.6568,100,100
40.6566,100,100
40.6564,100,100
40.6562,100,100
40.656,100,100
40.6558,100,100
40.6556,100,100
40.6554,100,100
40.6552,100,100
40.655,100,100
40.6548,100,100
40.6546,100,100
40.6544,100,100
40.6542,100,100
40.654,100,100
40.6538,100,100
40.6536,100,100
40.6534,100,100
40.6532,100,100
40.653,100,100
40.6528,100,100
40.6526,100,100
40.6524,100,100
40.6522,100,100
40.652,100,100
40.6518,100,100
40.6516,100,100
40.6514,100,100
40.6512,100,100
40.6511,100,100
40.6509,100,100
40.6507,100,100
40.6505,100,100
40.6503,100,100
40.6501,100,100
40.6499,100,100
40.6497,100,100
40.6495,100,100
40.6493,100,100
40.6491,100,100
40.6489,100,100
40.6487,100,100
40.6485,100,100
40.6483,100,100
40.6481,100,100
40.6479,100,100
40.6477,100,100
40.6475,100,100
40.6473,100,100
40.6471,100,100
40.6469,100,100
40.6467,100,100
40.6465,100,100
40.6463,100,100
40.6461,100,100
40.6459,100,100
40.6457,100,100
40.6455,100,100
40.6453,100,100
40.6451,100,100
40.6449,100,100
40.6447,100,100
40.6445,100,100
40.6444,100,100
40.6442,100,100
40.644,100,100
40.6438,100,100
40.6436,100,100
40.6434,100,100
40.6432,100,100
40.643,100,100
40.6428,100,100
40.6426,100,100
40.6424,100,100
40.6422,100,100
40.642,100,100
40.6418,100,100
40.6416,100,100
40.6414,100,100
40.6412,100,100
40.641,100,100
40.6408,100,100
40.6406,100,100
40.6404,100,100
40.6402,100,100
40.64,100,100
40.6398,100,100
40.6396,100,100
40.6394,100,100
40.6392,100,100
40.639,100,100
40.6388,100,100
40.6386,100,100
40.6384,100,100
40.6382,100,100
40.638,100,100
40.6378,100,100
40.6377,100,100
40.6375,100,100
40.6373,100,100
40.6371,100,100
40.6369,100,100
40.6367,100,100
40.6365,100,100
40.6363,100,100
40.6361,100,100
40.6359,100,100
40.6357,100,100
40.6355,100,100
40.6353,100,100
40.6351,100,100
40.6349,100,100
40.6347,100,100
40.6345,100,100
40.6343,100,100
40.6341,100,100
40.6339,100,100
40.6337,100,100
40.6335,100,100
40.6333,100,100
40.6331,100,100
40.6329,100,100
40.6327,100,100
40.6325,100,100
40.6323,100,100
40.6321,100,100
40.6319,100,100
40.6317,100,100
40.6315,100,100
40.6313,100,100
40.6312,100,100
40.631,100,100
40.6308,100,100
40.6306,100,100
40.6304,100,100
40.6302,100,100
40.63,100,100
40.6298,100,100
40.6296,100,100
40.6294,100,100
40.6292,100,100
40.629,100,100
40.6288,100,100
40.6286,100,100
40.6284,100,100
40.6282,100,100
40.628,100,100
40.6278,100,100
40.6276,100,100
40.6274,100,100
40.6272,100,100
40.627,100,100
40.6268,100,100
40.6266,100,100
40.6264,100,100
40.6262,100,100
40.626,100,100
40.6258,100,100
40.6256,100,100
40.6254,100,100
40.6252,100,100
40.625,100,100
40.6248,100,100
40.6246,100,100
40.6245,100,100
40.6243,100,100
40.6241,100,100
40.6239,100,100
40.6237,100,100
40.6235,100,100
40.6233,100,100
40.6231,100,100
40.6229,100,100
40.6227,100,100
40.6225,100,100
40.6223,100,100
40.6221,100,100
40.6219,100,100
40.6217,100,100
40.6215,100,100
40.6213,100,100
40.6211,100,100
40.6209,100,100
40.6207,100,100
40.6205,100,100
40.6203,100,100
40.6201,100,100
40.6199,100,100
40.6197,100,100
40.6195,100,100
40.6193,100,100
40.6191,100,100
40.6189,100,100
40.6187,100,100
40.6185,100,100
40.6183,100,100
40.6181,100,100
40.6179,100,100
40.6178,100,100
40.6176,100,100
40.6174,100,100
40.6172,100,100
40.617,100,100
40.6168,100,100
40.6166,100,100
40.6164,100,100
40.6162,100,100
40.616,100,100
40.6158,100,100
40.6156,100,100
40.6154,100,100
40.6152,100,100
40.615,100,100
40.6148,100,100
40.6146,100,100
40.6144,100,100
40.6142,100,100
40.614,100,100
40.6138,100,100
40.6136,100,100
40.6134,100,100
40.6132,100,100
40.613,100,100
40.6128,100,100
40.6126,100,100
40.6124,100,100
40.6122,100,100
40.612,100,100
40.6118,100,100
40.6116,100,100
40.6114,100,100
40.6113,100,100
40.6111,100,100
40.6109,100,100
40.6107,100,100
40.6105,100,100
40.6103,100,100
40.6101,100,100
40.6099,100,100
40.6097,100,100
40.6095,100,100
40.6093,100,100
40.6091,100,100
40.6089,100,100
40.6087,100,100
40.6085,100,100
40.6083,100,100
40.6081,100,100
40.6079,100,100
40.6077,100,100
40.6075,100,100
40.6073,100,100
40.6071,100,100
40.6069,100,100
40.6067,100,100
40.6065,100,100
40.6063,100,100
40.6061,100,100
40.6059,100,100
40.6057,100,100
40.6055,100,100
40.6053,100,100
40.6051,100,100
40.6049,100,100
40.6047,100,100
40.6046,100,100
40.6044,100,100
40.6042,100,100
40.604,100,100
40.6038,100,100
40.6036,100,100
40.6034,100,100
40.6032,100,100
40.603,100,100
40.6028,100,100
40.6026,100,100
40.6024,100,100
40.6022,100,100
40.602,100,100
40.6018,100,100
40.6016,100,100
40.6014,100,100
40.6012,100,100
40.601,100,100
40.6008,100,100
40.6006,100,100
40.6004,100,100
40.6002,100,100
40.6,100,100
40.5998,100,100
40.5996,100,100
40.5994,100,100
40.5992,100,100
40.599,100,100
40.5988,100,100
40.5986,100,100
40.5984,100,100
40.5982,100,100
40.598,100,100
40.5979,100,100
40.5977,100,100
40.5975,100,100
40.5973,100,100
40.5971,100,100
40.5969,100,100
40.5967,100,100
40.5965,100,100
40.5963,100,100
40.5961,100,100
40.5959,100,100
40.5957,100,100
40.5955,100,100
40.5953,100,100
40.5951,100,100
40.5949,100,100
40.5947,100,100
40.5945,100,100
40.5943,100,100
40.5941,100,100
40.5939,100,100
40.5937,100,100
40.5935,100,100
40.5933,100,100
40.5931,100,100
40.5929,100,100
40.5927,100,100
40.5925,100,100
40.5923,100,100
40.5921,100,100
40.5919,100,100
40.5917,100,100
40.5915,100,100
40.5914,100,100
40.5912,100,100
40.591,100,100
40.5908,100,100
40.5906,100,100
40.5904,100,100
40.5902,100,100
40.59,100,100
40.5898,100,100
40.5896,100,100
40.5894,100,100
40.5892,100,100
40.589,100,100
40.5888,100,100
40.5886,100,100
40.5884,100,100
40.5882,100,100
40.588,100,100
40.5878,100,100
40.5876,100,100
40.5874,100,100
40.5872,100,100
40.587,100,100
40.5868,100,100
40.5866,100,100
40.5864,100,100
40.5862,100,100
40.586,100,100
40.5858,100,100
40.5856,100,100
40.5854,100,100
40.5852,100,100
40.585,100,100
40.5848,100,100
40.5847,100,100
40.5845,100,100
40.5843,100,100
40.5841,100,100
40.5839,100,100
40.5837,100,100
40.5835,100,100
40.5833,100,100
40.5831,100,100
40.5829,100,100
40.5827,100,100
40.5825,100,100
40.5823,100,100
40.5821,100,100
40.5819,100,100
40.5817,100,100
40.5815,100,100
40.5813,100,100
40.5811,100,100
40.5809,100,100
40.5807,100,100
40.5805,100,100
40.5803,100,100
40.5801,100,100
40.5799,100,100
40.5797,100,100
40.5795,100,100
40.5793,100,100
40.5791,100,100
40.5789,100,100
40.5787,100,100
40.5785,100,100
40.5783,100,100
40.5781,100,100
40.578,100,100
40.5778,100,100
40.5776,100,100
40.5774,100,100
40.5772,100,100
40.577,100,100
40.5768,100,100
40.5766,100,100
40.5764,100,100
40.5762,100,100
40.576,100,100
40.5758,100,100
40.5756,100,100
40.5754,100,100
40.5752,100,100
40.575,100,100
40.5748,100,100
40.5746,100,100
40.5744,100,100
40.5742,100,100
40.574,100,100
40.5738,100,100
40.5736,100,100
40.5734,100,100
40.5732,100,100
40.573,100,100
40.5728,100,100
40.5726,100,100
40.5724,100,100
40.5722,100,100
40.572,100,100
40.5718,100,100
40.5716,100,100
40.5715,100,100
40.5713,100,100
40.5711,100,100
40.5709,100,100
40.5707,100,100
40.5705,100,100
40.5703,100,100
40.5701,100,100
40.5699,100,100
40.5697,100,100
40.5695,100,100
40.5693,100,100
40.5691,100,100
40.5689,100,100
40.5687,100,100
40.5685,100,100
40.5683,100,100
40.5681,100,100
40.5679,100,100
40.5677,100,100
40.5675,100,100
40.5673,100,100
40.5671,100,100
40.5669,100,100
40.5667,100,100
40.5665,100,100
40.5663,100,100
40.5661,100,100
40.5659,100,100
40.5657,100,100
40.5655,100,100
40.5653,100,100
40.5651,100,100
40.5649,100,100
40.5648,100,100
40.5646,100,100
40.5644,100,100
40.5642,100,100
40.564,100,100
40.5638,100,100
40.5636,100,100
40.5634,100,100
40.5632,100,100
40.563,100,100
40.5628,100,100
40.5626,100,100
40.5624,100,100
40.5622,100,100
40.562,100,100
40.5618,100,100
40.5616,100,100
40.5614,100,100
40.5612,100,100
40.561,100,100
40.5608,100,100
40.5606,100,100
40.5604,100,100
40.5602,100,100
40.56,100,100
40.5598,100,100
40.5596,100,100
40.5594,100,100
40.5592,100,100
40.559,100,100
40.5588,100,100
40.5586,100,100
40.5584,100,100
40.5583,100,100
40.5581,100,100
40.5579,100,100
40.5577,100,100
40.5575,100,100
40.5573,100,100
40.5571,100,100
40.5569,100,100
40.5567,100,100
40.5565,100,100
40.5563,100,100
40.5561,100,100
40.5559,100,100
40.5557,100,100
40.5555,100,100
40.5553,100,100
40.5551,100,100
40.5549,100,100
40.5547,100,100
40.5545,100,100
40.5543,100,100
40.5541,100,100
40.5539,100,100
40.5537,100,100
40.5535,100,100
40.5533,100,100
40.5531,100,100
40.5529,100,100
40.5527,100,100
40.5525,100,100
40.5523,100,100
40.5521,100,100
40.552,100,100
40.5518,100,100
40.5516,100,100
40.5514,100,100
40.5512,100,100
40.551,100,100
40.5508,100,100
40.5506,100,100
40.5504,100,100
40.5502,100,100
40.55,100,100
40.5498,100,100
40.5496,100,100
40.5494,100,100
40.5492,100,100
40.549,100,100
40.5488,100,100
40.5486,100,100
40.5484,100,100
40.5482,100,100
40.548,100,100
40.5478,100,100
40.5476,100,100
40.5474,100,100
40.5472,100,100
40.547,100,100
40.5468,100,100
40.5466,100,100
40.5464,100,100
40.5462,100,100
40.546,100,100
40.5458,100,100
40.5457,100,100
40.5455,100,100
40.5453,100,100
40.5451,100,100
40.5449,100,100
40.5447,100,100
40.5445,100,100
40.5443,100,100
40.5441,100,100
40.5439,100,100
40.5437,100,100
40.5435,100,100
40.5433,100,100
40.5431,100,100
40.5429,100,100
40.5427,100,100
40.5425,100,100
40.5423,100,100
40.5421,100,100
40.5419,100,100
40.5417,100,100
40.5415,100,100
40.5413,100,100
40.5411,100,100
40.5409,100,100
40.5407,100,100
40.5405,100,100
40.5403,100,100
40.5401,100,100
40.5399,100,100
40.5397,100,100
40.5396,100,100
40.5394,100,100
40.5392,100,100
40.539,100,100
40.5388,100,100
40.5386,100,100
40.5384,100,100
40.5382,100,100
40.538,100,100
40.5378,100,100
40.5376,100,100
40.5374,100,100
40.5372,100,100
40.537,100,100
40.5368,100,100
40.5366,100,100
40.5364,100,100
40.5362,100,100
40.536,100,100
40.5358,100,100
40.5356,100,100
40.5354,100,100
40.5352,100,100
40.535,100,100
40.5348,100,100
40.5346,100,100
40.5344,100,100
40.5342,100,100
40.534,100,100
40.5338,100,100
40.5336,100,100
40.5334,100,100
40.5332,100,100
40.533,100,100
40.5329,100,100
40.5327,100,100
40.5325,100,100
40.5323,100,100
40.5321,100,100
40.5319,100,100
40.5317,100,100
40.5315,100,100
40.5313,100,100
40.5311,100,100
40.5309,100,100
40.5307,100,100
40.5305,100,100
40.5303,100,100
40.5301,100,100
40.5299,100,100
40.5297,100,100
40.5295,100,100
40.5293,100,100
40.5291,100,100
40.5289,100,100
40.5287,100,100
40.5285,100,100
40.5283,100,100
40.5281,100,100
40.5279,100,100
40.5277,100,100
40.5275,100,100
40.5273,100,100
40.5271,100,100
40.5269,100,100
40.5267,100,100
40.5265,100,100
40.5263,100,100
40.5262,100,100
40.526,100,100
40.5258,100,100
40.5256,100,100
40.5254,100,100
40.5252,100,100
40.525,100,100
40.5248,100,100
40.5246,100,100
40.5244,100,100
40.5242,100,100
40.524,100,100
40.5238,100,100
40.5236,100,100
40.5234,100,100
40.5232,100,100
40.523,100,100
40.5228,100,100
40.5226,100,100
40.5224,100,100
40.5222,100,100
40.522,100,100
40.5218,100,100
40.5216,100,100
40.5214,100,100
40.5212,100,100
40.521,100,100
40.5208,100,100
40.5206,100,100
40.5204,100,100
40.5202,100,100
40.52,100,100
40.5198,100,100
40.5197,100,100
40.5195,100,100
40.5193,100,100
40.5191,100,100
40.5189,100,100
40.5187,100,100
40.5185,100,100
40.5183,100,100
40.5181,100,100
40.5179,100,100
40.5177,100,100
40.5175,100,100
40.5173,100,100
40.5171,100,100
40.5169,100,100
40.5167,100,100
40.5165,100,100
40.5163,100,100
40.5161,100,100
40.5159,100,100
40.5157,100,100
40.5155,100,100
40.5153,100,100
40.5151,100,100
40.5149,100,100
40.5147,100,100
40.5145,100,100
40.5143,100,100
40.5141,100,100
40.5139,100,100
40.5137,100,100
40.5135,100,100
40.5133,100,100
40.5131,100,100
40.513,100,100
40.5128,100,100
40.5126,100,100
40.5124,100,100
40.5122,100,100
40.512,100,100
40.5118,100,100
40.5116,100,100
40.5114,100,100
40.5112,100,100
40.511,100,100
40.5108,100,100
40.5106,100,100
40.5104,100,100
40.5102,100,100
40.51,100,100
40.5098,100,100
40.5096,100,100
40.5094,100,100
40.5092,100,100
40.509,100,100
40.5088,100,100
40.5086,100,100
40.5084,100,100
40.5082,100,100
40.508,100,100
40.5078,100,100
40.5076,100,100
40.5074,100,100
40.5072,100,100
40.507,100,100
40.5068,100,100
40.5066,100,100
40.5065,100,100
40.5063,100,100
40.5061,100,100
40.5059,100,100
40.5057,100,100
40.5055,100,100
40.5053,100,100
40.5051,100,100
40.5049,100,100
40.5047,100,100
40.5045,100,100
40.5043,100,100
40.5041,100,100
40.5039,100,100
40.5037,100,100
40.5035,100,100
40.5033,100,100
40.5031,100,100
40.5029,100,100
40.5027,100,100
40.5025,100,100
40.5023,100,100
40.5021,100,100
40.5019,100,100
40.5017,100,100
40.5015,100,100
40.5013,100,100
40.5011,100,100
40.5009,100,100
40.5007,100,100
40.5005,100,100
40.5003,100,100
40.5001,100,100
40.4999,100,100
40.4998,100,100
40.4996,100,100
40.4994,100,100
40.4992,100,100
40.499,100,100
40.4988,100,100
40.4986,100,100
40.4984,100,100
40.4982,100,100
40.498,100,100
40.4978,100,100
40.4976,100,100
40.4974,100,100
40.4972,100,100
40.497,100,100
40.4968,100,100
40.4967,100,100
40.4965,100,100
40.4963,100,100
40.4961,100,100
40.4959,100,100
40.4957,100,100
40.4955,100,100
40.4953,100,100
40.4951,100,100
40.4949,100,100
40.4947,100,100
40.4945,100,100
40.4943,100,100
40.4941,100,100
40.494,100,100
40.4938,100,100
40.4936,100,100
40.4934,100,100
40.4932,100,100
40.493,100,100
40.4928,100,100
40.4926,100,100
40.4924,100,100
40.4922,100,100
40.492,100,100
40.4918,100,100
40.4916,100,100
40.4914,100,100
40.4913,100,100
40.4911,100,100
40.4909,100,100
40.4907,100,100
40.4905,100,100
40.4903,100,100
40.4901,100,100
40.4899,100,100
40.4897,100,100
40.4895,100,100
40.4893,100,100
40.4891,100,100
40.4889,100,100
40.4887,100,100
40.4886,100,100
40.4884,100,100
40.4882,100,100
40.488,100,100
40.4878,100,100
40.4876,100,100
40.4874,100,100
40.4872,100,100
40.487,100,100
40.4868,100,100
40.4866,100,100
40.4864,100,100
40.4862,100,100
40.486,100,100
40.4859,100,100
40.4857,100,100
40.4855,100,100
40.4853,100,100
40.4851,100,100
40.4849,100,100
40.4847,100,100
40.4845,100,100
40.4843,100,100
40.4841,100,100
40.4839,100,100
40.4837,100,100
40.4835,100,100
40.4833,100,100
40.4832,100,100
40.483,100,100
40.4828,100,100
40.4826,100,100
40.4824,100,100
40.4822,100,100
40.482,100,100
40.4818,100,100
40.4816,100,100
40.4814,100,100
40.4812,100,100
40.481,100,100
40.4808,100,100
40.4806,100,100
40.4805,100,100
40.4803,100,100
40.4801,100,100
40.4799,100,100
40.4797,100,100
40.4795,100,100
40.4793,100,100
40.4791,100,100
40.4789,100,100
40.4787,100,100
40.4785,100,100
40.4783,100,100
40.4781,100,100
40.4779,100,100
40.4777,100,100
40.4775,100,100
40.4773,100,100
40.4771,100,100
40.477,100,100
40.4768,100,100
40.4766,100,100
40.4764,100,100
40.4762,100,100
40.476,100,100
40.4758,100,100
40.4756,100,100
40.4754,100,100
40.4752,100,100
40.475,100,100
40.4748,100,100
40.4746,100,100
40.4744,100,100
40.4742,100,100
40.474,100,100
40.4738,100,100
40.4736,100,100
40.4735,100,100
40.4733,100,100
40.4731,100,100
40.4729,100,100
40.4727,100,100
40.4725,100,100
40.4723,100,100
40.4721,100,100
40.4719,100,100
40.4717,100,100
40.4715,100,100
40.4713,100,100
40.4711,100,100
40.4709,100,100
40.4707,100,100
40.4705,100,100
40.4703,100,100
40.4701,100,100
40.47,100,100
40.4698,100,100
40.4696,100,100
40.4694,100,100
40.4692,100,100
40.469,100,100
40.4688,100,100
40.4686,100,100
40.4684,100,100
40.4682,100,100
40.468,100,100
40.4678,100,100
40.4676,100,100
40.4674,100,100
40.4672,100,100
40.467,100,100
40.4668,100,100
40.4666,100,100
40.4665,100,100
40.4663,100,100
40.4661,100,100
40.4659,100,100
40.4657,100,100
40.4655,100,100
40.4653,100,100
40.4651,100,100
40.4649,100,100
40.4647,100,100
40.4645,100,100
40.4643,100,100
40.4641,100,100
40.4639,100,100
40.4637,100,100
40.4635,100,100
40.4633,100,100
40.4631,100,100
40.463,100,100
40.4628,100,100
40.4626,100,100
40.4624,100,100
40.4622,100,100
40.462,100,100
40.4618,100,100
40.4616,100,100
40.4614,100,100
40.4612,100,100
40.461,100,100
40.4608,100,100
40.4606,100,100
40.4604,100,100
40.4602,100,100
40.46,100,100
40.4598,100,100
40.4596,100,100
40.4594,100,100
40.4592,100,100
40.4591,100,100
40.4589,100,100
40.4587,100,100
40.4585,100,100
40.4583,100,100
40.4581,100,100
40.4579,100,100
40.4577,100,100
40.4575,100,100
40.4573,100,100
40.4571,100,100
40.4569,100,100
40.4567,100,100
40.4565,100,100
40.4563,100,100
40.4561,100,100
40.4559,100,100
40.4557,100,100
40.4555,100,100
40.4553,100,100
40.4551,100,100
40.4549,100,100
40.4547,100,100
40.4545,100,100
40.4544,100,100
40.4542,100,100
40.454,100,100
40.4538,100,100
40.4536,100,100
40.4534,100,100
40.4532,100,100
40.453,100,100
40.4528,100,100
40.4526,100,100
40.4524,100,100
40.4522,100,100
40.452,100,100
40.4518,100,100
40.4516,100,100
40.4514,100,100
40.4512,100,100
40.451,100,100
40.4508,100,100
40.4506,100,100
40.4504,100,100
40.4502,100,100
40.45,100,100
40.4498,100,100
40.4497,100,100
40.4495,100,100
40.4493,100,100
40.4491,100,100
40.4489,100,100
40.4487,100,100
40.4485,100,100
40.4483,100,100
40.4481,100,100
40.4479,100,100
40.4477,100,100
40.4475,100,100
40.4473,100,100
40.4471,100,100
40.4469,100,100
40.4467,100,100
40.4465,100,100
40.4463,100,100
40.4461,100,100
40.4459,100,100
40.4457,100,100
40.4455,100,100
40.4453,100,100
40.4451,100,100
40.445,100,100
40.4448,100,100
40.4446,100,100
40.4444,100,100
40.4442,100,100
40.444,100,100
40.4438,100,100
40.4436,100,100
40.4434,100,100
40.4432,100,100
40.443,100,100
40.4428,100,100
40.4426,100,100
40.4424,100,100
40.4422,100,100
40.442,100,100
40.4418,100,100
40.4416,100,100
40.4414,100,100
40.4412,100,100
40.441,100,100
40.4408,100,100
40.4406,100,100
40.4404,100,100
40.4402,100,100
40.4401,100,100
40.4399,100,100
40.4397,100,100
40.4395,100,100
40.4393,100,100
40.4391,100,100
40.4389,100,100
40.4387,100,100
40.4385,100,100
40.4383,100,100
40.4381,100,100
40.4379,100,100
40.4377,100,100
40.4375,100,100
40.4373,100,100
40.4371,100,100
40.4369,100,100
40.4367,100,100
40.4365,100,100
40.4363,100,100
40.4361,100,100
40.4359,100,100
40.4357,100,100
40.4355,100,100
40.4353,100,100
40.4351,100,100
40.4349,100,100
40.4347,100,100
40.4345,100,100
40.4343,100,100
40.4341,100,100
40.4339,100,100
40.4338,100,100
40.4336,100,100
40.4334,100,100
40.4332,100,100
40.433,100,100
40.4328,100,100
40.4326,100,100
40.4324,100,100
40.4322,100,100
40.432,100,100
40.4318,100,100
40.4316,100,100
40.4314,100,100
40.4312,100,100
40.431,100,100
40.4308,100,100
40.4306,100,100
40.4304,100,100
40.4302,100,100
40.43,100,100
40.4298,100,100
40.4296,100,100
40.4294,100,100
40.4292,100,100
40.429,100,100
40.4288,100,100
40.4286,100,100
40.4284,100,100
40.4282,100,100
40.428,100,100
40.4278,100,100
40.4276,100,100
40.4274,100,100
40.4273,100,100
40.4271,100,100
40.4269,100,100
40.4267,100,100
40.4265,100,100
40.4263,100,100
40.4261,100,100
40.4259,100,100
40.4257,100,100
40.4255,100,100
40.4253,100,100
40.4251,100,100
40.4249,100,100
40.4247,100,100
40.4245,100,100
40.4243,100,100
40.4241,100,100
40.4239,100,100
40.4237,100,100
40.4235,100,100
40.4233,100,100
40.4231,100,100
40.4229,100,100
40.4227,100,100
40.4225,100,100
40.4223,100,100
40.4221,100,100
40.4219,100,100
40.4217,100,100
40.4215,100,100
40.4213,100,100
40.4211,100,100
40.4209,100,100
40.4208,100,100
40.4206,100,100
40.4204,100,100
40.4202,100,100
40.42,100,100
40.4198,100,100
40.4196,100,100
40.4194,100,100
40.4192,100,100
40.419,100,100
40.4188,100,100
40.4186,100,100
40.4184,100,100
40.4182,100,100
40.418,100,100
40.4178,100,100
40.4176,100,100
40.4174,100,100
40.4172,100,100
40.417,100,100
40.4168,100,100
40.4166,100,100
40.4164,100,100
40.4162,100,100
40.416,100,100
40.4158,100,100
40.4156,100,100
40.4154,100,100
40.4152,100,100
40.415,100,100
40.4148,100,100
40.4146,100,100
40.4144,100,100
40.4143,100,100
40.4141,100,100
40.4139,100,100
40.4137,100,100
40.4135,100,100
40.4133,100,100
40.4131,100,100
40.4129,100,100
40.4127,100,100
40.4125,100,100
40.4123,100,100
40.4121,100,100
40.4119,100,100
40.4117,100,100
40.4115,100,100
40.4113,100,100
40.4111,100,100
40.4109,100,100
40.4107,100,100
40.4105,100,100
40.4103,100,100
40.4101,100,100
40.4099,100,100
40.4097,100,100
40.4095,100,100
40.4093,100,100
40.4091,100,100
40.4089,100,100
40.4087,100,100
40.4085,100,100
40.4083,100,100
40.4081,100,100
40.4079,100,100
40.4077,100,100
40.4076,100,100
40.4074,100,100
40.4072,100,100
40.407,100,100
40.4068,100,100
40.4066,100,100
40.4064,100,100
40.4062,100,100
40.406,100,100
40.4058,100,100
40.4056,100,100
40.4054,100,100
40.4052,100,100
40.405,100,100
40.4048,100,100
40.4046,100,100
40.4044,100,100
40.4042,100,100
40.404,100,100
40.4038,100,100
40.4036,100,100
40.4034,100,100
40.4032,100,100
40.403,100,100
40.4028,100,100
40.4026,100,100
40.4024,100,100
40.4022,100,100
40.402,100,100
40.4018,100,100
40.4016,100,100
40.4014,100,100
40.4012,100,100
40.4011,100,100
40.4009,100,100
40.4007,100,100
40.4005,100,100
40.4003,100,100
40.4001,100,100
40.3999,100,100
40.3997,100,100
40.3995,100,100
40.3993,100,100
40.3991,100,100
40.3989,100,100
40.3987,100,100
40.3985,100,100
40.3983,100,100
40.3981,100,100
40.3979,100,100
40.3977,100,100
40.3975,100,100
40.3973,100,100
40.3971,100,100
40.3969,100,100
40.3967,100,100
40.3965,100,100
40.3963,100,100
40.3961,100,100
40.3959,100,100
40.3957,100,100
40.3955,100,100
40.3953,100,100
40.3952,100,100
40.395,100,100
40.3948,100,100
40.3946,100,100
40.3944,100,100
40.3942,100,100
40.394,100,100
40.3938,100,100
40.3936,100,100
40.3934,100,100
40.3932,100,100
40.393,100,100
40.3928,100,100
40.3926,100,100
40.3924,100,100
40.3922,100,100
40.392,100,100
40.3918,100,100
40.3916,100,100
40.3914,100,100
40.3912,100,100
40.391,100,100
40.3908,100,100
40.3906,100,100
40.3904,100,100
40.3902,100,100
40.39,100,100
40.3898,100,100
40.3896,100,100
40.3894,100,100
40.3893,100,100
40.3891,100,100
40.3889,100,100
40.3887,100,100
40.3885,100,100
40.3883,100,100
40.3881,100,100
40.3879,100,100
40.3877,100,100
40.3875,100,100
40.3873,100,100
40.3871,100,100
40.3869,100,100
40.3867,100,100
40.3865,100,100
40.3863,100,100
40.3861,100,100
40.3859,100,100
40.3857,100,100
40.3855,100,100
40.3853,100,100
40.3851,100,100
40.3849,100,100
40.3847,100,100
40.3845,100,100
40.3843,100,100
40.3841,100,100
40.3839,100,100
40.3837,100,100
40.3835,100,100
40.3834,100,100
40.3832,100,100
40.383,100,100
40.3828,100,100
40.3826,100,100
40.3824,100,100
40.3822,100,100
40.382,100,100
40.3818,100,100
40.3816,100,100
40.3814,100,100
40.3812,100,100
40.381,100,100
40.3808,100,100
40.3806,100,100
40.3804,100,100
40.3802,100,100
40.38,100,100
40.3798,100,100
40.3796,100,100
40.3794,100,100
40.3792,100,100
40.3791,100,100
40.3789,100,100
40.3787,100,100
40.3785,100,100
40.3783,100,100
40.3781,100,100
40.3779,100,100
40.3777,100,100
40.3775,100,100
40.3773,100,100
40.3771,100,100
40.3769,100,100
40.3767,100,100
40.3765,100,100
40.3763,100,100
40.3761,100,100
40.3759,100,100
40.3757,100,100
40.3755,100,100
40.3753,100,100
40.3752,100,100
40.375,100,100
40.3748,100,100
40.3746,100,100
40.3744,100,100
40.3742,100,100
40.374,100,100
40.3738,100,100
40.3736,100,100
40.3734,100,100
40.3732,100,100
40.373,100,100
40.3728,100,100
40.3726,100,100
40.3724,100,100
40.3722,100,100
40.372,100,100
40.3718,100,100
40.3716,100,100
40.3715,100,100
40.3713,100,100
40.3711,100,100
40.3709,100,100
40.3707,100,100
40.3705,100,100
40.3703,100,100
40.3701,100,100
40.3699,100,100
40.3697,100,100
40.3695,100,100
40.3693,100,100
40.3691,100,100
40.3689,100,100
40.3687,100,100
40.3685,100,100
40.3683,100,100
40.3681,100,100
40.3679,100,100
40.3678,100,100
40.3676,100,100
40.3674,100,100
40.3672,100,100
40.367,100,100
40.3668,100,100
40.3666,100,100
40.3664,100,100
40.3662,100,100
40.366,100,100
40.3658,100,100
40.3656,100,100
40.3654,100,100
40.3652,100,100
40.365,100,100
40.3648,100,100
40.3646,100,100
40.3644,100,100
40.3642,100,100
40.364,100,100
40.3639,100,100
40.3637,100,100
40.3635,100,100
40.3633,100,100
40.3631,100,100
40.3629,100,100
40.3627,100,100
40.3625,100,100
40.3623,100,100
40.3621,100,100
40.3619,100,100
40.3617,100,100
40.3615,100,100
40.3613,100,100
40.3611,100,100
40.3609,100,100
40.3607,100,100
40.3605,100,100
40.3603,100,100
40.3601,100,100
40.3599,100,100
40.3597,100,100
40.3595,100,100
40.3593,100,100
40.3591,100,100
40.3589,100,100
40.3587,100,100
40.3585,100,100
40.3583,100,100
40.3581,100,100
40.3579,100,100
40.3577,100,100
40.3575,100,100
40.3573,100,100
40.3571,100,100
40.3569,100,100
40.3567,100,100
40.3565,100,100
40.3563,100,100
40.3561,100,100
40.3559,100,100
40.3557,100,100
40.3555,100,100
40.3553,100,100
40.3551,100,100
40.3549,100,100
40.3547,100,100
40.3545,100,100
40.3543,100,100
40.3541,100,100
40.354,100,100
40.3538,100,100
40.3536,100,100
40.3534,100,100
40.3532,100,100
40.353,100,100
40.3528,100,100
40.3526,100,100
40.3524,100,100
40.3522,100,100
40.352,100,100
40.3518,100,100
40.3516,100,100
40.3514,100,100
40.3512,100,100
40.351,100,100
40.3508,100,100
40.3506,100,100
40.3504,100,100
40.3502,100,100
40.35,100,100
40.3498,100,100
40.3496,100,100
40.3494,100,100
40.3492,100,100
40.349,100,100
40.3488,100,100
40.3486,100,100
40.3484,100,100
40.3482,100,100
40.348,100,100
40.3478,100,100
40.3476,100,100
40.3474,100,100
40.3472,100,100
40.347,100,100
40.3468,100,100
40.3466,100,100
40.3464,100,100
40.3462,100,100
40.346,100,100
40.3458,100,100
40.3456,100,100
40.3454,100,100
40.3452,100,100
40.345,100,100
40.3448,100,100
40.3446,100,100
40.3444,100,100
40.3442,100,100
40.344,100,100
40.3438,100,100
40.3436,100,100
40.3434,100,100
40.3432,100,100
40.343,100,100
40.3428,100,100
40.3426,100,100
40.3424,100,100
40.3422,100,100
40.3419,100,100
40.3417,100,100
40.3415,100,100
40.3412,100,100
40.341,100,100
40.3408,100,100
40.3405,100,100
40.3403,100,100
40.3401,100,100
40.3398,100,100
40.3396,100,100
40.3394,100,100
40.3391,100,100
40.3389,100,100
40.3387,100,100
40.3384,100,100
40.3382,100,100
40.338,100,100
40.3377,100,100
40.3375,100,100
40.3373,100,100
40.337,100,100
40.3368,100,100
40.3366,100,100
40.3363,100,100
40.3361,100,100
40.3359,100,100
40.3356,100,100
40.3354,100,100
40.3352,100,100
40.3349,100,100
40.3347,100,100
40.3345,100,100
40.3342,100,100
40.334,100,100
40.3338,100,100
40.3335,100,100
40.3333,100,100
40.3331,100,100
40.3328,100,100
40.3326,100,100
40.3324,100,100
40.3321,100,100
40.3319,100,100
40.3317,100,100
40.3314,100,100
40.3312,100,100
40.331,100,100
40.3307,100,100
40.3305,100,100
40.3303,100,100
40.33,100,100
40.3298,100,100
40.3296,100,100
40.3293,100,100
40.3291,100,100
40.3289,100,100
40.3286,100,100
40.3284,100,100
40.3282,100,100
40.3279,100,100
40.3277,100,100
40.3275,100,100
40.3272,100,100
40.327,100,100
40.3268,100,100
40.3265,100,100
40.3263,100,100
40.3261,100,100
40.3258,100,100
40.3256,100,100
40.3254,100,100
40.3251,100,100
40.3249,100,100
40.3247,100,100
40.3244,100,100
40.3242,100,100
40.324,100,100
40.3237,100,100
40.3235,100,100
40.3233,100,100
40.323,100,100
40.3228,100,100
40.3226,100,100
40.3223,100,100
40.3221,100,100
40.3219,100,100
40.3216,100,100
40.3214,100,100
40.3212,100,100
40.3209,100,100
40.3207,100,100
40.3205,100,100
40.3202,100,100
40.32,100,100
40.3198,100,100
40.3195,100,100
40.3193,100,100
40.319,100,100
40.3188,100,100
40.3185,100,100
40.3182,100,100
40.3179,100,100
40.3176,100,100
40.3173,100,100
40.3171,100,100
40.3168,100,100
40.3165,100,100
40.3162,100,100
40.3159,100,100
40.3156,100,100
40.3154,100,100
40.3151,100,100
40.3148,100,100
40.3145,100,100
40.3142,100,100
40.3139,100,100
40.3137,100,100
40.3134,100,100
40.3131,100,100
40.3128,100,100
40.3125,100,100
40.3122,100,100
40.312,100,100
40.3117,100,100
40.3114,100,100
40.3111,100,100
40.3108,100,100
40.3105,100,100
40.3103,100,100
40.31,100,100
40.3097,100,100
40.3094,100,100
40.3091,100,100
40.3088,100,100
40.3086,100,100
40.3083,100,100
40.308,100,100
40.3077,100,100
40.3074,100,100
40.3072,100,100
40.3069,100,100
40.3066,100,100
40.3063,100,100
40.306,100,100
40.3057,100,100
40.3055,100,100
40.3052,100,100
40.3049,100,100
40.3046,100,100
40.3043,100,100
40.304,100,100
40.3038,100,100
40.3035,100,100
40.3032,100,100
40.3029,100,100
40.3026,100,100
40.3023,100,100
40.3021,100,100
40.3018,100,100
40.3015,100,100
40.3012,100,100
40.3009,100,100
40.3006,100,100
40.3004,100,100
40.3001,100,100
40.2998,100,100
40.2995,100,100
40.2992,100,100
40.2989,100,100
40.2987,100,100
40.2984,100,100
40.2981,100,100
40.2978,100,100
40.2975,100,100
40.2972,100,100
40.297,100,100
40.2967,100,100
40.2964,100,100
40.2961,100,100
40.2958,100,100
40.2955,100,100
40.2953,100,100
40.295,100,100
40.2947,100,100
40.2944,100,100
40.2941,100,100
40.2938,100,100
40.2936,100,100
40.2933,100,100
40.293,100,100
40.2927,100,100
40.2924,100,100
40.2921,100,100
40.2919,100,100
40.2916,100,100
40.2913,100,100
40.291,100,100
40.2907,100,100
40.2904,100,100
40.2901,100,100
40.2897,100,100
40.2894,100,100
40.2891,100,100
40.2888,100,100
40.2884,100,100
40.2881,100,100
40.2878,100,100
40.2875,100,100
40.2872,100,100
40.2868,100,100
40.2865,100,100
40.2862,100,100
40.2859,100,100
40.2855,100,100
40.2852,100,100
40.2849,100,100
40.2846,100,100
40.2843,100,100
40.2839,100,100
40.2836,100,100
40.2833,100,100
40.283,100,100
40.2826,100,100
40.2823,100,100
40.282,100,100
40.2817,100,100
40.2813,100,100
40.281,100,100
40.2807,100,100
40.2804,100,100
40.2801,100,100
40.2797,100,100
40.2794,100,100
40.2791,100,100
40.2788,100,100
40.2784,100,100
40.2781,100,100
40.2778,100,100
40.2775,100,100
40.2772,100,100
40.2768,100,100
40.2765,100,100
40.2762,100,100
40.2759,100,100
40.2755,100,100
40.2752,100,100
40.2749,100,100
40.2746,100,100
40.2743,100,100
40.2739,100,100
40.2736,100,100
40.2733,100,100
40.273,100,100
40.2726,100,100
40.2723,100,100
40.272,100,100
40.2717,100,100
40.2714,100,100
40.271,100,100
40.2707,100,100
40.2704,100,100
40.2701,100,100
40.2697,100,100
40.2694,100,100
40.2691,100,100
40.2688,100,100
40.2685,100,100
40.2681,100,100
40.2678,100,100
40.2675,100,100
40.2672,100,100
40.2668,100,100
40.2665,100,100
40.2662,100,100
40.2659,100,100
40.2655,100,100
40.2652,100,100
40.2649,100,100
40.2646,100,100
40.2643,100,100
40.2639,100,100
40.2636,100,100
40.2633,100,100
40.263,100,100
40.2626,100,100
40.2623,100,100
40.262,100,100
40.2617,100,100
40.2614,100,100
40.261,100,100
40.2607,100,100
40.2604,100,100
40.2601,100,100
40.2597,100,100
40.2594,100,100
40.2591,100,100
40.2588,100,100
40.2584,100,100
40.2581,100,100
40.2577,100,100
40.2574,100,100
40.257,100,100
40.2567,100,100
40.2563,100,100
40.256,100,100
40.2556,100,100
40.2552,100,100
40.2549,100,100
40.2545,100,100
40.2542,100,100
40.2538,100,100
40.2535,100,100
40.2531,100,100
40.2528,100,100
40.2524,100,100
40.2521,100,100
40.2517,100,100
40.2514,100,100
40.251,100,100
40.2507,100,100
40.2503,100,100
40.25,100,100
40.2496,100,100
40.2492,100,100
40.2489,100,100
40.2485,100,100
40.2482,100,100
40.2478,100,100
40.2475,100,100
40.2471,100,100
40.2468,100,100
40.2464,100,100
40.2461,100,100
40.2457,100,100
40.2454,100,100
40.245,100,100
40.2447,100,100
40.2443,100,100
40.2439,100,100
40.2436,100,100
40.2432,100,100
40.2429,100,100
40.2425,100,100
40.2422,100,100
40.2418,100,100
40.2415,100,100
40.2411,100,100
40.2408,100,100
40.2404,100,100
40.2401,100,100
40.2397,100,100
40.2394,100,100
40.239,100,100
40.2387,100,100
40.2383,100,100
40.2379,100,100
40.2376,100,100
40.2372,100,100
40.2369,100,100
40.2365,100,100
40.2362,100,100
40.2358,100,100
40.2355,100,100
40.2351,100,100
40.2348,100,100
40.2344,100,100
40.2341,100,100
40.2337,100,100
40.2334,100,100
40.233,100,100
40.2326,100,100
40.2323,100,100
40.2319,100,100
40.2316,100,100
40.2312,100,100
40.2309,100,100
40.2305,100,100
40.2302,100,100
40.2298,100,100
40.2295,100,100
40.2291,100,100
40.2288,100,100
40.2284,100,100
40.2281,100,100
40.2277,100,100
40.2274,100,100
40.227,100,100
40.2266,100,100
40.2263,100,100
40.2259,100,100
40.2256,100,100
40.2252,100,100
40.2249,100,100
40.2245,100,100
40.2242,100,100
40.2238,100,100
40.2235,100,100
40.2231,100,100
40.2227,100,100
40.2223,100,100
40.222,100,100
40.2216,100,100
40.2212,100,100
40.2208,100,100
40.2205,100,100
40.2201,100,100
40.2197,100,100
40.2193,100,100
40.2189,100,100
40.2186,100,100
40.2182,100,100
40.2178,100,100
40.2174,100,100
40.2171,100,100
40.2167,100,100
40.2163,100,100
40.2159,100,100
40.2156,100,100
40.2152,100,100
40.2148,100,100
40.2144,100,100
40.214,100,100
40.2137,100,100
40.2133,100,100
40.2129,100,100
40.2125,100,100
40.2122,100,100
40.2118,100,100
40.2114,100,100
40.211,100,100
40.2107,100,100
40.2103,100,100
40.2099,100,100
40.2095,100,100
40.2091,100,100
40.2088,100,100
40.2084,100,100
40.208,100,100
40.2076,100,100
40.2073,100,100
40.2069,100,100
40.2065,100,100
40.2061,100,100
40.2058,100,100
40.2054,100,100
40.205,100,100
40.2046,100,100
40.2042,100,100
40.2039,100,100
40.2035,100,100
40.2031,100,100
40.2027,100,100
40.2024,100,100
40.202,100,100
40.2016,100,100
40.2012,100,100
40.2009,100,100
40.2005,100,100
40.2001,100,100
40.1997,100,100
40.1993,100,100
40.199,100,100
40.1986,100,100
40.1982,100,100
40.1978,100,100
40.1975,100,100
40.1971,100,100
40.1967,100,100
40.1963,100,100
40.196,100,100
40.1956,100,100
40.1952,100,100
40.1948,100,100
40.1944,100,100
40.1941,100,100
40.1937,100,100
40.1933,100,100
40.1929,100,100
40.1926,100,100
40.1922,100,100
40.1918,100,100
40.1914,100,100
40.1911,100,100
40.1907,100,100
40.1903,100,100
40.1899,100,100
40.1895,100,100
40.1892,100,100
40.1888,100,100
40.1884,100,100
40.188,100,100
40.1877,100,100
40.1873,100,100
40.1869,100,100
40.1865,100,100
40.1862,100,100
40.1858,100,100
40.1854,100,100
40.185,100,100
40.1846,100,100
40.1842,100,100
40.1838,100,100
40.1834,100,100
40.183,100,100
40.1826,100,100
40.1822,100,100
40.1818,100,100
40.1814,100,100
40.181,100,100
40.1806,100,100
40.1802,100,100
40.1798,100,100
40.1794,100,100
40.1791,100,100
40.1787,100,100
40.1783,100,100
40.1779,100,100
40.1775,100,100
40.1771,100,100
40.1767,100,100
40.1763,100,100
40.1759,100,100
40.1755,100,100
40.1751,100,100
40.1747,100,100
40.1743,100,100
40.1739,100,100
40.1735,100,100
40.1731,100,100
40.1727,100,100
40.1723,100,100
40.1719,100,100
40.1715,100,100
40.1711,100,100
40.1707,100,100
40.1703,100,100
40.1699,100,100
40.1695,100,100
40.1692,100,100
40.1688,100,100
40.1684,100,100
40.168,100,100
40.1676,100,100
40.1672,100,100
40.1668,100,100
40.1664,100,100
40.166,100,100
40.1656,100,100
40.1652,100,100
40.1648,100,100
40.1644,100,100
40.164,100,100
40.1636,100,100
40.1632,100,100
40.1628,100,100
40.1624,100,100
40.162,100,100
40.1616,100,100
40.1612,100,100
40.1608,100,100
40.1604,100,100
40.16,100,100
40.1597,100,100
40.1593,100,100
40.1589,100,100
40.1585,100,100
40.1581,100,100
40.1577,100,100
40.1573,100,100
40.1569,100,100
40.1565,100,100
40.1561,100,100
40.1557,100,100
40.1553,100,100
40.1549,100,100
40.1545,100,100
40.1541,100,100
40.1537,100,100
40.1533,100,100
40.1529,100,100
40.1525,100,100
40.1521,100,100
40.1517,100,100
40.1513,100,100
40.1509,100,100
40.1505,100,100
40.1502,100,100
40.1498,100,100
40.1494,100,100
40.149,100,100
40.1486,100,100
40.1482,100,100
40.1478,100,100
40.1474,100,100
40.147,100,100
40.1466,100,100
40.1462,100,100
40.1458,100,100
40.1454,100,100
40.145,100,100
40.1445,100,100
40.1441,100,100
40.1437,100,100
40.1433,100,100
40.1429,100,100
40.1425,100,100
40.1421,100,100
40.1417,100,100
40.1412,100,100
40.1408,100,100
40.1404,100,100
40.14,100,100
40.1396,100,100
40.1392,100,100
40.1388,100,100
40.1384,100,100
40.1379,100,100
40.1375,100,100
40.1371,100,100
40.1367,100,100
40.1363,100,100
40.1359,100,100
40.1355,100,100
40.1351,100,100
40.1346,100,100
40.1342,100,100
40.1338,100,100
40.1334,100,100
40.133,100,100
40.1326,100,100
40.1322,100,100
40.1318,100,100
40.1314,100,100
40.1309,100,100
40.1305,100,100
40.1301,100,100
40.1297,100,100
40.1293,100,100
40.1289,100,100
40.1285,100,100
40.1281,100,100
40.1276,100,100
40.1272,100,100
40.1268,100,100
40.1264,100,100
40.126,100,100
40.1256,100,100
40.1252,100,100
40.1248,100,100
40.1243,100,100
40.1239,100,100
40.1235,100,100
40.1231,100,100
40.1227,100,100
40.1223,100,100
40.1219,100,100
40.1215,100,100
40.121,100,100
40.1206,100,100
40.1202,100,100
40.1198,100,100
40.1194,100,100
40.119,100,100
40.1186,100,100
40.1182,100,100
40.1177,100,100
40.1173,100,100
40.1169,100,100
40.1165,100,100
40.1161,100,100
40.1157,100,100
40.1153,100,100
40.1149,100,100
40.1144,100,100
40.114,100,100
40.1136,100,100
40.1132,100,100
40.1128,100,100
40.1124,100,100
40.112,100,100
40.1116,100,100
40.1111,100,100
40.1107,100,100
40.1103,100,100
40.1099,100,100
40.1095,100,100
40.1091,100,100
40.1087,100,100
40.1083,100,100
40.1078,100,100
40.1074,100,100
40.107,100,100
40.1066,100,100
40.1062,100,100
40.1058,100,100
40.1054,100,100
40.105,100,100
40.1045,100,100
40.1041,100,100
40.1037,100,100
40.1033,100,100
40.1028,100,100
40.1024,100,100
40.102,100,100
40.1015,100,100
40.1011,100,100
40.1007,100,100
40.1003,100,100
40.0998,100,100
40.0994,100,100
40.099,100,100
40.0986,100,100
40.0981,100,100
40.0977,100,100
40.0973,100,100
40.0968,100,100
40.0964,100,100
40.096,100,100
40.0956,100,100
40.0951,100,100
40.0947,100,100
40.0943,100,100
40.0939,100,100
40.0934,100,100
40.093,100,100
40.0926,100,100
40.0921,100,100
40.0917,100,100
40.0913,100,100
40.0909,100,100
40.0904,100,100
40.09,100,100
40.0896,100,100
40.0891,100,100
40.0887,100,100
40.0883,100,100
40.0879,100,100
40.0874,100,100
40.087,100,100
40.0866,100,100
40.0862,100,100
40.0857,100,100
40.0853,100,100
40.0849,100,100
40.0844,100,100
40.084,100,100
40.0836,100,100
40.0832,100,100
40.0827,100,100
40.0823,100,100
40.0819,100,100
40.0815,100,100
40.081,100,100
40.0806,100,100
40.0802,100,100
40.0797,100,100
40.0793,100,100
40.0789,100,100
40.0785,100,100
40.078,100,100
40.0776,100,100
40.0772,100,100
40.0768,100,100
40.0763,100,100
40.0759,100,100
40.0755,100,100
40.075,100,100
40.0746,100,100
40.0742,100,100
40.0738,100,100
40.0733,100,100
40.0729,100,100
40.0725,100,100
40.072,100,100
40.0716,100,100
40.0712,100,100
40.0708,100,100
40.0703,100,100
40.0699,100,100
40.0695,100,100
40.0691,100,100
40.0686,100,100
40.0682,100,100
40.0678,100,100
40.0673,100,100
40.0669,100,100
40.0665,100,100
40.0661,100,100
40.0656,100,100
40.0652,100,100
40.0648,100,100
40.0644,100,100
40.0639,100,100
40.0635,100,100
40.0631,100,100
40.0626,100,100
40.0622,100,100
40.0618,100,100
40.0613,100,100
40.0609,100,100
40.0605,100,100
40.06,100,100
40.0596,100,100
40.0592,100,100
40.0587,100,100
40.0583,100,100
40.0579,100,100
40.0574,100,100
40.057,100,100
40.0566,100,100
40.0561,100,100
40.0557,100,100
40.0552,100,100
40.0548,100,100
40.0544,100,100
40.0539,100,100
40.0535,100,100
40.0531,100,100
40.0526,100,100
40.0522,100,100
40.0518,100,100
40.0513,100,100
40.0509,100,100
40.0504,100,100
40.05,100,100
40.0496,100,100
40.0491,100,100
40.0487,100,100
40.0483,100,100
40.0478,100,100
40.0474,100,100
40.047,100,100
40.0465,100,100
40.0461,100,100
40.0457,100,100
40.0452,100,100
40.0448,100,100
40.0443,100,100
40.0439,100,100
40.0435,100,100
40.043,100,100
40.0426,100,100
40.0422,100,100
40.0417,100,100
40.0413,100,100
40.0409,100,100
40.0404,100,100
40.04,100,100
40.0396,100,100
40.0391,100,100
40.0387,100,100
40.0382,100,100
40.0378,100,100
40.0374,100,100
40.0369,100,100
40.0365,100,100
40.0361,100,100
40.0356,100,100
40.0352,100,100
40.0348,100,100
40.0343,100,100
40.0339,100,100
40.0334,100,100
40.033,100,100
40.0326,100,100
40.0321,100,100
40.0317,100,100
40.0313,100,100
40.0308,100,100
40.0304,100,100
40.03,100,100
40.0295,100,100
40.0291,100,100
40.0287,100,100
40.0282,100,100
40.0278,100,100
40.0273,100,100
40.0269,100,100
40.0265,100,100
40.026,100,100
40.0256,100,100
40.0252,100,100
40.0247,100,100
40.0243,100,100
40.0239,100,100
40.0234,100,100
40.023,100,100
40.0225,100,100
40.0221,100,100
40.0217,100,100
40.0212,100,100
40.0208,100,100
40.0204,100,100
40.0199,100,100
40.0195,100,100
40.0191,100,100
40.0186,100,100
40.0182,100,100
40.0177,100,100
40.0173,100,100
40.0168,100,100
40.0164,100,100
40.016,100,100
40.0155,100,100
40.0151,100,100
40.0146,100,100
40.0142,100,100
40.0137,100,100
40.0133,100,100
40.0128,100,100
40.0124,100,100
40.0119,100,100
40.0115,100,100
40.0111,100,100
40.0106,100,100
40.0102,100,100
40.0097,100,100
40.0093,100,100
40.0088,100,100
40.0084,100,100
40.0079,100,100
40.0075,100,100
40.007,100,100
40.0066,100,100
40.0062,100,100
40.0057,100,100
40.0053,100,100
40.0048,100,100
40.0044,100,100
40.0039,100,100
40.0035,100,100
40.003,100,100
40.0026,100,100
40.0021,100,100
40.0017,100,100
40.0013,100,100
40.0008,100,100
40.0004,100,100
39.9999,100,100
39.9995,100,100
39.999,100,100
39.9986,100,100
39.9981,100,100
39.9977,100,100
39.9972,100,100
39.9968,100,100
39.9964,100,100
39.9959,100,100
39.9955,100,100
39.995,100,100
39.9946,100,100
39.9941,100,100
39.9937,100,100
39.9932,100,100
39.9928,100,100
39.9923,100,100
39.9919,100,100
39.9915,100,100
39.991,100,100
39.9906,100,100
39.9901,100,100
39.9897,100,100
39.9892,100,100
39.9888,100,100
39.9883,100,100
39.9879,100,100
39.9874,100,100
39.987,100,100
39.9866,100,100
39.9861,100,100
39.9857,100,100
39.9852,100,100
39.9848,100,100
39.9843,100,100
39.9839,100,100
39.9834,100,100
39.983,100,100
39.9825,100,100
39.9821,100,100
39.9817,100,100
39.9812,100,100
39.9808,100,100
39.9803,100,100
39.9799,100,100
39.9794,100,100
39.979,100,100
39.9785,100,100
39.9781,100,100
39.9776,100,100
39.9772,100,100
39.9768,100,100
39.9763,100,100
39.9759,100,100
39.9754,100,100
39.975,100,100
39.9745,100,100
39.9741,100,100
39.9736,100,100
39.9731,100,100
39.9726,100,100
39.9721,100,100
39.9716,100,100
39.9711,100,100
39.9706,100,100
39.9701,100,100
39.9696,100,100
39.9692,100,100
39.9687,100,100
39.9682,100,100
39.9677,100,100
39.9672,100,100
39.9667,100,100
39.9662,100,100
39.9657,100,100
39.9652,100,100
39.9647,100,100
39.9642,100,100
39.9637,100,100
39.9632,100,100
39.9627,100,100
39.9623,100,100
39.9618,100,100
39.9613,100,100
39.9608,100,100
39.9603,100,100
39.9598,100,100
39.9593,100,100
39.9588,100,100
39.9583,100,100
39.9578,100,100
39.9573,100,100
39.9568,100,100
39.9563,100,100
39.9558,100,100
39.9554,100,100
39.9549,100,100
39.9544,100,100
39.9539,100,100
39.9534,100,100
39.9529,100,100
39.9524,100,100
39.9519,100,100
39.9514,100,100
39.9509,100,100
39.9504,100,100
39.9499,100,100
39.9494,100,100
39.9489,100,100
39.9485,100,100
39.948,100,100
39.9475,100,100
39.947,100,100
39.9465,100,100
39.946,100,100
39.9455,100,100
39.945,100,100
39.9445,100,100
39.944,100,100
39.9435,100,100
39.943,100,100
39.9425,100,100
39.942,100,100
39.9416,100,100
39.9411,100,100
39.9406,100,100
39.9401,100,100
39.9396,100,100
39.9391,100,100
39.9386,100,100
39.9381,100,100
39.9376,100,100
39.9371,100,100
39.9366,100,100
39.9361,100,100
39.9356,100,100
39.9351,100,100
39.9347,100,100
39.9342,100,100
39.9337,100,100
39.9332,100,100
39.9327,100,100
39.9322,100,100
39.9317,100,100
39.9312,100,100
39.9307,100,100
39.9302,100,100
39.9297,100,100
39.9292,100,100
39.9287,100,100
39.9282,100,100
39.9277,100,100
39.9273,100,100
39.9268,100,100
39.9263,100,100
39.9258,100,100
39.9253,100,100
39.9248,100,100
39.9242,100,100
39.9237,100,100
39.9231,100,100
39.9226,100,100
39.922,100,100
39.9215,100,100
39.9209,100,100
39.9203,100,100
39.9198,100,100
39.9192,100,100
39.9187,100,100
39.9181,100,100
39.9176,100,100
39.917,100,100
39.9164,100,100
39.9159,100,100
39.9153,100,100
39.9148,100,100
39.9142,100,100
39.9137,100,100
39.9131,100,100
39.9125,100,100
39.912,100,100
39.9114,100,100
39.9109,100,100
39.9103,100,100
39.9098,100,100
39.9092,100,100
39.9086,100,100
39.9081,100,100
39.9075,100,100
39.907,100,100
39.9064,100,100
39.9059,100,100
39.9053,100,100
39.9047,100,100
39.9042,100,100
39.9036,100,100
39.9031,100,100
39.9025,100,100
39.902,100,100
39.9014,100,100
39.9008,100,100
39.9003,100,100
39.8997,100,100
39.8992,100,100
39.8986,100,100
39.898,100,100
39.8975,100,100
39.8969,100,100
39.8964,100,100
39.8958,100,100
39.8953,100,100
39.8947,100,100
39.8941,100,100
39.8936,100,100
39.893,100,100
39.8925,100,100
39.8919,100,100
39.8914,100,100
39.8908,100,100
39.8902,100,100
39.8897,100,100
39.8891,100,100
39.8886,100,100
39.888,100,100
39.8875,100,100
39.8869,100,100
39.8863,100,100
39.8858,100,100
39.8852,100,100
39.8847,100,100
39.8841,100,100
39.8836,100,100
39.883,100,100
39.8824,100,100
39.8819,100,100
39.8813,100,100
39.8808,100,100
39.8802,100,100
39.8797,100,100
39.8791,100,100
39.8785,100,100
39.878,100,100
39.8774,100,100
39.8769,100,100
39.8763,100,100
39.8758,100,100
39.8752,100,100
39.8746,100,100
39.8741,100,100
39.8735,100,100
39.873,100,100
39.8724,100,100
39.8719,100,100
39.8713,100,100
39.8707,100,100
39.8702,100,100
39.8696,100,100
39.8691,100,100
39.8684,100,100
39.8678,100,100
39.8671,100,100
39.8664,100,100
39.8658,100,100
39.8651,100,100
39.8644,100,100
39.8638,100,100
39.8631,100,100
39.8625,100,100
39.8618,100,100
39.8611,100,100
39.8605,100,100
39.8598,100,100
39.8591,100,100
39.8585,100,100
39.8578,100,100
39.8572,100,100
39.8565,100,100
39.8558,100,100
39.8552,100,100
39.8545,100,100
39.8538,100,100
39.8532,100,100
39.8525,100,100
39.8519,100,100
39.8512,100,100
39.8505,100,100
39.8499,100,100
39.8492,100,100
39.8485,100,100
39.8479,100,100
39.8472,100,100
39.8465,100,100
39.8459,100,100
39.8452,100,100
39.8446,100,100
39.8439,100,100
39.8432,100,100
39.8426,100,100
39.8419,100,100
39.8412,100,100
39.8406,100,100
39.8399,100,100
39.8393,100,100
39.8386,100,100
39.8379,100,100
39.8373,100,100
39.8366,100,100
39.8359,100,100
39.8353,100,100
39.8346,100,100
39.834,100,100
39.8333,100,100
39.8326,100,100
39.832,100,100
39.8313,100,100
39.8306,100,100
39.83,100,100
39.8293,100,100
39.8287,100,100
39.828,100,100
39.8273,100,100
39.8267,100,100
39.826,100,100
39.8253,100,100
39.8247,100,100
39.824,100,100
39.8234,100,100
39.8227,100,100
39.822,100,100
39.8214,100,100
39.8207,100,100
39.82,100,100
39.8194,100,100
39.8187,100,100
39.818,100,100
39.8174,100,100
39.8167,100,100
39.8161,100,100
39.8154,100,100
39.8147,100,100
39.8141,100,100
39.8134,100,100
39.8127,100,100
39.8121,100,100
39.8114,100,100
39.8108,100,100
39.8101,100,100
39.8094,100,100
39.8088,100,100
39.8081,100,100
39.8074,100,100
39.8068,100,100
39.8061,100,100
39.8055,100,100
39.8048,100,100
39.8041,100,100
39.8035,100,100
39.8028,100,100
39.8021,100,100
39.8013,100,100
39.8005,100,100
39.7998,100,100
39.799,100,100
39.7982,100,100
39.7974,100,100
39.7967,100,100
39.7959,100,100
39.7951,100,100
39.7944,100,100
39.7936,100,100
39.7928,100,100
39.7921,100,100
39.7913,100,100
39.7905,100,100
39.7898,100,100
39.789,100,100
39.7882,100,100
39.7875,100,100
39.7867,100,100
39.7859,100,100
39.7852,100,100
39.7844,100,100
39.7836,100,100
39.7829,100,100
39.7821,100,100
39.7813,100,100
39.7806,100,100
39.7798,100,100
39.779,100,100
39.7782,100,100
39.7775,100,100
39.7767,100,100
39.7759,100,100
39.7752,100,100
39.7744,100,100
39.7736,100,100
39.7729,100,100
39.7721,100,100
39.7713,100,100
39.7706,100,100
39.7698,100,100
39.769,100,100
39.7683,100,100
39.7675,100,100
39.7667,100,100
39.766,100,100
39.7652,100,100
39.7644,100,100
39.7637,100,100
39.7629,100,100
39.7621,100,100
39.7614,100,100
39.7606,100,100
39.7598,100,100
39.7591,100,100
39.7583,100,100
39.7575,100,100
39.7567,100,100
39.756,100,100
39.7552,100,100
39.7544,100,100
39.7537,100,100
39.7529,100,100
39.7521,100,100
39.7514,100,100
39.7506,100,100
39.7498,100,100
39.7491,100,100
39.7483,100,100
39.7475,100,100
39.7468,100,100
39.746,100,100
39.7452,100,100
39.7445,100,100
39.7437,100,100
39.7429,100,100
39.7422,100,100
39.7414,100,100
39.7406,100,100
39.7399,100,100
39.7391,100,100
39.7383,100,100
39.7376,100,100
39.7368,100,100
39.736,100,100
39.7352,100,100
39.7345,100,100
39.7337,100,100
39.7329,100,100
39.7322,100,100
39.7314,100,100
39.7306,100,100
39.7299,100,100
39.7291,100,100
39.7283,100,100
39.7276,100,100
39.7268,100,100
39.726,100,100
39.7252,100,100
39.7243,100,100
39.7235,100,100
39.7226,100,100
39.7218,100,100
39.7209,100,100
39.7201,100,100
39.7192,100,100
39.7184,100,100
39.7175,100,100
39.7167,100,100
39.7158,100,100
39.715,100,100
39.7141,100,100
39.7133,100,100
39.7124,100,100
39.7115,100,100
39.7107,100,100
39.7098,100,100
39.709,100,100
39.7081,100,100
39.7073,100,100
39.7064,100,100
39.7056,100,100
39.7047,100,100
39.7039,100,100
39.703,100,100
39.7022,100,100
39.7013,100,100
39.7005,100,100
39.6996,100,100
39.6988,100,100
39.6979,100,100
39.6971,100,100
39.6962,100,100
39.6953,100,100
39.6945,100,100
39.6936,100,100
39.6928,100,100
39.6919,100,100
39.6911,100,100
39.6902,100,100
39.6894,100,100
39.6885,100,100
39.6877,100,100
39.6868,100,100
39.686,100,100
39.6851,100,100
39.6843,100,100
39.6834,100,100
39.6826,100,100
39.6817,100,100
39.6808,100,100
39.68,100,100
39.6791,100,100
39.6783,100,100
39.6774,100,100
39.6766,100,100
39.6757,100,100
39.6749,100,100
39.674,100,100
39.6732,100,100
39.6723,100,100
39.6715,100,100
39.6706,100,100
39.6698,100,100
39.6689,100,100
39.6681,100,100
39.6672,100,100
39.6663,100,100
39.6655,100,100
39.6646,100,100
39.6638,100,100
39.6629,100,100
39.6621,100,100
39.6612,100,100
39.6604,100,100
39.6595,100,100
39.6587,100,100
39.6578,100,100
39.657,100,100
39.6561,100,100
39.6553,100,100
39.6544,100,100
39.6536,100,100
39.6527,100,100
39.6519,100,100
39.651,100,100
39.6501,100,100
39.6493,100,100
39.6484,100,100
39.6476,100,100
39.6467,100,100
39.6459,100,100
39.645,100,100
39.6442,100,100
39.6433,100,100
39.6425,100,100
39.6416,100,100
39.6408,100,100
39.6399,100,100
39.6389,100,100
39.638,100,100
39.6371,100,100
39.6362,100,100
39.6353,100,100
39.6343,100,100
39.6334,100,100
39.6325,100,100
39.6316,100,100
39.6307,100,100
39.6297,100,100
39.6288,100,100
39.6279,100,100
39.627,100,100
39.6261,100,100
39.6251,100,100
39.6242,100,100
39.6233,100,100
39.6224,100,100
39.6215,100,100
39.6205,100,100
39.6196,100,100
39.6187,100,100
39.6178,100,100
39.6169,100,100
39.6159,100,100
39.615,100,100
39.6141,100,100
39.6132,100,100
39.6123,100,100
39.6113,100,100
39.6104,100,100
39.6095,100,100
39.6086,100,100
39.6077,100,100
39.6068,100,100
39.6058,100,100
39.6049,100,100
39.604,100,100
39.6031,100,100
39.6022,100,100
39.6012,100,100
39.6003,100,100
39.5994,100,100
39.5985,100,100
39.5976,100,100
39.5966,100,100
39.5957,100,100
39.5948,100,100
39.5939,100,100
39.593,100,100
39.592,100,100
39.5911,100,100
39.5902,100,100
39.5893,100,100
39.5884,100,100
39.5874,100,100
39.5865,100,100
39.5856,100,100
39.5847,100,100
39.5838,100,100
39.5828,100,100
39.5819,100,100
39.581,100,100
39.5801,100,100
39.5792,100,100
39.5782,100,100
39.5773,100,100
39.5764,100,100
39.5755,100,100
39.5746,100,100
39.5736,100,100
39.5727,100,100
39.5718,100,100
39.5709,100,100
39.57,100,100
39.569,100,100
39.5681,100,100
39.5672,100,100
39.5663,100,100
39.5654,100,100
39.5644,100,100
39.5635,100,100
39.5626,100,100
39.5617,100,100
39.5608,100,100
39.5599,100,100
39.5589,100,100
39.558,100,100
39.5571,100,100
39.5562,100,100
39.5553,100,100
39.5543,100,100
39.5534,100,100
39.5525,100,100
39.5516,100,100
39.5507,100,100
39.5497,100,100
39.5488,100,100
39.5479,100,100
39.5469,100,100
39.5459,100,100
39.5449,100,100
39.544,100,100
39.543,100,100
39.542,100,100
39.5411,100,100
39.5401,100,100
39.5391,100,100
39.5381,100,100
39.5372,100,100
39.5362,100,100
39.5352,100,100
39.5343,100,100
39.5333,100,100
39.5323,100,100
39.5313,100,100
39.5304,100,100
39.5294,100,100
39.5284,100,100
39.5275,100,100
39.5265,100,100
39.5255,100,100
39.5245,100,100
39.5236,100,100
39.5226,100,100
39.5216,100,100
39.5206,100,100
39.5197,100,100
39.5187,100,100
39.5177,100,100
39.5168,100,100
39.5158,100,100
39.5148,100,100
39.5138,100,100
39.5129,100,100
39.5119,100,100
39.5109,100,100
39.51,100,100
39.509,100,100
39.508,100,100
39.507,100,100
39.5061,100,100
39.5051,100,100
39.5041,100,100
39.5032,100,100
39.5022,100,100
39.5012,100,100
39.5002,100,100
39.4993,100,100
39.4983,100,100
39.4973,100,100
39.4964,100,100
39.4954,100,100
39.4944,100,100
39.4934,100,100
39.4925,100,100
39.4915,100,100
39.4905,100,100
39.4896,100,100
39.4886,100,100
39.4876,100,100
39.4866,100,100
39.4857,100,100
39.4847,100,100
39.4837,100,100
39.4828,100,100
39.4818,100,100
39.4808,100,100
39.4798,100,100
39.4789,100,100
39.4779,100,100
39.4769,100,100
39.476,100,100
39.475,100,100
39.474,100,100
39.473,100,100
39.4721,100,100
39.4711,100,100
39.4701,100,100
39.4692,100,100
39.4682,100,100
39.4672,100,100
39.4662,100,100
39.4653,100,100
39.4643,100,100
39.4633,100,100
39.4624,100,100
39.4614,100,100
39.4604,100,100
39.4594,100,100
39.4585,100,100
39.4575,100,100
39.4565,100,100
39.4556,100,100
39.4546,100,100
39.4536,100,100
39.4526,100,100
39.4517,100,100
39.4507,100,100
39.4496,100,100
39.4486,100,100
39.4476,100,100
39.4466,100,100
39.4456,100,100
39.4446,100,100
39.4436,100,100
39.4426,100,100
39.4415,100,100
39.4405,100,100
39.4395,100,100
39.4385,100,100
39.4375,100,100
39.4365,100,100
39.4355,100,100
39.4345,100,100
39.4334,100,100
39.4324,100,100
39.4314,100,100
39.4304,100,100
39.4294,100,100
39.4284,100,100
39.4274,100,100
39.4264,100,100
39.4253,100,100
39.4243,100,100
39.4233,100,100
39.4223,100,100
39.4213,100,100
39.4203,100,100
39.4193,100,100
39.4183,100,100
39.4172,100,100
39.4162,100,100
39.4152,100,100
39.4142,100,100
39.4132,100,100
39.4122,100,100
39.4112,100,100
39.4102,100,100
39.4091,100,100
39.4081,100,100
39.4071,100,100
39.4061,100,100
39.4051,100,100
39.4041,100,100
39.4031,100,100
39.4021,100,100
39.401,100,100
39.4,100,100
39.399,100,100
39.398,100,100
39.397,100,100
39.396,100,100
39.395,100,100
39.394,100,100
39.3929,100,100
39.3919,100,100
39.3909,100,100
39.3899,100,100
39.3889,100,100
39.3879,100,100
39.3869,100,100
39.3859,100,100
39.3848,100,100
39.3838,100,100
39.3828,100,100
39.3818,100,100
39.3808,100,100
39.3798,100,100
39.3788,100,100
39.3778,100,100
39.3767,100,100
39.3757,100,100
39.3747,100,100
39.3737,100,100
39.3727,100,100
39.3717,100,100
39.3707,100,100
39.3697,100,100
39.3686,100,100
39.3676,100,100
39.3666,100,100
39.3656,100,100
39.3646,100,100
39.3636,100,100
39.3626,100,100
39.3616,100,100
39.3606,100,100
39.3595,100,100
39.3585,100,100
39.3575,100,100
39.3565,100,100
39.3555,100,100
39.3545,100,100
39.3535,100,100
39.3525,100,100
39.3514,100,100
39.3504,100,100
39.3494,100,100
39.3483,100,100
39.3473,100,100
39.3463,100,100
39.3452,100,100
39.3442,100,100
39.3431,100,100
39.3421,100,100
39.341,100,100
39.34,100,100
39.3389,100,100
39.3379,100,100
39.3368,100,100
39.3358,100,100
39.3348,100,100
39.3337,100,100
39.3327,100,100
39.3316,100,100
39.3306,100,100
39.3295,100,100
39.3285,100,100
39.3274,100,100
39.3264,100,100
39.3254,100,100
39.3243,100,100
39.3233,100,100
39.3222,100,100
39.3212,100,100
39.3201,100,100
39.3191,100,100
39.318,100,100
39.317,100,100
39.316,100,100
39.3149,100,100
39.3139,100,100
39.3128,100,100
39.3118,100,100
39.3107,100,100
39.3097,100,100
39.3086,100,100
39.3076,100,100
39.3065,100,100
39.3055,100,100
39.3045,100,100
39.3034,100,100
39.3024,100,100
39.3013,100,100
39.3003,100,100
39.2992,100,100
39.2982,100,100
39.2971,100,100
39.2961,100,100
39.2951,100,100
39.294,100,100
39.293,100,100
39.2919,100,100
39.2909,100,100
39.2898,100,100
39.2888,100,100
39.2877,100,100
39.2867,100,100
39.2856,100,100
39.2846,100,100
39.2836,100,100
39.2825,100,100
39.2815,100,100
39.2804,100,100
39.2794,100,100
39.2783,100,100
39.2773,100,100
39.2762,100,100
39.2752,100,100
39.2742,100,100
39.2731,100,100
39.2721,100,100
39.271,100,100
39.27,100,100
39.2689,100,100
39.2679,100,100
39.2668,100,100
39.2658,100,100
39.2648,100,100
39.2637,100,100
39.2627,100,100
39.2616,100,100
39.2606,100,100
39.2595,100,100
39.2585,100,100
39.2574,100,100
39.2564,100,100
39.2553,100,100
39.2543,100,100
39.2533,100,100
39.2522,100,100
39.2512,100,100
39.2501,100,100
39.2491,100,100
39.248,100,100
39.247,100,100
39.2459,100,100
39.2449,100,100
39.2438,100,100
39.2427,100,100
39.2417,100,100
39.2406,100,100
39.2395,100,100
39.2385,100,100
39.2374,100,100
39.2363,100,100
39.2352,100,100
39.2342,100,100
39.2331,100,100
39.232,100,100
39.231,100,100
39.2299,100,100
39.2288,100,100
39.2278,100,100
39.2267,100,100
39.2256,100,100
39.2245,100,100
39.2235,100,100
39.2224,100,100
39.2213,100,100
39.2203,100,100
39.2192,100,100
39.2181,100,100
39.217,100,100
39.216,100,100
39.2149,100,100
39.2138,100,100
39.2128,100,100
39.2117,100,100
39.2106,100,100
39.2096,100,100
39.2085,100,100
39.2074,100,100
39.2063,100,100
39.2053,100,100
39.2042,100,100
39.2031,100,100
39.2021,100,100
39.201,100,100
39.1999,100,100
39.1989,100,100
39.1978,100,100
39.1967,100,100
39.1956,100,100
39.1946,100,100
39.1935,100,100
39.1924,100,100
39.1914,100,100
39.1903,100,100
39.1892,100,100
39.1882,100,100
39.1871,100,100
39.186,100,100
39.1849,100,100
39.1839,100,100
39.1828,100,100
39.1817,100,100
39.1807,100,100
39.1796,100,100
39.1785,100,100
39.1774,100,100
39.1764,100,100
39.1753,100,100
39.1742,100,100
39.1732,100,100
39.1721,100,100
39.171,100,100
39.17,100,100
39.1689,100,100
39.1678,100,100
39.1667,100,100
39.1657,100,100
39.1646,100,100
39.1635,100,100
39.1625,100,100
39.1614,100,100
39.1603,100,100
39.1593,100,100
39.1582,100,100
39.1571,100,100
39.156,100,100
39.155,100,100
39.1539,100,100
39.1528,100,100
39.1518,100,100
39.1507,100,100
39.1496,100,100
39.1485,100,100
39.1475,100,100
39.1464,100,100
39.1453,100,100
39.1443,100,100
39.1432,100,100
39.1421,100,100
39.1411,100,100
39.14,100,100
39.1389,100,100
39.1378,100,100
39.1367,100,100
39.1356,100,100
39.1346,100,100
39.1335,100,100
39.1324,100,100
39.1313,100,100
39.1302,100,100
39.1291,100,100
39.128,100,100
39.1269,100,100
39.1258,100,100
39.1247,100,100
39.1236,100,100
39.1226,100,100
39.1215,100,100
39.1204,100,100
39.1193,100,100
39.1182,100,100
39.1171,100,100
39.116,100,100
39.1149,100,100
39.1138,100,100
39.1127,100,100
39.1116,100,100
39.1106,100,100
39.1095,100,100
39.1084,100,100
39.1073,100,100
39.1062,100,100
39.1051,100,100
39.104,100,100
39.1029,100,100
39.1018,100,100
39.1007,100,100
39.0996,100,100
39.0986,100,100
39.0975,100,100
39.0964,100,100
39.0953,100,100
39.0942,100,100
39.0931,100,100
39.092,100,100
39.0909,100,100
39.0898,100,100
39.0887,100,100
39.0876,100,100
39.0865,100,100
39.0855,100,100
39.0844,100,100
39.0833,100,100
39.0822,100,100
39.0811,100,100
39.08,100,100
39.0789,100,100
39.0778,100,100
39.0767,100,100
39.0756,100,100
39.0745,100,100
39.0735,100,100
39.0724,100,100
39.0713,100,100
39.0702,100,100
39.0691,100,100
39.068,100,100
39.0669,100,100
39.0658,100,100
39.0647,100,100
39.0636,100,100
39.0625,100,100
39.0615,100,100
39.0604,100,100
39.0593,100,100
39.0582,100,100
39.0571,100,100
39.056,100,100
39.0549,100,100
39.0538,100,100
39.0527,100,100
39.0516,100,100
39.0505,100,100
39.0495,100,100
39.0484,100,100
39.0473,100,100
39.0462,100,100
39.0451,100,100
39.044,100,100
39.0429,100,100
39.0418,100,100
39.0407,100,100
39.0396,100,100
39.0385,100,100
39.0375,100,100
39.0364,100,100
39.0353,100,100
39.0342,100,100
39.0331,100,100
39.032,100,100
39.0309,100,100
39.0298,100,100
39.0287,100,100
39.0276,100,100
39.0265,100,100
39.0254,100,100
39.0243,100,100
39.0232,100,100
39.0221,100,100
39.021,100,100
39.0199,100,100
39.0187,100,100
39.0176,100,100
39.0165,100,100
39.0154,100,100
39.0143,100,100
39.0132,100,100
39.0121,100,100
39.011,100,100
39.0099,100,100
39.0088,100,100
39.0077,100,100
39.0066,100,100
39.0055,100,100
39.0044,100,100
39.0032,100,100
39.0021,100,100
39.001,100,100
38.9999,100,100
38.9988,100,100
38.9977,100,100
38.9966,100,100
38.9955,100,100
38.9944,100,100
38.9933,100,100
38.9922,100,100
38.9911,100,100
38.99,100,100
38.9889,100,100
38.9877,100,100
38.9866,100,100
38.9855,100,100
38.9844,100,100
38.9833,100,100
38.9822,100,100
38.9811,100,100
38.98,100,100
38.9789,100,100
38.9778,100,100
38.9767,100,100
38.9756,100,100
38.9745,100,100
38.9734,100,100
38.9722,100,100
38.9711,100,100
38.97,100,100
38.9689,100,100
38.9678,100,100
38.9667,100,100
38.9656,100,100
38.9645,100,100
38.9634,100,100
38.9623,100,100
38.9612,100,100
38.9601,100,100
38.959,100,100
38.9579,100,100
38.9567,100,100
38.9556,100,100
38.9545,100,100
38.9534,100,100
38.9523,100,100
38.9512,100,100
38.9501,100,100
38.949,100,100
38.9479,100,100
38.9468,100,100
38.9457,100,100
38.9446,100,100
38.9435,100,100
38.9424,100,100
38.9412,100,100
38.9401,100,100
38.939,100,100
38.9379,100,100
38.9368,100,100
38.9357,100,100
38.9346,100,100
38.9335,100,100
38.9324,100,100
38.9313,100,100
38.9302,100,100
38.9291,100,100
38.928,100,100
38.9269,100,100
38.9257,100,100
38.9246,100,100
38.9235,100,100
38.9224,100,100
38.9213,100,100
38.9202,100,100
38.9191,100,100
38.918,100,100
38.9169,100,100
38.9157,100,100
38.9146,100,100
38.9135,100,100
38.9124,100,100
38.9113,100,100
38.9101,100,100
38.909,100,100
38.9079,100,100
38.9068,100,100
38.9057,100,100
38.9045,100,100
38.9034,100,100
38.9023,100,100
38.9012,100,100
38.9001,100,100
38.8989,100,100
38.8978,100,100
38.8967,100,100
38.8956,100,100
38.8945,100,100
38.8933,100,100
38.8922,100,100
38.8911,100,100
38.89,100,100
38.8889,100,100
38.8877,100,100
38.8866,100,100
38.8855,100,100
38.8844,100,100
38.8833,100,100
38.8821,100,100
38.881,100,100
38.8799,100,100
38.8788,100,100
38.8777,100,100
38.8765,100,100
38.8754,100,100
38.8743,100,100
38.8732,100,100
38.8721,100,100
38.8709,100,100
38.8698,100,100
38.8687,100,100
38.8676,100,100
38.8665,100,100
38.8653,100,100
38.8642,100,100
38.8631,100,100
38.862,100,100
38.8609,100,100
38.8597,100,100
38.8586,100,100
38.8575,100,100
38.8564,100,100
38.8553,100,100
38.8541,100,100
38.853,100,100
38.8519,100,100
38.8508,100,100
38.8497,100,100
38.8485,100,100
38.8474,100,100
38.8463,100,100
38.8452,100,100
38.8441,100,100
38.8429,100,100
38.8418,100,100
38.8407,100,100
38.8396,100,100
38.8385,100,100
38.8373,100,100
38.8362,100,100
38.8351,100,100
38.834,100,100
38.8329,100,100
38.8317,100,100
38.8306,100,100
38.8295,100,100
38.8284,100,100
38.8273,100,100
38.8261,100,100
38.825,100,100
38.8239,100,100
38.8228,100,100
38.8217,100,100
38.8205,100,100
38.8194,100,100
38.8183,100,100
38.8172,100,100
38.8161,100,100
38.8149,100,100
38.8138,100,100
38.8127,100,100
38.8116,100,100
38.8105,100,100
38.8093,100,100
38.8082,100,100
38.8071,100,100
38.806,100,100
38.8048,100,100
38.8037,100,100
38.8026,100,100
38.8014,100,100
38.8003,100,100
38.7992,100,100
38.798,100,100
38.7969,100,100
38.7958,100,100
38.7947,100,100
38.7935,100,100
38.7924,100,100
38.7913,100,100
38.7901,100,100
38.789,100,100
38.7879,100,100
38.7867,100,100
38.7856,100,100
38.7845,100,100
38.7833,100,100
38.7822,100,100
38.7811,100,100
38.7799,100,100
38.7788,100,100
38.7777,100,100
38.7766,100,100
38.7754,100,100
38.7743,100,100
38.7732,100,100
38.772,100,100
38.7709,100,100
38.7698,100,100
38.7686,100,100
38.7675,100,100
38.7664,100,100
38.7652,100,100
38.7641,100,100
38.763,100,100
38.7619,100,100
38.7607,100,100
38.7596,100,100
38.7585,100,100
38.7573,100,100
38.7562,100,100
38.7551,100,100
38.7539,100,100
38.7528,100,100
38.7517,100,100
38.7505,100,100
38.7494,100,100
38.7483,100,100
38.7471,100,100
38.746,100,100
38.7449,100,100
38.7438,100,100
38.7426,100,100
38.7415,100,100
38.7404,100,100
38.7392,100,100
38.7381,100,100
38.737,100,100
38.7358,100,100
38.7347,100,100
38.7336,100,100
38.7324,100,100
38.7313,100,100
38.7302,100,100
38.7291,100,100
38.7279,100,100
38.7268,100,100
38.7257,100,100
38.7245,100,100
38.7234,100,100
38.7223,100,100
38.7211,100,100
38.72,100,100
38.7189,100,100
38.7177,100,100
38.7166,100,100
38.7155,100,100
38.7143,100,100
38.7132,100,100
38.7121,100,100
38.711,100,100
38.7098,100,100
38.7087,100,100
38.7076,100,100
38.7064,100,100
38.7053,100,100
38.7042,100,100
38.703,100,100
38.7019,100,100
38.7008,100,100
38.6996,100,100
38.6985,100,100
38.6974,100,100
38.6963,100,100
38.6951,100,100
38.694,100,100
38.6929,100,100
38.6917,100,100
38.6906,100,100
38.6894,100,100
38.6883,100,100
38.6872,100,100
38.686,100,100
38.6849,100,100
38.6837,100,100
38.6826,100,100
38.6815,100,100
38.6803,100,100
38.6792,100,100
38.678,100,100
38.6769,100,100
38.6758,100,100
38.6746,100,100
38.6735,100,100
38.6723,100,100
38.6712,100,100
38.6701,100,100
38.6689,100,100
38.6678,100,100
38.6666,100,100
38.6655,100,100
38.6644,100,100
38.6632,100,100
38.6621,100,100
38.6609,100,100
38.6598,100,100
38.6587,100,100
38.6575,100,100
38.6564,100,100
38.6552,100,100
38.6541,100,100
38.653,100,100
38.6518,100,100
38.6507,100,100
38.6495,100,100
38.6484,100,100
38.6473,100,100
38.6461,100,100
38.645,100,100
38.6438,100,100
38.6427,100,100
38.6416,100,100
38.6404,100,100
38.6393,100,100
38.6381,100,100
38.637,100,100
38.6359,100,100
38.6347,100,100
38.6336,100,100
38.6324,100,100
38.6313,100,100
38.6302,100,100
38.629,100,100
38.6279,100,100
38.6267,100,100
38.6256,100,100
38.6245,100,100
38.6233,100,100
38.6222,100,100
38.621,100,100
38.6199,100,100
38.6188,100,100
38.6176,100,100
38.6165,100,100
38.6153,100,100
38.6142,100,100
38.6131,100,100
38.6119,100,100
38.6108,100,100
38.6096,100,100
38.6085,100,100
38.6074,100,100
38.6062,100,100
38.6051,100,100
38.6039,100,100
38.6028,100,100
38.6017,100,100
38.6005,100,100
38.5994,100,100
38.5982,100,100
38.5971,100,100
38.596,100,100
38.5948,100,100
38.5937,100,100
38.5925,100,100
38.5914,100,100
38.5903,100,100
38.5891,100,100
38.588,100,100
38.5868,100,100
38.5857,100,100
38.5846,100,100
38.5834,100,100
38.5823,100,100
38.5811,100,100
38.58,100,100
38.5789,100,100
38.5777,100,100
38.5766,100,100
38.5754,100,100
38.5743,100,100
38.5731,100,100
38.572,100,100
38.5708,100,100
38.5697,100,100
38.5685,100,100
38.5674,100,100
38.5662,100,100
38.5651,100,100
38.5639,100,100
38.5628,100,100
38.5617,100,100
38.5605,100,100
38.5594,100,100
38.5582,100,100
38.5571,100,100
38.5559,100,100
38.5548,100,100
38.5536,100,100
38.5525,100,100
38.5513,100,100
38.5502,100,100
38.549,100,100
38.5479,100,100
38.5467,100,100
38.5456,100,100
38.5444,100,100
38.5433,100,100
38.5422,100,100
38.541,100,100
38.5399,100,100
38.5387,100,100
38.5376,100,100
38.5364,100,100
38.5353,100,100
38.5341,100,100
38.533,100,100
38.5318,100,100
38.5307,100,100
38.5295,100,100
38.5284,100,100
38.5272,100,100
38.5261,100,100
38.5249,100,100
38.5238,100,100
38.5227,100,100
38.5215,100,100
38.5204,100,100
38.5192,100,100
38.5181,100,100
38.5169,100,100
38.5158,100,100
38.5146,100,100
38.5135,100,100
38.5123,100,100
38.5112,100,100
38.51,100,100
38.5089,100,100
38.5077,100,100
38.5066,100,100
38.5054,100,100
38.5043,100,100
38.5032,100,100
38.502,100,100
38.5009,100,100
38.4997,100,100
38.4986,100,100
38.4974,100,100
38.4963,100,100
38.4951,100,100
38.494,100,100
38.4928,100,100
38.4917,100,100
38.4905,100,100
38.4894,100,100
38.4882,100,100
38.4871,100,100
38.4859,100,100
38.4848,100,100
38.4836,100,100
38.4825,100,100
38.4814,100,100
38.4802,100,100
38.4791,100,100
38.4779,100,100
38.4768,100,100
38.4756,100,100
38.4745,100,100
38.4733,100,100
38.4722,100,100
38.471,100,100
38.4699,100,100
38.4687,100,100
38.4676,100,100
38.4664,100,100
38.4653,100,100
38.4641,100,100
38.463,100,100
38.4618,100,100
38.4607,100,100
38.4595,100,100
38.4584,100,100
38.4572,100,100
38.4561,100,100
38.4549,100,100
38.4538,100,100
38.4526,100,100
38.4515,100,100
38.4503,100,100
38.4492,100,100
38.448,100,100
38.4469,100,100
38.4457,100,100
38.4446,100,100
38.4434,100,100
38.4423,100,100
38.4411,100,100
38.4399,100,100
38.4388,100,100
38.4376,100,100
38.4365,100,100
38.4353,100,100
38.4342,100,100
38.433,100,100
38.4319,100,100
38.4307,100,100
38.4296,100,100
38.4284,100,100
38.4273,100,100
38.4261,100,100
38.425,100,100
38.4238,100,100
38.4227,100,100
38.4215,100,100
38.4204,100,100
38.4192,100,100
38.4181,100,100
38.4169,100,100
38.4157,100,100
38.4146,100,100
38.4134,100,100
38.4123,100,100
38.4111,100,100
38.41,100,100
38.4088,100,100
38.4077,100,100
38.4065,100,100
38.4054,100,100
38.4042,100,100
38.4031,100,100
38.4019,100,100
38.4008,100,100
38.3996,100,100
38.3985,100,100
38.3973,100,100
38.3962,100,100
38.395,100,100
38.3939,100,100
38.3927,100,100
38.3916,100,100
38.3904,100,100
38.3892,100,100
38.3881,100,100
38.3869,100,100
38.3858,100,100
38.3846,100,100
38.3835,100,100
38.3823,100,100
38.3812,100,100
38.38,100,100
38.3789,100,100
38.3777,100,100
38.3766,100,100
38.3754,100,100
38.3743,100,100
38.3731,100,100
38.372,100,100
38.3708,100,100
38.3697,100,100
38.3685,100,100
38.3674,100,100
38.3662,100,100
38.365,100,100
38.3639,100,100
38.3627,100,100
38.3616,100,100
38.3604,100,100
38.3593,100,100
38.3581,100,100
38.357,100,100
38.3558,100,100
38.3547,100,100
38.3535,100,100
38.3524,100,100
38.3512,100,100
38.3501,100,100
38.3489,100,100
38.3478,100,100
38.3466,100,100
38.3454,100,100
38.3443,100,100
38.3431,100,100
38.342,100,100
38.3408,100,100
38.3397,100,100
38.3385,100,100
38.3374,100,100
38.3362,100,100
38.3351,100,100
38.3339,100,100
38.3327,100,100
38.3316,100,100
38.3304,100,100
38.3293,100,100
38.3281,100,100
38.327,100,100
38.3258,100,100
38.3247,100,100
38.3235,100,100
38.3223,100,100
38.3212,100,100
38.32,100,100
38.3189,100,100
38.3177,100,100
38.3166,100,100
38.3154,100,100
38.3143,100,100
38.3131,100,100
38.3119,100,100
38.3108,100,100
38.3096,100,100
38.3085,100,100
38.3073,100,100
38.3062,100,100
38.305,100,100
38.3039,100,100
38.3027,100,100
38.3016,100,100
38.3004,100,100
38.2992,100,100
38.2981,100,100
38.2969,100,100
38.2958,100,100
38.2946,100,100
38.2935,100,100
38.2923,100,100
38.2912,100,100
38.29,100,100
38.2888,100,100
38.2877,100,100
38.2865,100,100
38.2854,100,100
38.2842,100,100
38.2831,100,100
38.2819,100,100
38.2808,100,100
38.2796,100,100
38.2784,100,100
38.2773,100,100
38.2761,100,100
38.275,100,100
38.2738,100,100
38.2727,100,100
38.2715,100,100
38.2704,100,100
38.2692,100,100
38.268,100,100
38.2669,100,100
38.2657,100,100
38.2646,100,100
38.2634,100,100
38.2623,100,100
38.2611,100,100
38.26,100,100
38.2588,100,100
38.2577,100,100
38.2565,100,100
38.2553,100,100
38.2542,100,100
38.253,100,100
38.2519,100,100
38.2507,100,100
38.2496,100,100
38.2484,100,100
38.2473,100,100
38.2461,100,100
38.2449,100,100
38.2438,100,100
38.2426,100,100
38.2415,100,100
38.2403,100,100
38.2392,100,100
38.238,100,100
38.2369,100,100
38.2357,100,100
38.2345,100,100
38.2334,100,100
38.2322,100,100
38.2311,100,100
38.2299,100,100
38.2288,100,100
38.2276,100,100
38.2264,100,100
38.2253,100,100
38.2241,100,100
38.223,100,100
38.2218,100,100
38.2206,100,100
38.2195,100,100
38.2183,100,100
38.2172,100,100
38.216,100,100
38.2148,100,100
38.2137,100,100
38.2125,100,100
38.2114,100,100
38.2102,100,100
38.209,100,100
38.2079,100,100
38.2067,100,100
38.2056,100,100
38.2044,100,100
38.2032,100,100
38.2021,100,100
38.2009,100,100
38.1998,100,100
38.1986,100,100
38.1974,100,100
38.1963,100,100
38.1951,100,100
38.194,100,100
38.1928,100,100
38.1916,100,100
38.1905,100,100
38.1893,100,100
38.1882,100,100
38.187,100,100
38.1859,100,100
38.1847,100,100
38.1835,100,100
38.1824,100,100
38.1812,100,100
38.1801,100,100
38.1789,100,100
38.1777,100,100
38.1766,100,100
38.1754,100,100
38.1743,100,100
38.1731,100,100
38.1719,100,100
38.1708,100,100
38.1696,100,100
38.1685,100,100
38.1673,100,100
38.1661,100,100
38.165,100,100
38.1638,100,100
38.1627,100,100
38.1615,100,100
38.1603,100,100
38.1592,100,100
38.158,100,100
38.1569,100,100
38.1557,100,100
38.1545,100,100
38.1534,100,100
38.1522,100,100
38.1511,100,100
38.1499,100,100
38.1487,100,100
38.1476,100,100
38.1464,100,100
38.1453,100,100
38.1441,100,100
38.1429,100,100
38.1418,100,100
38.1406,100,100
38.1395,100,100
38.1383,100,100
38.1372,100,100
38.136,100,100
38.1348,100,100
38.1337,100,100
38.1325,100,100
38.1314,100,100
38.1302,100,100
38.129,100,100
38.1279,100,100
38.1267,100,100
38.1256,100,100
38.1244,100,100
38.1232,100,100
38.1221,100,100
38.1209,100,100
38.1198,100,100
38.1186,100,100
38.1174,100,100
38.1163,100,100
38.1151,100,100
38.1139,100,100
38.1128,100,100
38.1116,100,100
38.1104,100,100
38.1093,100,100
38.1081,100,100
38.1069,100,100
38.1058,100,100
38.1046,100,100
38.1035,100,100
38.1023,100,100
38.1011,100,100
38.1,100,100
38.0988,100,100
38.0976,100,100
38.0965,100,100
38.0953,100,100
38.0941,100,100
38.093,100,100
38.0918,100,100
38.0906,100,100
38.0895,100,100
38.0883,100,100
38.0871,100,100
38.086,100,100
38.0848,100,100
38.0836,100,100
38.0825,100,100
38.0813,100,100
38.0802,100,100
38.079,100,100
38.0778,100,100
38.0767,100,100
38.0755,100,100
38.0743,100,100
38.0732,100,100
38.072,100,100
38.0708,100,100
38.0697,100,100
38.0685,100,100
38.0673,100,100
38.0662,100,100
38.065,100,100
38.0638,100,100
38.0627,100,100
38.0615,100,100
38.0603,100,100
38.0592,100,100
38.058,100,100
38.0568,100,100
38.0557,100,100
38.0545,100,100
38.0534,100,100
38.0522,100,100
38.051,100,100
38.0499,100,100
38.0487,100,100
38.0475,100,100
38.0464,100,100
38.0452,100,100
38.044,100,100
38.0429,100,100
38.0417,100,100
38.0405,100,100
38.0394,100,100
38.0382,100,100
38.037,100,100
38.0359,100,100
38.0347,100,100
38.0335,100,100
38.0324,100,100
38.0312,100,100
38.03,100,100
38.0289,100,100
38.0277,100,100
38.0266,100,100
38.0254,100,100
38.0242,100,100
38.0231,100,100
38.0219,100,100
38.0207,100,100
38.0196,100,100
38.0184,100,100
38.0172,100,100
38.0161,100,100
38.0149,100,100
38.0137,100,100
38.0126,100,100
38.0114,100,100
38.0102,100,100
38.0091,100,100
38.0079,100,100
38.0067,100,100
38.0056,100,100
38.0044,100,100
38.0033,100,100
38.0021,100,100
38.0009,100,100
37.9997,100,100
37.9986,100,100
37.9974,100,100
37.9962,100,100
37.9951,100,100
37.9939,100,100
37.9927,100,100
37.9916,100,100
37.9904,100,100
37.9892,100,100
37.9881,100,100
37.9869,100,100
37.9857,100,100
37.9845,100,100
37.9834,100,100
37.9822,100,100
37.981,100,100
37.9799,100,100
37.9787,100,100
37.9775,100,100
37.9764,100,100
37.9752,100,100
37.974,100,100
37.9728,100,100
37.9717,100,100
37.9705,100,100
37.9693,100,100
37.9682,100,100
37.967,100,100
37.9658,100,100
37.9647,100,100
37.9635,100,100
37.9623,100,100
37.9611,100,100
37.96,100,100
37.9588,100,100
37.9576,100,100
37.9565,100,100
37.9553,100,100
37.9541,100,100
37.953,100,100
37.9518,100,100
37.9506,100,100
37.9494,100,100
37.9483,100,100
37.9471,100,100
37.9459,100,100
37.9448,100,100
37.9436,100,100
37.9424,100,100
37.9413,100,100
37.9401,100,100
37.9389,100,100
37.9377,100,100
37.9366,100,100
37.9354,100,100
37.9342,100,100
37.9331,100,100
37.9319,100,100
37.9307,100,100
37.9296,100,100
37.9284,100,100
37.9272,100,100
37.9261,100,100
37.9249,100,100
37.9237,100,100
37.9225,100,100
37.9214,100,100
37.9202,100,100
37.919,100,100
37.9179,100,100
37.9167,100,100
37.9155,100,100
37.9144,100,100
37.9132,100,100
37.912,100,100
37.9108,100,100
37.9097,100,100
37.9085,100,100
37.9073,100,100
37.9062,100,100
37.905,100,100
37.9038,100,100
37.9027,100,100
37.9015,100,100
37.9003,100,100
37.8991,100,100
37.898,100,100
37.8968,100,100
37.8956,100,100
37.8945,100,100
37.8933,100,100
37.8921,100,100
37.891,100,100
37.8898,100,100
37.8886,100,100
37.8874,100,100
37.8863,100,100
37.8851,100,100
37.8839,100,100
37.8828,100,100
37.8816,100,100
37.8804,100,100
37.8793,100,100
37.8781,100,100
37.8769,100,100
37.8758,100,100
37.8746,100,100
37.8734,100,100
37.8722,100,100
37.8711,100,100
37.8699,100,100
37.8687,100,100
37.8676,100,100
37.8664,100,100
37.8652,100,100
37.8641,100,100
37.8629,100,100
37.8617,100,100
37.8605,100,100
37.8594,100,100
37.8582,100,100
37.857,100,100
37.8559,100,100
37.8547,100,100
37.8535,100,100
37.8524,100,100
37.8512,100,100
37.85,100,100
37.8488,100,100
37.8477,100,100
37.8465,100,100
37.8453,100,100
37.8442,100,100
37.843,100,100
37.8418,100,100
37.8407,100,100
37.8395,100,100
37.8383,100,100
37.8371,100,100
37.836,100,100
37.8348,100,100
37.8336,100,100
37.8325,100,100
37.8313,100,100
37.8301,100,100
37.829,100,100
37.8278,100,100
37.8266,100,100
37.8254,100,100
37.8243,100,100
37.8231,100,100
37.8219,100,100
37.8208,100,100
37.8196,100,100
37.8184,100,100
37.8173,100,100
37.8161,100,100
37.8149,100,100
37.8138,100,100
37.8126,100,100
37.8114,100,100
37.8102,100,100
37.8091,100,100
37.8079,100,100
37.8067,100,100
37.8056,100,100
37.8044,100,100
37.8032,100,100
37.8021,100,100
37.8009,100,100
37.7997,100,100
37.7985,100,100
37.7974,100,100
37.7962,100,100
37.795,100,100
37.7939,100,100
37.7927,100,100
37.7915,100,100
37.7904,100,100
37.7892,100,100
37.788,100,100
37.7868,100,100
37.7857,100,100
37.7845,100,100
37.7833,100,100
37.7822,100,100
37.781,100,100
37.7798,100,100
37.7787,100,100
37.7775,100,100
37.7763,100,100
37.7751,100,100
37.774,100,100
37.7728,100,100
37.7716,100,100
37.7705,100,100
37.7693,100,100
37.7681,100,100
37.767,100,100
37.7658,100,100
37.7646,100,100
37.7635,100,100
37.7623,100,100
37.7611,100,100
37.7599,100,100
37.7588,100,100
37.7576,100,100
37.7564,100,100
37.7553,100,100
37.7541,100,100
37.7529,100,100
37.7518,100,100
37.7506,100,100
37.7494,100,100
37.7482,100,100
37.7471,100,100
37.7459,100,100
37.7447,100,100
37.7436,100,100
37.7424,100,100
37.7412,100,100
37.7401,100,100
37.7389,100,100
37.7377,100,100
37.7365,100,100
37.7354,100,100
37.7342,100,100
37.733,100,100
37.7319,100,100
37.7307,100,100
37.7295,100,100
37.7284,100,100
37.7272,100,100
37.726,100,100
37.7248,100,100
37.7237,100,100
37.7225,100,100
37.7213,100,100
37.7202,100,100
37.719,100,100
37.7178,100,100
37.7167,100,100
37.7155,100,100
37.7143,100,100
37.7132,100,100
37.712,100,100
37.7108,100,100
37.7096,100,100
37.7085,100,100
37.7073,100,100
37.7061,100,100
37.705,100,100
37.7038,100,100
37.7026,100,100
37.7015,100,100
37.7003,100,100
37.6991,100,100
37.6979,100,100
37.6968,100,100
37.6956,100,100
37.6944,100,100
37.6933,100,100
37.6921,100,100
37.6909,100,100
37.6898,100,100
37.6886,100,100
37.6874,100,100
37.6862,100,100
37.6851,100,100
37.6839,100,100
37.6827,100,100
37.6816,100,100
37.6804,100,100
37.6792,100,100
37.6781,100,100
37.6769,100,100
37.6757,100,100
37.6745,100,100
37.6734,100,100
37.6722,100,100
37.671,100,100
37.6699,100,100
37.6687,100,100
37.6675,100,100
37.6664,100,100
37.6652,100,100
37.664,100,100
37.6628,100,100
37.6617,100,100
37.6605,100,100
37.6593,100,100
37.6582,100,100
37.657,100,100
37.6558,100,100
37.6547,100,100
37.6535,100,100
37.6523,100,100
37.6512,100,100
37.65,100,100
37.6488,100,100
37.6476,100,100
37.6465,100,100
37.6453,100,100
37.6441,100,100
37.643,100,100
37.6418,100,100
37.6406,100,100
37.6395,100,100
37.6383,100,100
37.6371,100,100
37.6359,100,100
37.6348,100,100
37.6336,100,100
37.6324,100,100
37.6313,100,100
37.6301,100,100
37.6289,100,100
37.6278,100,100
37.6266,100,100
37.6254,100,100
37.6242,100,100
37.6231,100,100
37.6219,100,100
37.6207,100,100
37.6196,100,100
37.6184,100,100
37.6172,100,100
37.6161,100,100
37.6149,100,100
37.6137,100,100
37.6125,100,100
37.6114,100,100
37.6102,100,100
37.609,100,100
37.6079,100,100
37.6067,100,100
37.6055,100,100
37.6044,100,100
37.6032,100,100
37.602,100,100
37.6009,100,100
37.5997,100,100
37.5985,100,100
37.5973,100,100
37.5962,100,100
37.595,100,100
37.5938,100,100
37.5927,100,100
37.5915,100,100
37.5903,100,100
37.5892,100,100
37.588,100,100
37.5868,100,100
37.5856,100,100
37.5845,100,100
37.5833,100,100
37.5821,100,100
37.581,100,100
37.5798,100,100
37.5786,100,100
37.5775,100,100
37.5763,100,100
37.5751,100,100
37.5739,100,100
37.5728,100,100
37.5716,100,100
37.5704,100,100
37.5693,100,100
37.5681,100,100
37.5669,100,100
37.5658,100,100
37.5646,100,100
37.5634,100,100
37.5622,100,100
37.5611,100,100
37.5599,100,100
37.5587,100,100
37.5576,100,100
37.5564,100,100
37.5552,100,100
37.5541,100,100
37.5529,100,100
37.5517,100,100
37.5506,100,100
37.5494,100,100
37.5482,100,100
37.547,100,100
37.5459,100,100
37.5447,100,100
37.5435,100,100
37.5424,100,100
37.5412,100,100
37.54,100,100
37.5389,100,100
37.5377,100,100
37.5365,100,100
37.5353,100,100
37.5342,100,100
37.533,100,100
37.5318,100,100
37.5307,100,100
37.5295,100,100
37.5283,100,100
37.5272,100,100
37.526,100,100
37.5248,100,100
37.5236,100,100
37.5225,100,100
37.5213,100,100
37.5201,100,100
37.519,100,100
37.5178,100,100
37.5166,100,100
37.5155,100,100
37.5143,100,100
37.5131,100,100
37.5119,100,100
37.5108,100,100
37.5096,100,100
37.5084,100,100
37.5073,100,100
37.5061,100,100
37.5049,100,100
37.5038,100,100
37.5026,100,100
37.5014,100,100
37.5002,100,100
37.4991,100,100
37.4979,100,100
37.4967,100,100
37.4956,100,100
37.4944,100,100
37.4932,100,100
37.4921,100,100
37.4909,100,100
37.4897,100,100
37.4886,100,100
37.4874,100,100
37.4862,100,100
37.485,100,100
37.4839,100,100
37.4827,100,100
37.4815,100,100
37.4804,100,100
37.4792,100,100
37.478,100,100
37.4769,100,100
37.4757,100,100
37.4745,100,100
37.4733,100,100
37.4722,100,100
37.471,100,100
37.4698,100,100
37.4687,100,100
37.4675,100,100
37.4663,100,100
37.4652,100,100
37.464,100,100
37.4628,100,100
37.4616,100,100
37.4605,100,100
37.4593,100,100
37.4581,100,100
37.457,100,100
37.4558,100,100
37.4546,100,100
37.4535,100,100
37.4523,100,100
37.4511,100,100
37.4499,100,100
37.4488,100,100
37.4476,100,100
37.4464,100,100
37.4453,100,100
37.4441,100,100
37.4429,100,100
37.4418,100,100
37.4406,100,100
37.4394,100,100
37.4383,100,100
37.4371,100,100
37.4359,100,100
37.4347,100,100
37.4336,100,100
37.4324,100,100
37.4312,100,100
37.4301,100,100
37.4289,100,100
37.4277,100,100
37.4266,100,100
37.4254,100,100
37.4242,100,100
37.423,100,100
37.4219,100,100
37.4207,100,100
37.4195,100,100
37.4184,100,100
37.4172,100,100
37.416,100,100
37.4149,100,100
37.4137,100,100
37.4125,100,100
37.4113,100,100
37.4102,100,100
37.409,100,100
37.4078,100,100
37.4067,100,100
37.4055,100,100
37.4043,100,100
37.4032,100,100
37.402,100,100
37.4008,100,100
37.3996,100,100
37.3985,100,100
37.3973,100,100
37.3961,100,100
37.395,100,100
37.3938,100,100
37.3926,100,100
37.3915,100,100
37.3903,100,100
37.3891,100,100
37.388,100,100
37.3868,100,100
37.3856,100,100
37.3844,100,100
37.3833,100,100
37.3821,100,100
37.3809,100,100
37.3798,100,100
37.3786,100,100
37.3774,100,100
37.3763,100,100
37.3751,100,100
37.3739,100,100
37.3727,100,100
37.3716,100,100
37.3704,100,100
37.3692,100,100
37.3681,100,100
37.3669,100,100
37.3657,100,100
37.3646,100,100
37.3634,100,100
37.3622,100,100
37.361,100,100
37.3599,100,100
37.3587,100,100
37.3575,100,100
37.3564,100,100
37.3552,100,100
37.354,100,100
37.3529,100,100
37.3517,100,100
37.3505,100,100
37.3493,100,100
37.3482,100,100
37.347,100,100
37.3458,100,100
37.3447,100,100
37.3435,100,100
37.3423,100,100
37.3412,100,100
37.34,100,100
37.3388,100,100
37.3376,100,100
37.3365,100,100
37.3353,100,100
37.3341,100,100
37.333,100,100
37.3318,100,100
37.3306,100,100
37.3295,100,100
37.3283,100,100
37.3271,100,100
37.326,100,100
37.3248,100,100
37.3236,100,100
37.3224,100,100
37.3213,100,100
37.3201,100,100
37.3189,100,100
37.3178,100,100
37.3166,100,100
37.3154,100,100
37.3143,100,100
37.3131,100,100
37.3119,100,100
37.3107,100,100
37.3096,100,100
37.3084,100,100
37.3072,100,100
37.3061,100,100
37.3049,100,100
37.3037,100,100
37.3026,100,100
37.3014,100,100
37.3002,100,100
37.299,100,100
37.2979,100,100
37.2967,100,100
37.2955,100,100
37.2944,100,100
37.2932,100,100
37.292,100,100
37.2909,100,100
37.2897,100,100
37.2885,100,100
37.2873,100,100
37.2862,100,100
37.285,100,100
37.2838,100,100
37.2827,100,100
37.2815,100,100
37.2803,100,100
37.2792,100,100
37.278,100,100
37.2768,100,100
37.2757,100,100
37.2745,100,100
37.2733,100,100
37.2721,100,100
37.271,100,100
37.2698,100,100
37.2686,100,100
37.2675,100,100
37.2663,100,100
37.2651,100,100
37.264,100,100
37.2628,100,100
37.2616,100,100
37.2604,100,100
37.2593,100,100
37.2581,100,100
37.2569,100,100
37.2558,100,100
37.2546,100,100
37.2534,100,100
37.2523,100,100
37.2511,100,100
37.2499,100,100
37.2487,100,100
37.2476,100,100
37.2464,100,100
37.2452,100,100
37.2441,100,100
37.2429,100,100
37.2417,100,100
37.2406,100,100
37.2394,100,100
37.2382,100,100
37.237,100,100
37.2359,100,100
37.2347,100,100
37.2335,100,100
37.2324,100,100
37.2312,100,100
37.23,100,100
37.2289,100,100
37.2277,100,100
37.2265,100,100
37.2254,100,100
37.2242,100,100
37.223,100,100
37.2218,100,100
37.2207,100,100
37.2195,100,100
37.2183,100,100
37.2172,100,100
37.216,100,100
37.2148,100,100
37.2137,100,100
37.2125,100,100
37.2113,100,100
37.2101,100,100
37.209,100,100
37.2078,100,100
37.2066,100,100
37.2055,100,100
37.2043,100,100
37.2031,100,100
37.202,100,100
37.2008,100,100
37.1996,100,100
37.1984,100,100
37.1973,100,100
37.1961,100,100
37.1949,100,100
37.1938,100,100
37.1926,100,100
37.1914,100,100
37.1903,100,100
37.1891,100,100
37.1879,100,100
37.1867,100,100
37.1856,100,100
37.1844,100,100
37.1832,100,100
37.1821,100,100
37.1809,100,100
37.1797,100,100
37.1786,100,100
37.1774,100,100
37.1762,100,100
37.175,100,100
37.1739,100,100
37.1727,100,100
37.1715,100,100
37.1704,100,100
37.1692,100,100
37.168,100,100
37.1669,100,100
37.1657,100,100
37.1645,100,100
37.1634,100,100
37.1622,100,100
37.161,100,100
37.1598,100,100
37.1587,100,100
37.1575,100,100
37.1563,100,100
37.1552,100,100
37.154,100,100
37.1528,100,100
37.1517,100,100
37.1505,100,100
37.1493,100,100
37.1481,100,100
37.147,100,100
37.1458,100,100
37.1446,100,100
37.1435,100,100
37.1423,100,100
37.1411,100,100
37.14,100,100
37.1388,100,100
37.1376,100,100
37.1364,100,100
37.1353,100,100
37.1341,100,100
37.1329,100,100
37.1318,100,100
37.1306,100,100
37.1294,100,100
37.1283,100,100
37.1271,100,100
37.1259,100,100
37.1247,100,100
37.1236,100,100
37.1224,100,100
37.1212,100,100
37.1201,100,100
37.1189,100,100
37.1177,100,100
37.1166,100,100
37.1154,100,100
37.1142,100,100
37.1131,100,100
37.1119,100,100
37.1107,100,100
37.1095,100,100
37.1084,100,100
37.1072,100,100
37.106,100,100
37.1049,100,100
37.1037,100,100
37.1025,100,100
37.1014,100,100
37.1002,100,100
37.099,100,100
37.0978,100,100
37.0967,100,100
37.0955,100,100
37.0943,100,100
37.0932,100,100
37.092,100,100
37.0908,100,100
37.0897,100,100
37.0885,100,100
37.0873,100,100
37.0861,100,100
37.085,100,100
37.0838,100,100
37.0826,100,100
37.0815,100,100
37.0803,100,100
37.0791,100,100
37.078,100,100
37.0768,100,100
37.0756,100,100
37.0744,100,100
37.0733,100,100
37.0721,100,100
37.0709,100,100
37.0698,100,100
37.0686,100,100
37.0674,100,100
37.0663,100,100
37.0651,100,100
37.0639,100,100
37.0627,100,100
37.0616,100,100
37.0604,100,100
37.0592,100,100
37.0581,100,100
37.0569,100,100
37.0557,100,100
37.0546,100,100
37.0534,100,100
37.0522,100,100
37.0511,100,100
37.0499,100,100
37.0487,100,100
37.0475,100,100
37.0464,100,100
37.0452,100,100
37.044,100,100
37.0429,100,100
37.0417,100,100
37.0405,100,100
37.0394,100,100
37.0382,100,100
37.037,100,100
37.0358,100,100
37.0347,100,100
37.0335,100,100
37.0323,100,100
37.0312,100,100
37.03,100,100
37.0288,100,100
37.0277,100,100
37.0265,100,100
37.0253,100,100
37.0241,100,100
37.023,100,100
37.0218,100,100
37.0206,100,100
37.0195,100,100
37.0183,100,100
37.0171,100,100
37.016,100,100
37.0148,100,100
37.0136,100,100
37.0124,100,100
37.0113,100,100
37.0101,100,100
37.0089,100,100
37.0078,100,100
37.0066,100,100
37.0054,100,100
37.0043,100,100
37.0031,100,100
37.0019,100,100
37.0008,100,100
36.9996,100,100
36.9984,100,100
36.9972,100,100
36.9961,100,100
36.9949,100,100
36.9937,100,100
36.9926,100,100
36.9914,100,100
36.9902,100,100
36.9891,100,100
36.9879,100,100
36.9867,100,100
36.9855,100,100
36.9844,100,100
36.9832,100,100
36.982,100,100
36.9809,100,100
36.9797,100,100
36.9785,100,100
36.9774,100,100
36.9762,100,100
36.975,100,100
36.9738,100,100
36.9727,100,100
36.9715,100,100
36.9703,100,100
36.9692,100,100
36.968,100,100
36.9668,100,100
36.9657,100,100
36.9645,100,100
36.9633,100,100
36.9621,100,100
36.961,100,100
36.9598,100,100
36.9586,100,100
36.9575,100,100
36.9563,100,100
36.9551,100,100
36.954,100,100
36.9528,100,100
36.9516,100,100
36.9505,100,100
36.9493,100,100
36.9481,100,100
36.9469,100,100
36.9458,100,100
36.9446,100,100
36.9435,100,100
36.9423,100,100
36.9411,100,100
36.94,100,100
36.9388,100,100
36.9376,100,100
36.9365,100,100
36.9353,100,100
36.9341,100,100
36.933,100,100
36.9318,100,100
36.9306,100,100
36.9295,100,100
36.9283,100,100
36.9271,100,100
36.926,100,100
36.9248,100,100
36.9236,100,100
36.9225,100,100
36.9213,100,100
36.9201,100,100
36.919,100,100
36.9178,100,100
36.9166,100,100
36.9155,100,100
36.9143,100,100
36.9131,100,100
36.912,100,100
36.9108,100,100
36.9097,100,100
36.9085,100,100
36.9073,100,100
36.9062,100,100
36.905,100,100
36.9038,100,100
36.9027,100,100
36.9015,100,100
36.9003,100,100
36.8992,100,100
36.898,100,100
36.8968,100,100
36.8957,100,100
36.8945,100,100
36.8933,100,100
36.8922,100,100
36.891,100,100
36.8898,100,100
36.8887,100,100
36.8875,100,100
36.8863,100,100
36.8852,100,100
36.884,100,100
36.8828,100,100
36.8817,100,100
36.8805,100,100
36.8793,100,100
36.8782,100,100
36.877,100,100
36.8758,100,100
36.8747,100,100
36.8735,100,100
36.8724,100,100
36.8712,100,100
36.87,100,100
36.8689,100,100
36.8677,100,100
36.8665,100,100
36.8654,100,100
36.8642,100,100
36.863,100,100
36.8619,100,100
36.8607,100,100
36.8595,100,100
36.8584,100,100
36.8572,100,100
36.856,100,100
36.8549,100,100
36.8537,100,100
36.8525,100,100
36.8514,100,100
36.8502,100,100
36.849,100,100
36.8479,100,100
36.8467,100,100
36.8455,100,100
36.8444,100,100
36.8432,100,100
36.842,100,100
36.8409,100,100
36.8397,100,100
36.8386,100,100
36.8374,100,100
36.8362,100,100
36.8351,100,100
36.8339,100,100
36.8327,100,100
36.8316,100,100
36.8304,100,100
36.8292,100,100
36.8281,100,100
36.8269,100,100
36.8257,100,100
36.8246,100,100
36.8234,100,100
36.8222,100,100
36.8211,100,100
36.8199,100,100
36.8187,100,100
36.8176,100,100
36.8164,100,100
36.8153,100,100
36.8141,100,100
36.8129,100,100
36.8118,100,100
36.8106,100,100
36.8094,100,100
36.8083,100,100
36.8071,100,100
36.8059,100,100
36.8048,100,100
36.8036,100,100
36.8024,100,100
36.8013,100,100
36.8001,100,100
36.7989,100,100
36.7978,100,100
36.7966,100,100
36.7955,100,100
36.7943,100,100
36.7931,100,100
36.792,100,100
36.7908,100,100
36.7896,100,100
36.7885,100,100
36.7873,100,100
36.7861,100,100
36.785,100,100
36.7838,100,100
36.7826,100,100
36.7815,100,100
36.7803,100,100
36.7791,100,100
36.778,100,100
36.7768,100,100
36.7757,100,100
36.7745,100,100
36.7733,100,100
36.7722,100,100
36.771,100,100
36.7698,100,100
36.7687,100,100
36.7675,100,100
36.7663,100,100
36.7652,100,100
36.764,100,100
36.7628,100,100
36.7617,100,100
36.7605,100,100
36.7593,100,100
36.7582,100,100
36.757,100,100
36.7559,100,100
36.7547,100,100
36.7535,100,100
36.7524,100,100
36.7512,100,100
36.75,100,100
36.7489,100,100
36.7477,100,100
36.7465,100,100
36.7454,100,100
36.7442,100,100
36.743,100,100
36.7419,100,100
36.7407,100,100
36.7396,100,100
36.7384,100,100
36.7372,100,100
36.7361,100,100
36.7349,100,100
36.7337,100,100
36.7326,100,100
36.7314,100,100
36.7302,100,100
36.7291,100,100
36.7279,100,100
36.7267,100,100
36.7256,100,100
36.7244,100,100
36.7232,100,100
36.7221,100,100
36.7209,100,100
36.7198,100,100
36.7186,100,100
36.7174,100,100
36.7163,100,100
36.7151,100,100
36.7139,100,100
36.7128,100,100
36.7116,100,100
36.7104,100,100
36.7092,100,100
36.7081,100,100
36.7069,100,100
36.7057,100,100
36.7046,100,100
36.7034,100,100
36.7022,100,100
36.7011,100,100
36.6999,100,100
36.6987,100,100
36.6976,100,100
36.6964,100,100
36.6952,100,100
36.6941,100,100
36.6929,100,100
36.6917,100,100
36.6906,100,100
36.6894,100,100
36.6882,100,100
36.6871,100,100
36.6859,100,100
36.6847,100,100
36.6835,100,100
36.6824,100,100
36.6812,100,100
36.68,100,100
36.6789,100,100
36.6777,100,100
36.6765,100,100
36.6754,100,100
36.6742,100,100
36.673,100,100
36.6719,100,100
36.6707,100,100
36.6695,100,100
36.6684,100,100
36.6672,100,100
36.666,100,100
36.6649,100,100
36.6637,100,100
36.6625,100,100
36.6614,100,100
36.6602,100,100
36.659,100,100
36.6578,100,100
36.6567,100,100
36.6555,100,100
36.6543,100,100
36.6532,100,100
36.652,100,100
36.6508,100,100
36.6497,100,100
36.6485,100,100
36.6473,100,100
36.6462,100,100
36.645,100,100
36.6438,100,100
36.6427,100,100
36.6415,100,100
36.6403,100,100
36.6392,100,100
36.638,100,100
36.6368,100,100
36.6357,100,100
36.6345,100,100
36.6333,100,100
36.6321,100,100
36.631,100,100
36.6298,100,100
36.6286,100,100
36.6275,100,100
36.6263,100,100
36.6251,100,100
36.624,100,100
36.6228,100,100
36.6216,100,100
36.6205,100,100
36.6193,100,100
36.6181,100,100
36.617,100,100
36.6158,100,100
36.6146,100,100
36.6135,100,100
36.6123,100,100
36.6111,100,100
36.6099,100,100
36.6088,100,100
36.6076,100,100
36.6064,100,100
36.6053,100,100
36.6041,100,100
36.6029,100,100
36.6018,100,100
36.6006,100,100
36.5994,100,100
36.5983,100,100
36.5971,100,100
36.5959,100,100
36.5948,100,100
36.5936,100,100
36.5924,100,100
36.5912,100,100
36.5901,100,100
36.5889,100,100
36.5877,100,100
36.5866,100,100
36.5854,100,100
36.5842,100,100
36.5831,100,100
36.5819,100,100
36.5807,100,100
36.5795,100,100
36.5784,100,100
36.5772,100,100
36.576,100,100
36.5749,100,100
36.5737,100,100
36.5725,100,100
36.5714,100,100
36.5702,100,100
36.569,100,100
36.5679,100,100
36.5667,100,100
36.5655,100,100
36.5643,100,100
36.5632,100,100
36.562,100,100
36.5608,100,100
36.5597,100,100
36.5585,100,100
36.5573,100,100
36.5562,100,100
36.555,100,100
36.5538,100,100
36.5526,100,100
36.5515,100,100
36.5503,100,100
36.5491,100,100
36.548,100,100
36.5468,100,100
36.5456,100,100
36.5445,100,100
36.5433,100,100
36.5421,100,100
36.5409,100,100
36.5398,100,100
36.5386,100,100
36.5374,100,100
36.5363,100,100
36.5351,100,100
36.5339,100,100
36.5328,100,100
36.5316,100,100
36.5304,100,100
36.5292,100,100
36.5281,100,100
36.5269,100,100
36.5257,100,100
36.5246,100,100
36.5234,100,100
36.5222,100,100
36.5211,100,100
36.5199,100,100
36.5187,100,100
36.5176,100,100
36.5164,100,100
36.5152,100,100
36.514,100,100
36.5129,100,100
36.5117,100,100
36.5105,100,100
36.5094,100,100
36.5082,100,100
36.507,100,100
36.5059,100,100
36.5047,100,100
36.5035,100,100
36.5023,100,100
36.5012,100,100
36.5,100,100
36.4988,100,100
36.4977,100,100
36.4965,100,100
36.4953,100,100
36.4942,100,100
36.493,100,100
36.4918,100,100
36.4906,100,100
36.4895,100,100
36.4883,100,100
36.4871,100,100
36.486,100,100
36.4848,100,100
36.4836,100,100
36.4825,100,100
36.4813,100,100
36.4801,100,100
36.4789,100,100
36.4778,100,100
36.4766,100,100
36.4754,100,100
36.4743,100,100
36.4731,100,100
36.4719,100,100
36.4708,100,100
36.4696,100,100
36.4684,100,100
36.4673,100,100
36.4661,100,100
36.4649,100,100
36.4637,100,100
36.4626,100,100
36.4614,100,100
36.4602,100,100
36.4591,100,100
36.4579,100,100
36.4567,100,100
36.4556,100,100
36.4544,100,100
36.4532,100,100
36.452,100,100
36.4509,100,100
36.4497,100,100
36.4485,100,100
36.4474,100,100
36.4462,100,100
36.445,100,100
36.4439,100,100
36.4427,100,100
36.4415,100,100
36.4403,100,100
36.4392,100,100
36.438,100,100
36.4368,100,100
36.4357,100,100
36.4345,100,100
36.4333,100,100
36.4322,100,100
36.431,100,100
36.4298,100,100
36.4286,100,100
36.4275,100,100
36.4263,100,100
36.4251,100,100
36.424,100,100
36.4228,100,100
36.4216,100,100
36.4205,100,100
36.4193,100,100
36.4181,100,100
36.4169,100,100
36.4158,100,100
36.4146,100,100
36.4134,100,100
36.4123,100,100
36.4111,100,100
36.4099,100,100
36.4088,100,100
36.4076,100,100
36.4064,100,100
36.4053,100,100
36.4041,100,100
36.4029,100,100
36.4017,100,100
36.4006,100,100
36.3994,100,100
36.3982,100,100
36.3971,100,100
36.3959,100,100
36.3947,100,100
36.3936,100,100
36.3924,100,100
36.3912,100,100
36.39,100,100
36.3889,100,100
36.3877,100,100
36.3865,100,100
36.3854,100,100
36.3842,100,100
36.383,100,100
36.3819,100,100
36.3807,100,100
36.3795,100,100
36.3783,100,100
36.3772,100,100
36.376,100,100
36.3748,100,100
36.3737,100,100
36.3725,100,100
36.3713,100,100
36.3702,100,100
36.369,100,100
36.3678,100,100
36.3666,100,100
36.3655,100,100
36.3643,100,100
36.3631,100,100
36.362,100,100
36.3608,100,100
36.3596,100,100
36.3585,100,100
36.3573,100,100
36.3561,100,100
36.355,100,100
36.3538,100,100
36.3526,100,100
36.3514,100,100
36.3503,100,100
36.3491,100,100
36.3479,100,100
36.3468,100,100
36.3456,100,100
36.3444,100,100
36.3433,100,100
36.3421,100,100
36.3409,100,100
36.3397,100,100
36.3386,100,100
36.3374,100,100
36.3362,100,100
36.3351,100,100
36.3339,100,100
36.3327,100,100
36.3316,100,100
36.3304,100,100
36.3292,100,100
36.328,100,100
36.3269,100,100
36.3257,100,100
36.3245,100,100
36.3234,100,100
36.3222,100,100
36.321,100,100
36.3199,100,100
36.3187,100,100
36.3175,100,100
36.3163,100,100
36.3152,100,100
36.314,100,100
36.3128,100,100
36.3117,100,100
36.3105,100,100
36.3093,100,100
36.3082,100,100
36.307,100,100
36.3058,100,100
36.3047,100,100
36.3035,100,100
36.3023,100,100
36.3011,100,100
36.3,100,100
36.2988,100,100
36.2976,100,100
36.2965,100,100
36.2953,100,100
36.2941,100,100
36.293,100,100
36.2918,100,100
36.2906,100,100
36.2894,100,100
36.2883,100,100
36.2871,100,100
36.2859,100,100
36.2848,100,100
36.2836,100,100
36.2824,100,100
36.2813,100,100
36.2801,100,100
36.2789,100,100
36.2777,100,100
36.2766,100,100
36.2754,100,100
36.2742,100,100
36.2731,100,100
36.2719,100,100
36.2707,100,100
36.2696,100,100
36.2684,100,100
36.2672,100,100
36.266,100,100
36.2649,100,100
36.2637,100,100
36.2625,100,100
36.2614,100,100
36.2602,100,100
36.259,100,100
36.2579,100,100
36.2567,100,100
36.2555,100,100
36.2543,100,100
36.2532,100,100
36.252,100,100
36.2508,100,100
36.2497,100,100
36.2485,100,100
36.2473,100,100
36.2462,100,100
36.245,100,100
36.2438,100,100
36.2427,100,100
36.2415,100,100
36.2403,100,100
36.2391,100,100
36.238,100,100
36.2368,100,100
36.2356,100,100
36.2345,100,100
36.2333,100,100
36.2321,100,100
36.231,100,100
36.2298,100,100
36.2286,100,100
36.2274,100,100
36.2263,100,100
36.2251,100,100
36.2239,100,100
36.2228,100,100
36.2216,100,100
36.2204,100,100
36.2193,100,100
36.2181,100,100
36.2169,100,100
36.2157,100,100
36.2146,100,100
36.2134,100,100
36.2122,100,100
36.2111,100,100
36.2099,100,100
36.2087,100,100
36.2076,100,100
36.2064,100,100
36.2052,100,100
36.204,100,100
36.2029,100,100
36.2017,100,100
36.2005,100,100
36.1994,100,100
36.1982,100,100
36.197,100,100
36.1959,100,100
36.1947,100,100
36.1935,100,100
36.1924,100,100
36.1912,100,100
36.19,100,100
36.1888,100,100
36.1877,100,100
36.1865,100,100
36.1853,100,100
36.1842,100,100
36.183,100,100
36.1818,100,100
36.1807,100,100
36.1795,100,100
36.1783,100,100
36.1771,100,100
36.176,100,100
36.1748,100,100
36.1736,100,100
36.1725,100,100
36.1713,100,100
36.1701,100,100
36.169,100,100
36.1678,100,100
36.1666,100,100
36.1654,100,100
36.1643,100,100
36.1631,100,100
36.1619,100,100
36.1608,100,100
36.1596,100,100
36.1584,100,100
36.1573,100,100
36.1561,100,100
36.1549,100,100
36.1537,100,100
36.1526,100,100
36.1514,100,100
36.1502,100,100
36.1491,100,100
36.1479,100,100
36.1467,100,100
36.1456,100,100
36.1444,100,100
36.1432,100,100
36.1421,100,100
36.1409,100,100
36.1397,100,100
36.1385,100,100
36.1374,100,100
36.1362,100,100
36.135,100,100
36.1339,100,100
36.1327,100,100
36.1315,100,100
36.1304,100,100
36.1292,100,100
36.128,100,100
36.1269,100,100
36.1257,100,100
36.1245,100,100
36.1234,100,100
36.1222,100,100
36.121,100,100
36.1199,100,100
36.1187,100,100
36.1175,100,100
36.1163,100,100
36.1152,100,100
36.114,100,100
36.1128,100,100
36.1117,100,100
36.1105,100,100
36.1093,100,100
36.1082,100,100
36.107,100,100
36.1058,100,100
36.1047,100,100
36.1035,100,100
36.1023,100,100
36.1012,100,100
36.1,100,100
36.0988,100,100
36.0977,100,100
36.0965,100,100
36.0953,100,100
36.0942,100,100
36.093,100,100
36.0918,100,100
36.0907,100,100
36.0895,100,100
36.0883,100,100
36.0872,100,100
36.086,100,100
36.0848,100,100
36.0837,100,100
36.0825,100,100
36.0813,100,100
36.0802,100,100
36.079,100,100
36.0778,100,100
36.0767,100,100
36.0755,100,100
36.0743,100,100
36.0732,100,100
36.072,100,100
36.0708,100,100
36.0697,100,100
36.0685,100,100
36.0673,100,100
36.0662,100,100
36.065,100,100
36.0638,100,100
36.0627,100,100
36.0615,100,100
36.0603,100,100
36.0592,100,100
36.058,100,100
36.0568,100,100
36.0557,100,100
36.0545,100,100
36.0533,100,100
36.0522,100,100
36.051,100,100
36.0498,100,100
36.0487,100,100
36.0475,100,100
36.0463,100,100
36.0452,100,100
36.044,100,100
36.0428,100,100
36.0417,100,100
36.0405,100,100
36.0393,100,100
36.0382,100,100
36.037,100,100
36.0358,100,100
36.0347,100,100
36.0335,100,100
36.0323,100,100
36.0312,100,100
36.03,100,100
36.0288,100,100
36.0276,100,100
36.0265,100,100
36.0253,100,100
36.0241,100,100
36.023,100,100
36.0218,100,100
36.0206,100,100
36.0195,100,100
36.0183,100,100
36.0171,100,100
36.016,100,100
36.0148,100,100
36.0136,100,100
36.0125,100,100
36.0113,100,100
36.0102,100,100
36.009,100,100
36.0078,100,100
36.0067,100,100
36.0055,100,100
36.0043,100,100
36.0032,100,100
36.002,100,100
36.0008,100,100
35.9997,100,100
35.9985,100,100
35.9973,100,100
35.9962,100,100
35.995,100,100
35.9938,100,100
35.9927,100,100
35.9915,100,100
35.9904,100,100
35.9892,100,100
35.988,100,100
35.9869,100,100
35.9857,100,100
35.9845,100,100
35.9834,100,100
35.9822,100,100
35.981,100,100
35.9799,100,100
35.9787,100,100
35.9775,100,100
35.9764,100,100
35.9752,100,100
35.974,100,100
35.9729,100,100
35.9717,100,100
35.9706,100,100
35.9694,100,100
35.9682,100,100
35.9671,100,100
35.9659,100,100
35.9647,100,100
35.9636,100,100
35.9624,100,100
35.9612,100,100
35.9601,100,100
35.9589,100,100
35.9577,100,100
35.9566,100,100
35.9554,100,100
35.9542,100,100
35.9531,100,100
35.9519,100,100
35.9508,100,100
35.9496,100,100
35.9484,100,100
35.9473,100,100
35.9461,100,100
35.9449,100,100
35.9438,100,100
35.9426,100,100
35.9414,100,100
35.9403,100,100
35.9391,100,100
35.9379,100,100
35.9368,100,100
35.9356,100,100
35.9344,100,100
35.9333,100,100
35.9321,100,100
35.931,100,100
35.9298,100,100
35.9286,100,100
35.9275,100,100
35.9263,100,100
35.9251,100,100
35.924,100,100
35.9228,100,100
35.9216,100,100
35.9205,100,100
35.9193,100,100
35.9181,100,100
35.917,100,100
35.9158,100,100
35.9147,100,100
35.9135,100,100
35.9123,100,100
35.9112,100,100
35.91,100,100
35.9088,100,100
35.9077,100,100
35.9065,100,100
35.9053,100,100
35.9042,100,100
35.903,100,100
35.9018,100,100
35.9007,100,100
35.8995,100,100
35.8983,100,100
35.8972,100,100
35.896,100,100
35.8948,100,100
35.8937,100,100
35.8925,100,100
35.8913,100,100
35.8902,100,100
35.889,100,100
35.8878,100,100
35.8867,100,100
35.8855,100,100
35.8843,100,100
35.8831,100,100
35.882,100,100
35.8808,100,100
35.8796,100,100
35.8785,100,100
35.8773,100,100
35.8761,100,100
35.875,100,100
35.8738,100,100
35.8726,100,100
35.8715,100,100
35.8703,100,100
35.8691,100,100
35.8679,100,100
35.8668,100,100
35.8656,100,100
35.8644,100,100
35.8633,100,100
35.8621,100,100
35.8609,100,100
35.8598,100,100
35.8586,100,100
35.8574,100,100
35.8563,100,100
35.8551,100,100
35.8539,100,100
35.8527,100,100
35.8516,100,100
35.8504,100,100
35.8492,100,100
35.8481,100,100
35.8469,100,100
35.8457,100,100
35.8446,100,100
35.8434,100,100
35.8422,100,100
35.8411,100,100
35.8399,100,100
35.8387,100,100
35.8376,100,100
35.8364,100,100
35.8352,100,100
35.834,100,100
35.8329,100,100
35.8317,100,100
35.8305,100,100
35.8294,100,100
35.8282,100,100
35.827,100,100
35.8259,100,100
35.8247,100,100
35.8235,100,100
35.8224,100,100
35.8212,100,100
35.82,100,100
35.8188,100,100
35.8177,100,100
35.8165,100,100
35.8153,100,100
35.8142,100,100
35.813,100,100
35.8118,100,100
35.8107,100,100
35.8095,100,100
35.8083,100,100
35.8072,100,100
35.806,100,100
35.8048,100,100
35.8036,100,100
35.8025,100,100
35.8013,100,100
35.8001,100,100
35.799,100,100
35.7978,100,100
35.7966,100,100
35.7955,100,100
35.7943,100,100
35.7931,100,100
35.792,100,100
35.7908,100,100
35.7896,100,100
35.7884,100,100
35.7873,100,100
35.7861,100,100
35.7849,100,100
35.7838,100,100
35.7826,100,100
35.7814,100,100
35.7803,100,100
35.7791,100,100
35.7779,100,100
35.7767,100,100
35.7756,100,100
35.7744,100,100
35.7732,100,100
35.772,100,100
35.7709,100,100
35.7697,100,100
35.7685,100,100
35.7673,100,100
35.7662,100,100
35.765,100,100
35.7638,100,100
35.7626,100,100
35.7615,100,100
35.7603,100,100
35.7591,100,100
35.7579,100,100
35.7568,100,100
35.7556,100,100
35.7544,100,100
35.7532,100,100
35.7521,100,100
35.7509,100,100
35.7497,100,100
35.7485,100,100
35.7474,100,100
35.7462,100,100
35.745,100,100
35.7438,100,100
35.7427,100,100
35.7415,100,100
35.7403,100,100
35.7391,100,100
35.738,100,100
35.7368,100,100
35.7356,100,100
35.7344,100,100
35.7333,100,100
35.7321,100,100
35.7309,100,100
35.7297,100,100
35.7286,100,100
35.7274,100,100
35.7262,100,100
35.725,100,100
35.7239,100,100
35.7227,100,100
35.7215,100,100
35.7203,100,100
35.7192,100,100
35.718,100,100
35.7168,100,100
35.7156,100,100
35.7145,100,100
35.7133,100,100
35.7121,100,100
35.7109,100,100
35.7098,100,100
35.7086,100,100
35.7074,100,100
35.7062,100,100
35.7051,100,100
35.7039,100,100
35.7027,100,100
35.7015,100,100
35.7004,100,100
35.6992,100,100
35.698,100,100
35.6968,100,100
35.6957,100,100
35.6945,100,100
35.6933,100,100
35.6921,100,100
35.691,100,100
35.6898,100,100
35.6886,100,100
35.6874,100,100
35.6863,100,100
35.6851,100,100
35.6839,100,100
35.6827,100,100
35.6816,100,100
35.6804,100,100
35.6792,100,100
35.678,100,100
35.6769,100,100
35.6757,100,100
35.6745,100,100
35.6733,100,100
35.6722,100,100
35.671,100,100
35.6698,100,100
35.6686,100,100
35.6675,100,100
35.6663,100,100
35.6651,100,100
35.6639,100,100
35.6628,100,100
35.6616,100,100
35.6604,100,100
35.6592,100,100
35.6581,100,100
35.6569,100,100
35.6557,100,100
35.6545,100,100
35.6534,100,100
35.6522,100,100
35.651,100,100
35.6498,100,100
35.6487,100,100
35.6475,100,100
35.6463,100,100
35.6451,100,100
35.644,100,100
35.6428,100,100
35.6416,100,100
35.6404,100,100
35.6393,100,100
35.6381,100,100
35.6369,100,100
35.6357,100,100
35.6346,100,100
35.6334,100,100
35.6322,100,100
35.631,100,100
35.6299,100,100
35.6287,100,100
35.6275,100,100
35.6263,100,100
35.6252,100,100
35.624,100,100
35.6228,100,100
35.6216,100,100
35.6205,100,100
35.6193,100,100
35.6181,100,100
35.6169,100,100
35.6158,100,100
35.6146,100,100
35.6134,100,100
35.6122,100,100
35.6111,100,100
35.6099,100,100
35.6087,100,100
35.6075,100,100
35.6064,100,100
35.6052,100,100
35.604,100,100
35.6028,100,100
35.6016,100,100
35.6005,100,100
35.5993,100,100
35.5981,100,100
35.5969,100,100
35.5958,100,100
35.5946,100,100
35.5934,100,100
35.5922,100,100
35.5911,100,100
35.5899,100,100
35.5887,100,100
35.5875,100,100
35.5864,100,100
35.5852,100,100
35.584,100,100
35.5828,100,100
35.5817,100,100
35.5805,100,100
35.5793,100,100
35.5781,100,100
35.577,100,100
35.5758,100,100
35.5746,100,100
35.5734,100,100
35.5723,100,100
35.5711,100,100
35.5699,100,100
35.5687,100,100
35.5676,100,100
35.5664,100,100
35.5652,100,100
35.564,100,100
35.5629,100,100
35.5617,100,100
35.5605,100,100
35.5593,100,100
35.5582,100,100
35.557,100,100
35.5558,100,100
35.5546,100,100
35.5535,100,100
35.5523,100,100
35.5511,100,100
35.5499,100,100
35.5488,100,100
35.5476,100,100
35.5464,100,100
35.5452,100,100
35.5441,100,100
35.5429,100,100
35.5417,100,100
35.5406,100,100
35.5394,100,100
35.5382,100,100
35.537,100,100
35.5359,100,100
35.5347,100,100
35.5335,100,100
35.5324,100,100
35.5312,100,100
35.53,100,100
35.5288,100,100
35.5277,100,100
35.5265,100,100
35.5253,100,100
35.5241,100,100
35.523,100,100
35.5218,100,100
35.5206,100,100
35.5195,100,100
35.5183,100,100
35.5171,100,100
35.5159,100,100
35.5148,100,100
35.5136,100,100
35.5124,100,100
35.5112,100,100
35.5101,100,100
35.5089,100,100
35.5077,100,100
35.5066,100,100
35.5054,100,100
35.5042,100,100
35.503,100,100
35.5019,100,100
35.5007,100,100
35.4995,100,100
35.4984,100,100
35.4972,100,100
35.496,100,100
35.4948,100,100
35.4937,100,100
35.4925,100,100
35.4913,100,100
35.4901,100,100
35.489,100,100
35.4878,100,100
35.4866,100,100
35.4855,100,100
35.4843,100,100
35.4831,100,100
35.4819,100,100
35.4808,100,100
35.4796,100,100
35.4784,100,100
35.4772,100,100
35.4761,100,100
35.4749,100,100
35.4737,100,100
35.4726,100,100
35.4714,100,100
35.4702,100,100
35.469,100,100
35.4679,100,100
35.4667,100,100
35.4655,100,100
35.4644,100,100
35.4632,100,100
35.462,100,100
35.4608,100,100
35.4597,100,100
35.4585,100,100
35.4573,100,100
35.4561,100,100
35.455,100,100
35.4538,100,100
35.4526,100,100
35.4515,100,100
35.4503,100,100
35.4491,100,100
35.4479,100,100
35.4468,100,100
35.4456,100,100
35.4444,100,100
35.4432,100,100
35.4421,100,100
35.4409,100,100
35.4397,100,100
35.4386,100,100
35.4374,100,100
35.4362,100,100
35.435,100,100
35.4339,100,100
35.4327,100,100
35.4315,100,100
35.4303,100,100
35.4292,100,100
35.428,100,100
35.4268,100,100
35.4257,100,100
35.4245,100,100
35.4233,100,100
35.4222,100,100
35.421,100,100
35.4198,100,100
35.4186,100,100
35.4175,100,100
35.4163,100,100
35.4151,100,100
35.414,100,100
35.4128,100,100
35.4116,100,100
35.4105,100,100
35.4093,100,100
35.4081,100,100
35.407,100,100
35.4058,100,100
35.4046,100,100
35.4034,100,100
35.4023,100,100
35.4011,100,100
35.3999,100,100
35.3988,100,100
35.3976,100,100
35.3964,100,100
35.3953,100,100
35.3941,100,100
35.3929,100,100
35.3917,100,100
35.3906,100,100
35.3894,100,100
35.3882,100,100
35.3871,100,100
35.3859,100,100
35.3847,100,100
35.3836,100,100
35.3824,100,100
35.3812,100,100
35.38,100,100
35.3789,100,100
35.3777,100,100
35.3765,100,100
35.3754,100,100
35.3742,100,100
35.373,100,100
35.3719,100,100
35.3707,100,100
35.3695,100,100
35.3683,100,100
35.3672,100,100
35.366,100,100
35.3648,100,100
35.3637,100,100
35.3625,100,100
35.3613,100,100
35.3602,100,100
35.359,100,100
35.3578,100,100
35.3566,100,100
35.3555,100,100
35.3543,100,100
35.3531,100,100
35.352,100,100
35.3508,100,100
35.3496,100,100
35.3485,100,100
35.3473,100,100
35.3461,100,100
35.345,100,100
35.3438,100,100
35.3426,100,100
35.3414,100,100
35.3403,100,100
35.3391,100,100
35.3379,100,100
35.3368,100,100
35.3356,100,100
35.3344,100,100
35.3333,100,100
35.3321,100,100
35.3309,100,100
35.3297,100,100
35.3286,100,100
35.3274,100,100
35.3262,100,100
35.3251,100,100
35.3239,100,100
35.3227,100,100
35.3216,100,100
35.3204,100,100
35.3192,100,100
35.318,100,100
35.3169,100,100
35.3157,100,100
35.3145,100,100
35.3134,100,100
35.3122,100,100
35.311,100,100
35.3099,100,100
35.3087,100,100
35.3075,100,100
35.3063,100,100
35.3052,100,100
35.304,100,100
35.3028,100,100
35.3017,100,100
35.3005,100,100
35.2993,100,100
35.2982,100,100
35.297,100,100
35.2958,100,100
35.2947,100,100
35.2935,100,100
35.2923,100,100
35.2911,100,100
35.29,100,100
35.2888,100,100
35.2876,100,100
35.2865,100,100
35.2853,100,100
35.2841,100,100
35.283,100,100
35.2818,100,100
35.2806,100,100
35.2794,100,100
35.2783,100,100
35.2771,100,100
35.2759,100,100
35.2748,100,100
35.2736,100,100
35.2724,100,100
35.2713,100,100
35.2701,100,100
35.2689,100,100
35.2677,100,100
35.2666,100,100
35.2654,100,100
35.2642,100,100
35.2631,100,100
35.2619,100,100
35.2607,100,100
35.2596,100,100
35.2584,100,100
35.2572,100,100
35.256,100,100
35.2549,100,100
35.2537,100,100
35.2525,100,100
35.2514,100,100
35.2502,100,100
35.249,100,100
35.2479,100,100
35.2467,100,100
35.2455,100,100
35.2444,100,100
35.2432,100,100
35.242,100,100
35.2408,100,100
35.2397,100,100
35.2385,100,100
35.2373,100,100
35.2362,100,100
35.235,100,100
35.2338,100,100
35.2327,100,100
35.2315,100,100
35.2303,100,100
35.2291,100,100
35.228,100,100
35.2268,100,100
35.2256,100,100
35.2245,100,100
35.2233,100,100
35.2221,100,100
35.221,100,100
35.2198,100,100
35.2186,100,100
35.2174,100,100
35.2163,100,100
35.2151,100,100
35.2139,100,100
35.2128,100,100
35.2116,100,100
35.2104,100,100
35.2093,100,100
35.2081,100,100
35.2069,100,100
35.2057,100,100
35.2046,100,100
35.2034,100,100
35.2022,100,100
35.2011,100,100
35.1999,100,100
35.1987,100,100
35.1976,100,100
35.1964,100,100
35.1952,100,100
35.194,100,100
35.1929,100,100
35.1917,100,100
35.1905,100,100
35.1894,100,100
35.1882,100,100
35.187,100,100
35.1859,100,100
35.1847,100,100
35.1835,100,100
35.1824,100,100
35.1812,100,100
35.18,100,100
35.1788,100,100
35.1777,100,100
35.1765,100,100
35.1753,100,100
35.1742,100,100
35.173,100,100
35.1718,100,100
35.1707,100,100
35.1695,100,100
35.1683,100,100
35.1671,100,100
35.166,100,100
35.1648,100,100
35.1636,100,100
35.1625,100,100
35.1613,100,100
35.1601,100,100
35.159,100,100
35.1578,100,100
35.1566,100,100
35.1554,100,100
35.1543,100,100
35.1531,100,100
35.1519,100,100
35.1508,100,100
35.1496,100,100
35.1484,100,100
35.1473,100,100
35.1461,100,100
35.1449,100,100
35.1437,100,100
35.1426,100,100
35.1414,100,100
35.1402,100,100
35.1391,100,100
35.1379,100,100
35.1367,100,100
35.1356,100,100
35.1344,100,100
35.1332,100,100
35.1321,100,100
35.1309,100,100
35.1297,100,100
35.1285,100,100
35.1274,100,100
35.1262,100,100
35.125,100,100
35.1239,100,100
35.1227,100,100
35.1215,100,100
35.1204,100,100
35.1192,100,100
35.118,100,100
35.1168,100,100
35.1157,100,100
35.1145,100,100
35.1133,100,100
35.1122,100,100
35.111,100,100
35.1098,100,100
35.1087,100,100
35.1075,100,100
35.1063,100,100
35.1051,100,100
35.104,100,100
35.1028,100,100
35.1016,100,100
35.1005,100,100
35.0993,100,100
35.0981,100,100
35.097,100,100
35.0958,100,100
35.0946,100,100
35.0934,100,100
35.0923,100,100
35.0911,100,100
35.0899,100,100
35.0888,100,100
35.0876,100,100
35.0864,100,100
35.0853,100,100
35.0841,100,100
35.0829,100,100
35.0818,100,100
35.0806,100,100
35.0794,100,100
35.0782,100,100
35.0771,100,100
35.0759,100,100
35.0747,100,100
35.0736,100,100
35.0724,100,100
35.0712,100,100
35.0701,100,100
35.0689,100,100
35.0677,100,100
35.0665,100,100
35.0654,100,100
35.0642,100,100
35.063,100,100
35.0619,100,100
35.0607,100,100
35.0595,100,100
35.0584,100,100
35.0572,100,100
35.056,100,100
35.0548,100,100
35.0537,100,100
35.0525,100,100
35.0513,100,100
35.0502,100,100
35.049,100,100
35.0478,100,100
35.0467,100,100
35.0455,100,100
35.0443,100,100
35.0431,100,100
35.042,100,100
35.0408,100,100
35.0396,100,100
35.0385,100,100
35.0373,100,100
35.0361,100,100
35.035,100,100
35.0338,100,100
35.0326,100,100
35.0314,100,100
35.0303,100,100
35.0291,100,100
35.0279,100,100
35.0268,100,100
35.0256,100,100
35.0244,100,100
35.0233,100,100
35.0221,100,100
35.0209,100,100
35.0198,100,100
35.0186,100,100
35.0174,100,100
35.0162,100,100
35.0151,100,100
35.0139,100,100
35.0127,100,100
35.0116,100,100
35.0104,100,100
35.0092,100,100
35.0081,100,100
35.0069,100,100
35.0057,100,100
35.0045,100,100
35.0034,100,100
35.0022,100,100
35.001,100,100
34.9999,100,100
34.9987,100,100
34.9975,100,100
34.9964,100,100
34.9952,100,100
34.994,100,100
34.9928,100,100
34.9917,100,100
34.9905,100,100
34.9893,100,100
34.9882,100,100
34.987,100,100
34.9858,100,100
34.9847,100,100
34.9835,100,100
34.9823,100,100
34.9811,100,100
34.98,100,100
34.9788,100,100
34.9776,100,100
34.9765,100,100
34.9753,100,100
34.9741,100,100
34.973,100,100
34.9718,100,100
34.9706,100,100
34.9695,100,100
34.9683,100,100
34.9671,100,100
34.9659,100,100
34.9648,100,100
34.9636,100,100
34.9624,100,100
34.9613,100,100
34.9601,100,100
34.9589,100,100
34.9578,100,100
34.9566,100,100
34.9554,100,100
34.9542,100,100
34.9531,100,100
34.9519,100,100
34.9507,100,100
34.9496,100,100
34.9484,100,100
34.9472,100,100
34.9461,100,100
34.9449,100,100
34.9437,100,100
34.9425,100,100
34.9414,100,100
34.9402,100,100
34.939,100,100
34.9379,100,100
34.9367,100,100
34.9355,100,100
34.9344,100,100
34.9332,100,100
34.932,100,100
34.9308,100,100
34.9297,100,100
34.9285,100,100
34.9273,100,100
34.9262,100,100
34.925,100,100
34.9238,100,100
34.9227,100,100
34.9215,100,100
34.9203,100,100
34.9192,100,100
34.918,100,100
34.9168,100,100
34.9156,100,100
34.9145,100,100
34.9133,100,100
34.9121,100,100
34.911,100,100
34.9098,100,100
34.9086,100,100
34.9075,100,100
34.9063,100,100
34.9051,100,100
34.9039,100,100
34.9028,100,100
34.9016,100,100
34.9004,100,100
34.8993,100,100
34.8981,100,100
34.8969,100,100
34.8958,100,100
34.8946,100,100
34.8934,100,100
34.8922,100,100
34.8911,100,100
34.8899,100,100
34.8887,100,100
34.8876,100,100
34.8864,100,100
34.8852,100,100
34.8841,100,100
34.8829,100,100
34.8817,100,100
34.8805,100,100
34.8794,100,100
34.8782,100,100
34.877,100,100
34.8759,100,100
34.8747,100,100
34.8735,100,100
34.8724,100,100
34.8712,100,100
34.87,100,100
34.8688,100,100
34.8677,100,100
34.8665,100,100
34.8653,100,100
34.8642,100,100
34.863,100,100
34.8618,100,100
34.8607,100,100
34.8595,100,100
34.8583,100,100
34.8572,100,100
34.856,100,100
34.8548,100,100
34.8536,100,100
34.8525,100,100
34.8513,100,100
34.8501,100,100
34.849,100,100
34.8478,100,100
34.8466,100,100
34.8455,100,100
34.8443,100,100
34.8431,100,100
34.8419,100,100
34.8408,100,100
34.8396,100,100
34.8384,100,100
34.8373,100,100
34.8361,100,100
34.8349,100,100
34.8338,100,100
34.8326,100,100
34.8314,100,100
34.8302,100,100
34.8291,100,100
34.8279,100,100
34.8267,100,100
34.8256,100,100
34.8244,100,100
34.8232,100,100
34.8221,100,100
34.8209,100,100
34.8197,100,100
34.8185,100,100
34.8174,100,100
34.8162,100,100
34.815,100,100
34.8139,100,100
34.8127,100,100
34.8115,100,100
34.8104,100,100
34.8092,100,100
34.808,100,100
34.8069,100,100
34.8057,100,100
34.8045,100,100
34.8033,100,100
34.8022,100,100
34.801,100,100
34.7998,100,100
34.7987,100,100
34.7975,100,100
34.7963,100,100
34.7952,100,100
34.794,100,100
34.7928,100,100
34.7916,100,100
34.7905,100,100
34.7893,100,100
34.7881,100,100
34.787,100,100
34.7858,100,100
34.7846,100,100
34.7835,100,100
34.7823,100,100
34.7811,100,100
34.7799,100,100
34.7788,100,100
34.7776,100,100
34.7764,100,100
34.7753,100,100
34.7741,100,100
34.7729,100,100
34.7718,100,100
34.7706,100,100
34.7694,100,100
34.7682,100,100
34.7671,100,100
34.7659,100,100
34.7647,100,100
34.7636,100,100
34.7624,100,100
34.7612,100,100
34.7601,100,100
34.7589,100,100
34.7577,100,100
34.7566,100,100
34.7554,100,100
34.7542,100,100
34.753,100,100
34.7519,100,100
34.7507,100,100
34.7495,100,100
34.7484,100,100
34.7472,100,100
34.746,100,100
34.7449,100,100
34.7437,100,100
34.7425,100,100
34.7413,100,100
34.7402,100,100
34.739,100,100
34.7378,100,100
34.7367,100,100
34.7355,100,100
34.7343,100,100
34.7332,100,100
34.732,100,100
34.7308,100,100
34.7296,100,100
34.7285,100,100
34.7273,100,100
34.7261,100,100
34.725,100,100
34.7238,100,100
34.7226,100,100
34.7215,100,100
34.7203,100,100
34.7191,100,100
34.7179,100,100
34.7168,100,100
34.7156,100,100
34.7144,100,100
34.7133,100,100
34.7121,100,100
34.7109,100,100
34.7098,100,100
34.7086,100,100
34.7074,100,100
34.7062,100,100
34.7051,100,100
34.7039,100,100
34.7027,100,100
34.7016,100,100
34.7004,100,100
34.6992,100,100
34.6981,100,100
34.6969,100,100
34.6957,100,100
34.6946,100,100
34.6934,100,100
34.6922,100,100
34.691,100,100
34.6899,100,100
34.6887,100,100
34.6875,100,100
34.6864,100,100
34.6852,100,100
34.684,100,100
34.6829,100,100
34.6817,100,100
34.6805,100,100
34.6793,100,100
34.6782,100,100
34.677,100,100
34.6758,100,100
34.6747,100,100
34.6735,100,100
34.6723,100,100
34.6712,100,100
34.67,100,100
34.6688,100,100
34.6676,100,100
34.6665,100,100
34.6653,100,100
34.6641,100,100
34.663,100,100
34.6618,100,100
34.6606,100,100
34.6595,100,100
34.6583,100,100
34.6571,100,100
34.6559,100,100
34.6548,100,100
34.6536,100,100
34.6524,100,100
34.6513,100,100
34.6501,100,100
34.6489,100,100
34.6478,100,100
34.6466,100,100
34.6454,100,100
34.6443,100,100
34.6431,100,100
34.6419,100,100
34.6407,100,100
34.6396,100,100
34.6384,100,100
34.6372,100,100
34.6361,100,100
34.6349,100,100
34.6337,100,100
34.6326,100,100
34.6314,100,100
34.6302,100,100
34.629,100,100
34.6279,100,100
34.6267,100,100
34.6255,100,100
34.6244,100,100
34.6232,100,100
34.622,100,100
34.6209,100,100
34.6197,100,100
34.6185,100,100
34.6173,100,100
34.6162,100,100
34.615,100,100
34.6138,100,100
34.6127,100,100
34.6115,100,100
34.6103,100,100
34.6092,100,100
34.608,100,100
34.6068,100,100
34.6057,100,100
34.6045,100,100
34.6033,100,100
34.6022,100,100
34.601,100,100
34.5998,100,100
34.5987,100,100
34.5975,100,100
34.5963,100,100
34.5952,100,100
34.594,100,100
34.5928,100,100
34.5917,100,100
34.5905,100,100
34.5893,100,100
34.5882,100,100
34.587,100,100
34.5858,100,100
34.5847,100,100
34.5835,100,100
34.5823,100,100
34.5812,100,100
34.58,100,100
34.5788,100,100
34.5777,100,100
34.5765,100,100
34.5753,100,100
34.5742,100,100
34.573,100,100
34.5718,100,100
34.5707,100,100
34.5695,100,100
34.5683,100,100
34.5672,100,100
34.566,100,100
34.5648,100,100
34.5637,100,100
34.5625,100,100
34.5613,100,100
34.5602,100,100
34.559,100,100
34.5578,100,100
34.5567,100,100
34.5555,100,100
34.5543,100,100
34.5531,100,100
34.552,100,100
34.5508,100,100
34.5496,100,100
34.5485,100,100
34.5473,100,100
34.5461,100,100
34.545,100,100
34.5438,100,100
34.5426,100,100
34.5415,100,100
34.5403,100,100
34.5391,100,100
34.538,100,100
34.5368,100,100
34.5356,100,100
34.5345,100,100
34.5333,100,100
34.5321,100,100
34.531,100,100
34.5298,100,100
34.5286,100,100
34.5275,100,100
34.5263,100,100
34.5251,100,100
34.524,100,100
34.5228,100,100
34.5216,100,100
34.5205,100,100
34.5193,100,100
34.5181,100,100
34.517,100,100
34.5158,100,100
34.5146,100,100
34.5135,100,100
34.5123,100,100
34.5111,100,100
34.51,100,100
34.5088,100,100
34.5076,100,100
34.5065,100,100
34.5053,100,100
34.5041,100,100
34.503,100,100
34.5018,100,100
34.5006,100,100
34.4995,100,100
34.4983,100,100
34.4971,100,100
34.496,100,100
34.4948,100,100
34.4936,100,100
34.4925,100,100
34.4913,100,100
34.4901,100,100
34.489,100,100
34.4878,100,100
34.4866,100,100
34.4855,100,100
34.4843,100,100
34.4831,100,100
34.482,100,100
34.4808,100,100
34.4796,100,100
34.4785,100,100
34.4773,100,100
34.4761,100,100
34.475,100,100
34.4738,100,100
34.4727,100,100
34.4715,100,100
34.4703,100,100
34.4692,100,100
34.468,100,100
34.4668,100,100
34.4657,100,100
34.4645,100,100
34.4633,100,100
34.4622,100,100
34.461,100,100
34.4598,100,100
34.4587,100,100
34.4575,100,100
34.4563,100,100
34.4552,100,100
34.454,100,100
34.4528,100,100
34.4517,100,100
34.4505,100,100
34.4493,100,100
34.4482,100,100
34.447,100,100
34.4458,100,100
34.4447,100,100
34.4435,100,100
34.4423,100,100
34.4412,100,100
34.44,100,100
34.4388,100,100
34.4377,100,100
34.4365,100,100
34.4353,100,100
34.4342,100,100
34.433,100,100
34.4318,100,100
34.4307,100,100
34.4295,100,100
34.4283,100,100
34.4272,100,100
34.426,100,100
34.4248,100,100
34.4237,100,100
34.4225,100,100
34.4213,100,100
34.4202,100,100
34.419,100,100
34.4178,100,100
34.4167,100,100
34.4155,100,100
34.4144,100,100
34.4132,100,100
34.412,100,100
34.4109,100,100
34.4097,100,100
34.4085,100,100
34.4074,100,100
34.4062,100,100
34.405,100,100
34.4039,100,100
34.4027,100,100
34.4015,100,100
34.4004,100,100
34.3992,100,100
34.398,100,100
34.3969,100,100
34.3957,100,100
34.3945,100,100
34.3934,100,100
34.3922,100,100
34.391,100,100
34.3899,100,100
34.3887,100,100
34.3875,100,100
34.3864,100,100
34.3852,100,100
34.384,100,100
34.3829,100,100
34.3817,100,100
34.3805,100,100
34.3794,100,100
34.3782,100,100
34.377,100,100
34.3759,100,100
34.3747,100,100
34.3735,100,100
34.3724,100,100
34.3712,100,100
34.37,100,100
34.3689,100,100
34.3677,100,100
34.3665,100,100
34.3654,100,100
34.3642,100,100
34.363,100,100
34.3619,100,100
34.3607,100,100
34.3595,100,100
34.3584,100,100
34.3572,100,100
34.356,100,100
34.3548,100,100
34.3537,100,100
34.3525,100,100
34.3513,100,100
34.3502,100,100
34.349,100,100
34.3478,100,100
34.3467,100,100
34.3455,100,100
34.3443,100,100
34.3432,100,100
34.342,100,100
34.3408,100,100
34.3397,100,100
34.3385,100,100
34.3373,100,100
34.3362,100,100
34.335,100,100
34.3338,100,100
34.3327,100,100
34.3315,100,100
34.3303,100,100
34.3292,100,100
34.328,100,100
34.3268,100,100
34.3257,100,100
34.3245,100,100
34.3233,100,100
34.3221,100,100
34.321,100,100
34.3198,100,100
34.3186,100,100
34.3175,100,100
34.3163,100,100
34.3151,100,100
34.314,100,100
34.3128,100,100
34.3116,100,100
34.3105,100,100
34.3093,100,100
34.3081,100,100
34.307,100,100
34.3058,100,100
34.3046,100,100
34.3035,100,100
34.3023,100,100
34.3011,100,100
34.3,100,100
34.2988,100,100
34.2976,100,100
34.2965,100,100
34.2953,100,100
34.2941,100,100
34.293,100,100
34.2918,100,100
34.2906,100,100
34.2894,100,100
34.2883,100,100
34.2871,100,100
34.2859,100,100
34.2848,100,100
34.2836,100,100
34.2824,100,100
34.2813,100,100
34.2801,100,100
34.2789,100,100
34.2778,100,100
34.2766,100,100
34.2754,100,100
34.2743,100,100
34.2731,100,100
34.2719,100,100
34.2708,100,100
34.2696,100,100
34.2684,100,100
34.2673,100,100
34.2661,100,100
34.2649,100,100
34.2638,100,100
34.2626,100,100
34.2614,100,100
34.2603,100,100
34.2591,100,100
34.2579,100,100
34.2567,100,100
34.2556,100,100
34.2544,100,100
34.2532,100,100
34.252,100,100
34.2509,100,100
34.2497,100,100
34.2485,100,100
34.2473,100,100
34.2462,100,100
34.245,100,100
34.2438,100,100
34.2426,100,100
34.2415,100,100
34.2403,100,100
34.2391,100,100
34.2379,100,100
34.2368,100,100
34.2356,100,100
34.2344,100,100
34.2332,100,100
34.2321,100,100
34.2309,100,100
34.2297,100,100
34.2285,100,100
34.2274,100,100
34.2262,100,100
34.225,100,100
34.2238,100,100
34.2227,100,100
34.2215,100,100
34.2203,100,100
34.2191,100,100
34.218,100,100
34.2168,100,100
34.2156,100,100
34.2144,100,100
34.2133,100,100
34.2121,100,100
34.2109,100,100
34.2097,100,100
34.2086,100,100
34.2074,100,100
34.2062,100,100
34.205,100,100
34.2039,100,100
34.2027,100,100
34.2015,100,100
34.2003,100,100
34.1992,100,100
34.198,100,100
34.1968,100,100
34.1956,100,100
34.1945,100,100
34.1933,100,100
34.1921,100,100
34.1909,100,100
34.1898,100,100
34.1886,100,100
34.1874,100,100
34.1862,100,100
34.1851,100,100
34.1839,100,100
34.1827,100,100
34.1816,100,100
34.1804,100,100
34.1792,100,100
34.178,100,100
34.1769,100,100
34.1757,100,100
34.1745,100,100
34.1733,100,100
34.1722,100,100
34.171,100,100
34.1698,100,100
34.1686,100,100
34.1675,100,100
34.1663,100,100
34.1651,100,100
34.1639,100,100
34.1628,100,100
34.1616,100,100
34.1604,100,100
34.1592,100,100
34.1581,100,100
34.1569,100,100
34.1557,100,100
34.1545,100,100
34.1534,100,100
34.1522,100,100
34.151,100,100
34.1498,100,100
34.1487,100,100
34.1475,100,100
34.1463,100,100
34.1451,100,100
34.144,100,100
34.1428,100,100
34.1416,100,100
34.1404,100,100
34.1392,100,100
34.1381,100,100
34.1369,100,100
34.1357,100,100
34.1345,100,100
34.1333,100,100
34.1322,100,100
34.131,100,100
34.1298,100,100
34.1286,100,100
34.1274,100,100
34.1263,100,100
34.1251,100,100
34.1239,100,100
34.1227,100,100
34.1215,100,100
34.1204,100,100
34.1192,100,100
34.118,100,100
34.1168,100,100
34.1156,100,100
34.1145,100,100
34.1133,100,100
34.1121,100,100
34.1109,100,100
34.1097,100,100
34.1086,100,100
34.1074,100,100
34.1062,100,100
34.105,100,100
34.1038,100,100
34.1027,100,100
34.1015,100,100
34.1003,100,100
34.0991,100,100
34.0979,100,100
34.0968,100,100
34.0956,100,100
34.0944,100,100
34.0932,100,100
34.092,100,100
34.0909,100,100
34.0897,100,100
34.0885,100,100
34.0873,100,100
34.0861,100,100
34.085,100,100
34.0838,100,100
34.0826,100,100
34.0814,100,100
34.0802,100,100
34.0791,100,100
34.0779,100,100
34.0767,100,100
34.0755,100,100
34.0743,100,100
34.0732,100,100
34.072,100,100
34.0708,100,100
34.0696,100,100
34.0684,100,100
34.0673,100,100
34.0661,100,100
34.0649,100,100
34.0637,100,100
34.0625,100,100
34.0614,100,100
34.0602,100,100
34.059,100,100
34.0578,100,100
34.0566,100,100
34.0555,100,100
34.0543,100,100
34.0531,100,100
34.0519,100,100
34.0507,100,100
34.0496,100,100
34.0484,100,100
34.0472,100,100
34.046,100,100
34.0448,100,100
34.0437,100,100
34.0425,100,100
34.0413,100,100
34.0401,100,100
34.0389,100,100
34.0378,100,100
34.0366,100,100
34.0354,100,100
34.0342,100,100
34.033,100,100
34.0319,100,100
34.0307,100,100
34.0295,100,100
34.0283,100,100
34.0271,100,100
34.0259,100,100
34.0248,100,100
34.0236,100,100
34.0224,100,100
34.0212,100,100
34.0201,100,100
34.0189,100,100
34.0177,100,100
34.0165,100,100
34.0154,100,100
34.0142,100,100
34.013,100,100
34.0118,100,100
34.0106,100,100
34.0095,100,100
34.0083,100,100
34.0071,100,100
34.0059,100,100
34.0048,100,100
34.0036,100,100
34.0024,100,100
34.0012,100,100
34,100,100
33.9989,100,100
33.9977,100,100
33.9965,100,100
33.9953,100,100
33.9942,100,100
33.993,100,100
33.9918,100,100
33.9906,100,100
33.9895,100,100
33.9883,100,100
33.9871,100,100
33.9859,100,100
33.9847,100,100
33.9836,100,100
33.9824,100,100
33.9812,100,100
33.98,100,100
33.9789,100,100
33.9777,100,100
33.9765,100,100
33.9753,100,100
33.9741,100,100
33.973,100,100
33.9718,100,100
33.9706,100,100
33.9694,100,100
33.9683,100,100
33.9671,100,100
33.9659,100,100
33.9647,100,100
33.9636,100,100
33.9624,100,100
33.9612,100,100
33.96,100,100
33.9588,100,100
33.9577,100,100
33.9565,100,100
33.9553,100,100
33.9541,100,100
33.953,100,100
33.9518,100,100
33.9506,100,100
33.9494,100,100
33.9482,100,100
33.9471,100,100
33.9459,100,100
33.9447,100,100
33.9435,100,100
33.9424,100,100
33.9412,100,100
33.94,100,100
33.9388,100,100
33.9377,100,100
33.9365,100,100
33.9353,100,100
33.9341,100,100
33.9329,100,100
33.9318,100,100
33.9306,100,100
33.9294,100,100
33.9282,100,100
33.9271,100,100
33.9259,100,100
33.9247,100,100
33.9235,100,100
33.9224,100,100
33.9212,100,100
33.92,100,100
33.9188,100,100
33.9176,100,100
33.9165,100,100
33.9153,100,100
33.9141,100,100
33.9129,100,100
33.9118,100,100
33.9106,100,100
33.9094,100,100
33.9082,100,100
33.907,100,100
33.9059,100,100
33.9047,100,100
33.9035,100,100
33.9023,100,100
33.9012,100,100
33.9,100,100
33.8988,100,100
33.8976,100,100
33.8965,100,100
33.8953,100,100
33.8941,100,100
33.8929,100,100
33.8918,100,100
33.8906,100,100
33.8894,100,100
33.8882,100,100
33.8871,100,100
33.8859,100,100
33.8847,100,100
33.8835,100,100
33.8824,100,100
33.8812,100,100
33.88,100,100
33.8788,100,100
33.8777,100,100
33.8765,100,100
33.8753,100,100
33.8741,100,100
33.873,100,100
33.8718,100,100
33.8706,100,100
33.8694,100,100
33.8683,100,100
33.8671,100,100
33.8659,100,100
33.8647,100,100
33.8636,100,100
33.8624,100,100
33.8612,100,100
33.86,100,100
33.8589,100,100
33.8577,100,100
33.8565,100,100
33.8553,100,100
33.8542,100,100
33.853,100,100
33.8518,100,100
33.8506,100,100
33.8495,100,100
33.8483,100,100
33.8471,100,100
33.8459,100,100
33.8448,100,100
33.8436,100,100
33.8424,100,100
33.8412,100,100
33.8401,100,100
33.8389,100,100
33.8377,100,100
33.8365,100,100
33.8354,100,100
33.8342,100,100
33.833,100,100
33.8318,100,100
33.8307,100,100
33.8295,100,100
33.8283,100,100
33.8271,100,100
33.826,100,100
33.8248,100,100
33.8236,100,100
33.8224,100,100
33.8213,100,100
33.8201,100,100
33.8189,100,100
33.8177,100,100
33.8166,100,100
33.8154,100,100
33.8142,100,100
33.813,100,100
33.8119,100,100
33.8107,100,100
33.8095,100,100
33.8083,100,100
33.8072,100,100
33.806,100,100
33.8048,100,100
33.8036,100,100
33.8025,100,100
33.8013,100,100
33.8001,100,100
33.7989,100,100
33.7978,100,100
33.7966,100,100
33.7954,100,100
33.7942,100,100
33.7931,100,100
33.7919,100,100
33.7907,100,100
33.7895,100,100
33.7884,100,100
33.7872,100,100
33.786,100,100
33.7848,100,100
33.7837,100,100
33.7825,100,100
33.7813,100,100
33.7801,100,100
33.779,100,100
33.7778,100,100
33.7766,100,100
33.7754,100,100
33.7743,100,100
33.7731,100,100
33.7719,100,100
33.7707,100,100
33.7696,100,100
33.7684,100,100
33.7672,100,100
33.766,100,100
33.7649,100,100
33.7637,100,100
33.7625,100,100
33.7613,100,100
33.7602,100,100
33.759,100,100
33.7578,100,100
33.7566,100,100
33.7555,100,100
33.7543,100,100
33.7531,100,100
33.7519,100,100
33.7508,100,100
33.7496,100,100
33.7484,100,100
33.7472,100,100
33.7461,100,100
33.7449,100,100
33.7437,100,100
33.7425,100,100
33.7414,100,100
33.7402,100,100
33.739,100,100
33.7378,100,100
33.7367,100,100
33.7355,100,100
33.7343,100,100
33.7331,100,100
33.732,100,100
33.7308,100,100
33.7296,100,100
33.7284,100,100
33.7273,100,100
33.7261,100,100
33.7249,100,100
33.7237,100,100
33.7226,100,100
33.7214,100,100
33.7202,100,100
33.719,100,100
33.7179,100,100
33.7167,100,100
33.7155,100,100
33.7143,100,100
33.7132,100,100
33.712,100,100
33.7108,100,100
33.7096,100,100
33.7085,100,100
33.7073,100,100
33.7061,100,100
33.7049,100,100
33.7038,100,100
33.7026,100,100
33.7014,100,100
33.7002,100,100
33.6991,100,100
33.6979,100,100
33.6967,100,100
33.6955,100,100
33.6944,100,100
33.6932,100,100
33.692,100,100
33.6908,100,100
33.6897,100,100
33.6885,100,100
33.6873,100,100
33.6861,100,100
33.685,100,100
33.6838,100,100
33.6826,100,100
33.6814,100,100
33.6803,100,100
33.6791,100,100
33.6779,100,100
33.6767,100,100
33.6756,100,100
33.6744,100,100
33.6732,100,100
33.672,100,100
33.6709,100,100
33.6697,100,100
33.6685,100,100
33.6673,100,100
33.6662,100,100
33.665,100,100
33.6638,100,100
33.6626,100,100
33.6615,100,100
33.6603,100,100
33.6591,100,100
33.6579,100,100
33.6568,100,100
33.6556,100,100
33.6544,100,100
33.6532,100,100
33.6521,100,100
33.6509,100,100
33.6497,100,100
33.6485,100,100
33.6474,100,100
33.6462,100,100
33.645,100,100
33.6438,100,100
33.6427,100,100
33.6415,100,100
33.6403,100,100
33.6391,100,100
33.638,100,100
33.6368,100,100
33.6356,100,100
33.6344,100,100
33.6333,100,100
33.6321,100,100
33.6309,100,100
33.6297,100,100
33.6286,100,100
33.6274,100,100
33.6262,100,100
33.625,100,100
33.6239,100,100
33.6227,100,100
33.6215,100,100
33.6203,100,100
33.6192,100,100
33.618,100,100
33.6168,100,100
33.6156,100,100
33.6145,100,100
33.6133,100,100
33.6121,100,100
33.6109,100,100
33.6098,100,100
33.6086,100,100
33.6074,100,100
33.6062,100,100
33.6051,100,100
33.6039,100,100
33.6027,100,100
33.6015,100,100
33.6004,100,100
33.5992,100,100
33.598,100,100
33.5968,100,100
33.5957,100,100
33.5945,100,100
33.5933,100,100
33.5921,100,100
33.591,100,100
33.5898,100,100
33.5886,100,100
33.5874,100,100
33.5863,100,100
33.5851,100,100
33.5839,100,100
33.5827,100,100
33.5816,100,100
33.5804,100,100
33.5792,100,100
33.578,100,100
33.5769,100,100
33.5757,100,100
33.5745,100,100
33.5733,100,100
33.5722,100,100
33.571,100,100
33.5698,100,100
33.5686,100,100
33.5675,100,100
33.5663,100,100
33.5651,100,100
33.5639,100,100
33.5628,100,100
33.5616,100,100
33.5604,100,100
33.5592,100,100
33.5581,100,100
33.5569,100,100
33.5557,100,100
33.5545,100,100
33.5534,100,100
33.5522,100,100
33.551,100,100
33.5498,100,100
33.5487,100,100
33.5475,100,100
33.5463,100,100
33.5451,100,100
33.544,100,100
33.5428,100,100
33.5416,100,100
33.5404,100,100
33.5393,100,100
33.5381,100,100
33.5369,100,100
33.5357,100,100
33.5346,100,100
33.5334,100,100
33.5322,100,100
33.531,100,100
33.5299,100,100
33.5287,100,100
33.5275,100,100
33.5263,100,100
33.5252,100,100
33.524,100,100
33.5228,100,100
33.5216,100,100
33.5205,100,100
33.5193,100,100
33.5181,100,100
33.5169,100,100
33.5158,100,100
33.5146,100,100
33.5134,100,100
33.5122,100,100
33.5111,100,100
33.5099,100,100
33.5087,100,100
33.5075,100,100
33.5064,100,100
33.5052,100,100
33.504,100,100
33.5028,100,100
33.5017,100,100
33.5005,100,100
33.4993,100,100
33.4981,100,100
33.497,100,100
33.4958,100,100
33.4946,100,100
33.4934,100,100
33.4923,100,100
33.4911,100,100
33.4899,100,100
33.4887,100,100
33.4876,100,100
33.4864,100,100
33.4852,100,100
33.484,100,100
33.4829,100,100
33.4817,100,100
33.4805,100,100
33.4793,100,100
33.4782,100,100
33.477,100,100
33.4758,100,100
33.4746,100,100
33.4735,100,100
33.4723,100,100
33.4711,100,100
33.4699,100,100
33.4688,100,100
33.4676,100,100
33.4664,100,100
33.4652,100,100
33.4641,100,100
33.4629,100,100
33.4617,100,100
33.4605,100,100
33.4593,100,100
33.4582,100,100
33.457,100,100
33.4558,100,100
33.4546,100,100
33.4535,100,100
33.4523,100,100
33.4511,100,100
33.4499,100,100
33.4488,100,100
33.4476,100,100
33.4464,100,100
33.4452,100,100
33.4441,100,100
33.4429,100,100
33.4417,100,100
33.4405,100,100
33.4394,100,100
33.4382,100,100
33.437,100,100
33.4359,100,100
33.4347,100,100
33.4335,100,100
33.4323,100,100
33.4312,100,100
33.43,100,100
33.4288,100,100
33.4276,100,100
33.4265,100,100
33.4253,100,100
33.4241,100,100
33.4229,100,100
33.4218,100,100
33.4206,100,100
33.4194,100,100
33.4183,100,100
33.4171,100,100
33.4159,100,100
33.4147,100,100
33.4136,100,100
33.4124,100,100
33.4112,100,100
33.41,100,100
33.4089,100,100
33.4077,100,100
33.4065,100,100
33.4054,100,100
33.4042,100,100
33.403,100,100
33.4018,100,100
33.4007,100,100
33.3995,100,100
33.3983,100,100
33.3971,100,100
33.396,100,100
33.3948,100,100
33.3936,100,100
33.3925,100,100
33.3913,100,100
33.3901,100,100
33.3889,100,100
33.3878,100,100
33.3866,100,100
33.3854,100,100
33.3842,100,100
33.3831,100,100
33.3819,100,100
33.3807,100,100
33.3796,100,100
33.3784,100,100
33.3772,100,100
33.376,100,100
33.3749,100,100
33.3737,100,100
33.3725,100,100
33.3713,100,100
33.3702,100,100
33.369,100,100
33.3678,100,100
33.3667,100,100
33.3655,100,100
33.3643,100,100
33.3631,100,100
33.362,100,100
33.3608,100,100
33.3596,100,100
33.3584,100,100
33.3573,100,100
33.3561,100,100
33.3549,100,100
33.3538,100,100
33.3526,100,100
33.3514,100,100
33.3502,100,100
33.3491,100,100
33.3479,100,100
33.3467,100,100
33.3455,100,100
33.3444,100,100
33.3432,100,100
33.342,100,100
33.3409,100,100
33.3397,100,100
33.3385,100,100
33.3373,100,100
33.3362,100,100
33.335,100,100
33.3338,100,100
33.3326,100,100
33.3315,100,100
33.3303,100,100
33.3291,100,100
33.328,100,100
33.3268,100,100
33.3256,100,100
33.3244,100,100
33.3233,100,100
33.3221,100,100
33.3209,100,100
33.3197,100,100
33.3186,100,100
33.3175,100,100
33.3164,100,100
33.3153,100,100
33.3142,100,100
33.3131,100,100
33.312,100,100
33.3109,100,100
33.3098,100,100
33.3087,100,100
33.3076,100,100
33.3064,100,100
33.3053,100,100
33.3042,100,100
33.3031,100,100
33.302,100,100
33.3009,100,100
33.2998,100,100
33.2987,100,100
33.2976,100,100
33.2965,100,100
33.2954,100,100
33.2943,100,100
33.2932,100,100
33.2921,100,100
33.2909,100,100
33.2898,100,100
33.2887,100,100
33.2876,100,100
33.2865,100,100
33.2854,100,100
33.2843,100,100
33.2832,100,100
33.2821,100,100
33.281,100,100
33.2799,100,100
33.2788,100,100
33.2777,100,100
33.2766,100,100
33.2754,100,100
33.2743,100,100
33.2732,100,100
33.2721,100,100
33.271,100,100
33.2699,100,100
33.2688,100,100
33.2677,100,100
33.2666,100,100
33.2655,100,100
33.2644,100,100
33.2633,100,100
33.2622,100,100
33.2611,100,100
33.2599,100,100
33.2588,100,100
33.2577,100,100
33.2566,100,100
33.2555,100,100
33.2544,100,100
33.2533,100,100
33.2522,100,100
33.2511,100,100
33.25,100,100
33.2489,100,100
33.2478,100,100
33.2467,100,100
33.2456,100,100
33.2444,100,100
33.2433,100,100
33.2422,100,100
33.2411,100,100
33.24,100,100
33.2389,100,100
33.2378,100,100
33.2367,100,100
33.2356,100,100
33.2345,100,100
33.2334,100,100
33.2323,100,100
33.2312,100,100
33.2301,100,100
33.2289,100,100
33.2278,100,100
33.2267,100,100
33.2256,100,100
33.2245,100,100
33.2234,100,100
33.2223,100,100
33.2212,100,100
33.2201,100,100
33.219,100,100
33.2179,100,100
33.2168,100,100
33.2157,100,100
33.2146,100,100
33.2134,100,100
33.2123,100,100
33.2112,100,100
33.2101,100,100
33.209,100,100
33.208,100,100
33.207,100,100
33.206,100,100
33.2051,100,100
33.2041,100,100
33.2031,100,100
33.2021,100,100
33.2011,100,100
33.2001,100,100
33.1991,100,100
33.1982,100,100
33.1972,100,100
33.1962,100,100
33.1952,100,100
33.1942,100,100
33.1932,100,100
33.1923,100,100
33.1913,100,100
33.1903,100,100
33.1893,100,100
33.1883,100,100
33.1873,100,100
33.1863,100,100
33.1854,100,100
33.1844,100,100
33.1834,100,100
33.1824,100,100
33.1814,100,100
33.1804,100,100
33.1794,100,100
33.1785,100,100
33.1775,100,100
33.1765,100,100
33.1755,100,100
33.1745,100,100
33.1735,100,100
33.1725,100,100
33.1716,100,100
33.1706,100,100
33.1696,100,100
33.1686,100,100
33.1676,100,100
33.1666,100,100
33.1657,100,100
33.1647,100,100
33.1637,100,100
33.1627,100,100
33.1617,100,100
33.1607,100,100
33.1597,100,100
33.1588,100,100
33.1578,100,100
33.1568,100,100
33.1558,100,100
33.1548,100,100
33.1538,100,100
33.1528,100,100
33.1519,100,100
33.1509,100,100
33.1499,100,100
33.1489,100,100
33.1479,100,100
33.1469,100,100
33.1459,100,100
33.145,100,100
33.144,100,100
33.143,100,100
33.142,100,100
33.141,100,100
33.14,100,100
33.1391,100,100
33.1381,100,100
33.1371,100,100
33.1361,100,100
33.1351,100,100
33.1341,100,100
33.1331,100,100
33.1322,100,100
33.1312,100,100
33.1302,100,100
33.1292,100,100
33.1282,100,100
33.1272,100,100
33.1262,100,100
33.1253,100,100
33.1243,100,100
33.1233,100,100
33.1223,100,100
33.1213,100,100
33.1203,100,100
33.1194,100,100
33.1184,100,100
33.1174,100,100
33.1164,100,100
33.1154,100,100
33.1144,100,100
33.1134,100,100
33.1125,100,100
33.1115,100,100
33.1105,100,100
33.1096,100,100
33.1088,100,100
33.1079,100,100
33.1071,100,100
33.1062,100,100
33.1054,100,100
33.1045,100,100
33.1037,100,100
33.1028,100,100
33.102,100,100
33.1011,100,100
33.1003,100,100
33.0994,100,100
33.0986,100,100
33.0977,100,100
33.0969,100,100
33.096,100,100
33.0952,100,100
33.0943,100,100
33.0935,100,100
33.0926,100,100
33.0918,100,100
33.0909,100,100
33.0901,100,100
33.0892,100,100
33.0884,100,100
33.0875,100,100
33.0867,100,100
33.0858,100,100
33.085,100,100
33.0841,100,100
33.0833,100,100
33.0824,100,100
33.0816,100,100
33.0807,100,100
33.0799,100,100
33.079,100,100
33.0782,100,100
33.0773,100,100
33.0765,100,100
33.0756,100,100
33.0748,100,100
33.0739,100,100
33.0731,100,100
33.0722,100,100
33.0714,100,100
33.0705,100,100
33.0697,100,100
33.0688,100,100
33.068,100,100
33.0671,100,100
33.0663,100,100
33.0654,100,100
33.0646,100,100
33.0637,100,100
33.0629,100,100
33.0621,100,100
33.0612,100,100
33.0604,100,100
33.0595,100,100
33.0587,100,100
33.0578,100,100
33.057,100,100
33.0561,100,100
33.0553,100,100
33.0544,100,100
33.0536,100,100
33.0527,100,100
33.0519,100,100
33.051,100,100
33.0502,100,100
33.0493,100,100
33.0485,100,100
33.0476,100,100
33.0468,100,100
33.0459,100,100
33.0451,100,100
33.0442,100,100
33.0434,100,100
33.0425,100,100
33.0417,100,100
33.0408,100,100
33.04,100,100
33.0391,100,100
33.0383,100,100
33.0374,100,100
33.0366,100,100
33.0357,100,100
33.0349,100,100
33.034,100,100
33.0332,100,100
33.0323,100,100
33.0315,100,100
33.0306,100,100
33.0298,100,100
33.0289,100,100
33.0281,100,100
33.0272,100,100
33.0264,100,100
33.0255,100,100
33.0248,100,100
33.024,100,100
33.0233,100,100
33.0226,100,100
33.0218,100,100
33.0211,100,100
33.0204,100,100
33.0196,100,100
33.0189,100,100
33.0181,100,100
33.0174,100,100
33.0167,100,100
33.0159,100,100
33.0152,100,100
33.0145,100,100
33.0137,100,100
33.013,100,100
33.0122,100,100
33.0115,100,100
33.0108,100,100
33.01,100,100
33.0093,100,100
33.0086,100,100
33.0078,100,100
33.0071,100,100
33.0064,100,100
33.0056,100,100
33.0049,100,100
33.0041,100,100
33.0034,100,100
33.0027,100,100
33.0019,100,100
33.0012,100,100
33.0005,100,100
32.9997,100,100
32.999,100,100
32.9982,100,100
32.9975,100,100
32.9968,100,100
32.996,100,100
32.9953,100,100
32.9946,100,100
32.9938,100,100
32.9931,100,100
32.9923,100,100
32.9916,100,100
32.9909,100,100
32.9901,100,100
32.9894,100,100
32.9887,100,100
32.9879,100,100
32.9872,100,100
32.9865,100,100
32.9857,100,100
32.985,100,100
32.9842,100,100
32.9835,100,100
32.9828,100,100
32.982,100,100
32.9813,100,100
32.9806,100,100
32.9798,100,100
32.9791,100,100
32.9783,100,100
32.9776,100,100
32.9769,100,100
32.9761,100,100
32.9754,100,100
32.9747,100,100
32.9739,100,100
32.9732,100,100
32.9725,100,100
32.9717,100,100
32.971,100,100
32.9702,100,100
32.9695,100,100
32.9688,100,100
32.968,100,100
32.9673,100,100
32.9666,100,100
32.9658,100,100
32.9651,100,100
32.9643,100,100
32.9636,100,100
32.9629,100,100
32.9621,100,100
32.9614,100,100
32.9607,100,100
32.9599,100,100
32.9592,100,100
32.9585,100,100
32.9577,100,100
32.957,100,100
32.9562,100,100
32.9555,100,100
32.9548,100,100
32.954,100,100
32.9533,100,100
32.9526,100,100
32.9518,100,100
32.9512,100,100
32.9505,100,100
32.9499,100,100
32.9492,100,100
32.9486,100,100
32.9479,100,100
32.9473,100,100
32.9466,100,100
32.946,100,100
32.9453,100,100
32.9447,100,100
32.944,100,100
32.9434,100,100
32.9427,100,100
32.9421,100,100
32.9414,100,100
32.9408,100,100
32.9401,100,100
32.9395,100,100
32.9388,100,100
32.9382,100,100
32.9375,100,100
32.9369,100,100
32.9362,100,100
32.9356,100,100
32.9349,100,100
32.9343,100,100
32.9336,100,100
32.933,100,100
32.9323,100,100
32.9317,100,100
32.931,100,100
32.9304,100,100
32.9297,100,100
32.929,100,100
32.9284,100,100
32.9277,100,100
32.9271,100,100
32.9264,100,100
32.9258,100,100
32.9251,100,100
32.9245,100,100
32.9238,100,100
32.9232,100,100
32.9225,100,100
32.9219,100,100
32.9212,100,100
32.9206,100,100
32.9199,100,100
32.9193,100,100
32.9186,100,100
32.918,100,100
32.9173,100,100
32.9167,100,100
32.916,100,100
32.9154,100,100
32.9147,100,100
32.9141,100,100
32.9134,100,100
32.9128,100,100
32.9121,100,100
32.9115,100,100
32.9108,100,100
32.9102,100,100
32.9095,100,100
32.9089,100,100
32.9082,100,100
32.9076,100,100
32.9069,100,100
32.9063,100,100
32.9056,100,100
32.905,100,100
32.9043,100,100
32.9037,100,100
32.903,100,100
32.9024,100,100
32.9017,100,100
32.9011,100,100
32.9004,100,100
32.8998,100,100
32.8991,100,100
32.8985,100,100
32.8978,100,100
32.8972,100,100
32.8965,100,100
32.8959,100,100
32.8952,100,100
32.8946,100,100
32.8939,100,100
32.8933,100,100
32.8926,100,100
32.892,100,100
32.8913,100,100
32.8907,100,100
32.89,100,100
32.8894,100,100
32.8887,100,100
32.8881,100,100
32.8874,100,100
32.8868,100,100
32.8862,100,100
32.8856,100,100
32.885,100,100
32.8845,100,100
32.8839,100,100
32.8833,100,100
32.8827,100,100
32.8821,100,100
32.8815,100,100
32.881,100,100
32.8804,100,100
32.8798,100,100
32.8792,100,100
32.8786,100,100
32.8781,100,100
32.8775,100,100
32.8769,100,100
32.8763,100,100
32.8757,100,100
32.8751,100,100
32.8746,100,100
32.874,100,100
32.8734,100,100
32.8728,100,100
32.8722,100,100
32.8716,100,100
32.8711,100,100
32.8705,100,100
32.8699,100,100
32.8693,100,100
32.8687,100,100
32.8682,100,100
32.8676,100,100
32.867,100,100
32.8664,100,100
32.8658,100,100
32.8652,100,100
32.8647,100,100
32.8641,100,100
32.8635,100,100
32.8629,100,100
32.8623,100,100
32.8618,100,100
32.8612,100,100
32.8606,100,100
32.86,100,100
32.8594,100,100
32.8588,100,100
32.8583,100,100
32.8577,100,100
32.8571,100,100
32.8565,100,100
32.8559,100,100
32.8554,100,100
32.8548,100,100
32.8542,100,100
32.8536,100,100
32.853,100,100
32.8524,100,100
32.8519,100,100
32.8513,100,100
32.8507,100,100
32.8501,100,100
32.8495,100,100
32.849,100,100
32.8484,100,100
32.8478,100,100
32.8472,100,100
32.8466,100,100
32.846,100,100
32.8455,100,100
32.8449,100,100
32.8443,100,100
32.8437,100,100
32.8431,100,100
32.8426,100,100
32.842,100,100
32.8414,100,100
32.8408,100,100
32.8402,100,100
32.8396,100,100
32.8391,100,100
32.8385,100,100
32.8379,100,100
32.8373,100,100
32.8367,100,100
32.8362,100,100
32.8356,100,100
32.835,100,100
32.8344,100,100
32.8338,100,100
32.8332,100,100
32.8327,100,100
32.8321,100,100
32.8315,100,100
32.8309,100,100
32.8303,100,100
32.8298,100,100
32.8292,100,100
32.8286,100,100
32.8281,100,100
32.8275,100,100
32.827,100,100
32.8265,100,100
32.8259,100,100
32.8254,100,100
32.8249,100,100
32.8244,100,100
32.8238,100,100
32.8233,100,100
32.8228,100,100
32.8222,100,100
32.8217,100,100
32.8212,100,100
32.8207,100,100
32.8201,100,100
32.8196,100,100
32.8191,100,100
32.8186,100,100
32.818,100,100
32.8175,100,100
32.817,100,100
32.8164,100,100
32.8159,100,100
32.8154,100,100
32.8149,100,100
32.8143,100,100
32.8138,100,100
32.8133,100,100
32.8127,100,100
32.8122,100,100
32.8117,100,100
32.8112,100,100
32.8106,100,100
32.8101,100,100
32.8096,100,100
32.809,100,100
32.8085,100,100
32.808,100,100
32.8075,100,100
32.8069,100,100
32.8064,100,100
32.8059,100,100
32.8054,100,100
32.8048,100,100
32.8043,100,100
32.8038,100,100
32.8032,100,100
32.8027,100,100
32.8022,100,100
32.8017,100,100
32.8011,100,100
32.8006,100,100
32.8001,100,100
32.7995,100,100
32.799,100,100
32.7985,100,100
32.798,100,100
32.7974,100,100
32.7969,100,100
32.7964,100,100
32.7958,100,100
32.7953,100,100
32.7948,100,100
32.7943,100,100
32.7937,100,100
32.7932,100,100
32.7927,100,100
32.7922,100,100
32.7916,100,100
32.7911,100,100
32.7906,100,100
32.79,100,100
32.7895,100,100
32.789,100,100
32.7885,100,100
32.7879,100,100
32.7874,100,100
32.7869,100,100
32.7863,100,100
32.7858,100,100
32.7853,100,100
32.7848,100,100
32.7842,100,100
32.7837,100,100
32.7832,100,100
32.7826,100,100
32.7821,100,100
32.7816,100,100
32.7811,100,100
32.7805,100,100
32.78,100,100
32.7795,100,100
32.7789,100,100
32.7784,100,100
32.7779,100,100
32.7774,100,100
32.7768,100,100
32.7763,100,100
32.7758,100,100
32.7753,100,100
32.7748,100,100
32.7743,100,100
32.7738,100,100
32.7733,100,100
32.7729,100,100
32.7724,100,100
32.7719,100,100
32.7714,100,100
32.7709,100,100
32.7704,100,100
32.7699,100,100
32.7695,100,100
32.769,100,100
32.7685,100,100
32.768,100,100
32.7675,100,100
32.767,100,100
32.7666,100,100
32.7661,100,100
32.7656,100,100
32.7651,100,100
32.7646,100,100
32.7641,100,100
32.7636,100,100
32.7632,100,100
32.7627,100,100
32.7622,100,100
32.7617,100,100
32.7612,100,100
32.7607,100,100
32.7602,100,100
32.7598,100,100
32.7593,100,100
32.7588,100,100
32.7583,100,100
32.7578,100,100
32.7573,100,100
32.7568,100,100
32.7564,100,100
32.7559,100,100
32.7554,100,100
32.7549,100,100
32.7544,100,100
32.7539,100,100
32.7534,100,100
32.753,100,100
32.7525,100,100
32.752,100,100
32.7515,100,100
32.751,100,100
32.7505,100,100
32.75,100,100
32.7496,100,100
32.7491,100,100
32.7486,100,100
32.7481,100,100
32.7476,100,100
32.7471,100,100
32.7466,100,100
32.7462,100,100
32.7457,100,100
32.7452,100,100
32.7447,100,100
32.7442,100,100
32.7437,100,100
32.7432,100,100
32.7428,100,100
32.7423,100,100
32.7418,100,100
32.7413,100,100
32.7408,100,100
32.7403,100,100
32.7398,100,100
32.7394,100,100
32.7389,100,100
32.7384,100,100
32.7379,100,100
32.7374,100,100
32.7369,100,100
32.7365,100,100
32.736,100,100
32.7355,100,100
32.735,100,100
32.7345,100,100
32.734,100,100
32.7335,100,100
32.7331,100,100
32.7326,100,100
32.7321,100,100
32.7316,100,100
32.7311,100,100
32.7306,100,100
32.7301,100,100
32.7297,100,100
32.7292,100,100
32.7287,100,100
32.7282,100,100
32.7277,100,100
32.7272,100,100
32.7268,100,100
32.7263,100,100
32.7259,100,100
32.7254,100,100
32.725,100,100
32.7245,100,100
32.7241,100,100
32.7236,100,100
32.7232,100,100
32.7227,100,100
32.7223,100,100
32.7218,100,100
32.7213,100,100
32.7209,100,100
32.7204,100,100
32.72,100,100
32.7195,100,100
32.7191,100,100
32.7186,100,100
32.7182,100,100
32.7177,100,100
32.7173,100,100
32.7168,100,100
32.7164,100,100
32.7159,100,100
32.7155,100,100
32.715,100,100
32.7146,100,100
32.7141,100,100
32.7137,100,100
32.7132,100,100
32.7128,100,100
32.7123,100,100
32.7119,100,100
32.7114,100,100
32.711,100,100
32.7105,100,100
32.71,100,100
32.7096,100,100
32.7091,100,100
32.7087,100,100
32.7082,100,100
32.7078,100,100
32.7073,100,100
32.7069,100,100
32.7064,100,100
32.706,100,100
32.7055,100,100
32.7051,100,100
32.7046,100,100
32.7042,100,100
32.7037,100,100
32.7033,100,100
32.7028,100,100
32.7024,100,100
32.7019,100,100
32.7015,100,100
32.701,100,100
32.7006,100,100
32.7001,100,100
32.6997,100,100
32.6992,100,100
32.6987,100,100
32.6983,100,100
32.6978,100,100
32.6974,100,100
32.6969,100,100
32.6965,100,100
32.696,100,100
32.6956,100,100
32.6951,100,100
32.6947,100,100
32.6942,100,100
32.6938,100,100
32.6933,100,100
32.6929,100,100
32.6924,100,100
32.692,100,100
32.6915,100,100
32.6911,100,100
32.6906,100,100
32.6902,100,100
32.6897,100,100
32.6893,100,100
32.6888,100,100
32.6884,100,100
32.6879,100,100
32.6874,100,100
32.687,100,100
32.6865,100,100
32.6861,100,100
32.6856,100,100
32.6852,100,100
32.6847,100,100
32.6843,100,100
32.6838,100,100
32.6834,100,100
32.6829,100,100
32.6825,100,100
32.682,100,100
32.6816,100,100
32.6812,100,100
32.6807,100,100
32.6803,100,100
32.6799,100,100
32.6795,100,100
32.679,100,100
32.6786,100,100
32.6782,100,100
32.6778,100,100
32.6773,100,100
32.6769,100,100
32.6765,100,100
32.6761,100,100
32.6756,100,100
32.6752,100,100
32.6748,100,100
32.6744,100,100
32.6739,100,100
32.6735,100,100
32.6731,100,100
32.6727,100,100
32.6722,100,100
32.6718,100,100
32.6714,100,100
32.671,100,100
32.6705,100,100
32.6701,100,100
32.6697,100,100
32.6693,100,100
32.6688,100,100
32.6684,100,100
32.668,100,100
32.6676,100,100
32.6671,100,100
32.6667,100,100
32.6663,100,100
32.6659,100,100
32.6654,100,100
32.665,100,100
32.6646,100,100
32.6642,100,100
32.6637,100,100
32.6633,100,100
32.6629,100,100
32.6625,100,100
32.662,100,100
32.6616,100,100
32.6612,100,100
32.6608,100,100
32.6603,100,100
32.6599,100,100
32.6595,100,100
32.6591,100,100
32.6586,100,100
32.6582,100,100
32.6578,100,100
32.6574,100,100
32.6569,100,100
32.6565,100,100
32.6561,100,100
32.6557,100,100
32.6552,100,100
32.6548,100,100
32.6544,100,100
32.654,100,100
32.6535,100,100
32.6531,100,100
32.6527,100,100
32.6523,100,100
32.6518,100,100
32.6514,100,100
32.651,100,100
32.6505,100,100
32.6501,100,100
32.6497,100,100
32.6493,100,100
32.6488,100,100
32.6484,100,100
32.648,100,100
32.6476,100,100
32.6471,100,100
32.6467,100,100
32.6463,100,100
32.6459,100,100
32.6454,100,100
32.645,100,100
32.6446,100,100
32.6442,100,100
32.6437,100,100
32.6433,100,100
32.6429,100,100
32.6425,100,100
32.642,100,100
32.6416,100,100
32.6412,100,100
32.6408,100,100
32.6403,100,100
32.6399,100,100
32.6395,100,100
32.6391,100,100
32.6387,100,100
32.6383,100,100
32.6379,100,100
32.6375,100,100
32.6371,100,100
32.6367,100,100
32.6363,100,100
32.6359,100,100
32.6355,100,100
32.6351,100,100
32.6347,100,100
32.6343,100,100
32.6339,100,100
32.6335,100,100
32.6331,100,100
32.6327,100,100
32.6323,100,100
32.6319,100,100
32.6315,100,100
32.6311,100,100
32.6307,100,100
32.6303,100,100
32.6299,100,100
32.6295,100,100
32.6291,100,100
32.6287,100,100
32.6283,100,100
32.6279,100,100
32.6275,100,100
32.6271,100,100
32.6267,100,100
32.6263,100,100
32.6259,100,100
32.6255,100,100
32.6251,100,100
32.6247,100,100
32.6243,100,100
32.6239,100,100
32.6235,100,100
32.6231,100,100
32.6227,100,100
32.6223,100,100
32.6219,100,100
32.6215,100,100
32.6211,100,100
32.6207,100,100
32.6203,100,100
32.62,100,100
32.6196,100,100
32.6192,100,100
32.6188,100,100
32.6184,100,100
32.618,100,100
32.6176,100,100
32.6172,100,100
32.6168,100,100
32.6164,100,100
32.616,100,100
32.6156,100,100
32.6152,100,100
32.6148,100,100
32.6144,100,100
32.614,100,100
32.6136,100,100
32.6132,100,100
32.6128,100,100
32.6124,100,100
32.612,100,100
32.6116,100,100
32.6112,100,100
32.6108,100,100
32.6104,100,100
32.61,100,100
32.6096,100,100
32.6092,100,100
32.6088,100,100
32.6084,100,100
32.608,100,100
32.6076,100,100
32.6072,100,100
32.6068,100,100
32.6064,100,100
32.606,100,100
32.6056,100,100
32.6052,100,100
32.6048,100,100
32.6044,100,100
32.604,100,100
32.6036,100,100
32.6032,100,100
32.6028,100,100
32.6024,100,100
32.602,100,100
32.6016,100,100
32.6012,100,100
32.6008,100,100
32.6004,100,100
32.6,100,100
32.5996,100,100
32.5992,100,100
32.5989,100,100
32.5985,100,100
32.5981,100,100
32.5978,100,100
32.5974,100,100
32.597,100,100
32.5966,100,100
32.5963,100,100
32.5959,100,100
32.5955,100,100
32.5952,100,100
32.5948,100,100
32.5944,100,100
32.5941,100,100
32.5937,100,100
32.5933,100,100
32.5929,100,100
32.5926,100,100
32.5922,100,100
32.5918,100,100
32.5915,100,100
32.5911,100,100
32.5907,100,100
32.5903,100,100
32.59,100,100
32.5896,100,100
32.5892,100,100
32.5889,100,100
32.5885,100,100
32.5881,100,100
32.5878,100,100
32.5874,100,100
32.587,100,100
32.5866,100,100
32.5863,100,100
32.5859,100,100
32.5855,100,100
32.5852,100,100
32.5848,100,100
32.5844,100,100
32.584,100,100
32.5837,100,100
32.5833,100,100
32.5829,100,100
32.5826,100,100
32.5822,100,100
32.5818,100,100
32.5815,100,100
32.5811,100,100
32.5807,100,100
32.5803,100,100
32.58,100,100
32.5796,100,100
32.5792,100,100
32.5789,100,100
32.5785,100,100
32.5781,100,100
32.5777,100,100
32.5774,100,100
32.577,100,100
32.5766,100,100
32.5763,100,100
32.5759,100,100
32.5755,100,100
32.5752,100,100
32.5748,100,100
32.5744,100,100
32.574,100,100
32.5737,100,100
32.5733,100,100
32.5729,100,100
32.5726,100,100
32.5722,100,100
32.5718,100,100
32.5714,100,100
32.5711,100,100
32.5707,100,100
32.5703,100,100
32.57,100,100
32.5696,100,100
32.5692,100,100
32.5689,100,100
32.5685,100,100
32.5681,100,100
32.5677,100,100
32.5674,100,100
32.567,100,100
32.5666,100,100
32.5663,100,100
32.5659,100,100
32.5655,100,100
32.5651,100,100
32.5648,100,100
32.5644,100,100
32.564,100,100
32.5637,100,100
32.5633,100,100
32.5629,100,100
32.5626,100,100
32.5622,100,100
32.5619,100,100
32.5615,100,100
32.5612,100,100
32.5608,100,100
32.5605,100,100
32.5601,100,100
32.5598,100,100
32.5594,100,100
32.5591,100,100
32.5587,100,100
32.5584,100,100
32.558,100,100
32.5577,100,100
32.5574,100,100
32.557,100,100
32.5567,100,100
32.5563,100,100
32.556,100,100
32.5556,100,100
32.5553,100,100
32.5549,100,100
32.5546,100,100
32.5542,100,100
32.5539,100,100
32.5535,100,100
32.5532,100,100
32.5528,100,100
32.5525,100,100
32.5522,100,100
32.5518,100,100
32.5515,100,100
32.5511,100,100
32.5508,100,100
32.5504,100,100
32.5501,100,100
32.5497,100,100
32.5494,100,100
32.549,100,100
32.5487,100,100
32.5483,100,100
32.548,100,100
32.5477,100,100
32.5473,100,100
32.547,100,100
32.5466,100,100
32.5463,100,100
32.5459,100,100
32.5456,100,100
32.5452,100,100
32.5449,100,100
32.5445,100,100
32.5442,100,100
32.5438,100,100
32.5435,100,100
32.5432,100,100
32.5428,100,100
32.5425,100,100
32.5421,100,100
32.5418,100,100
32.5414,100,100
32.5411,100,100
32.5407,100,100
32.5404,100,100
32.54,100,100
32.5397,100,100
32.5393,100,100
32.539,100,100
32.5387,100,100
32.5383,100,100
32.538,100,100
32.5376,100,100
32.5373,100,100
32.5369,100,100
32.5366,100,100
32.5362,100,100
32.5359,100,100
32.5355,100,100
32.5352,100,100
32.5348,100,100
32.5345,100,100
32.5341,100,100
32.5338,100,100
32.5335,100,100
32.5331,100,100
32.5328,100,100
32.5324,100,100
32.5321,100,100
32.5317,100,100
32.5314,100,100
32.531,100,100
32.5307,100,100
32.5303,100,100
32.53,100,100
32.5296,100,100
32.5293,100,100
32.529,100,100
32.5286,100,100
32.5283,100,100
32.5279,100,100
32.5276,100,100
32.5273,100,100
32.5269,100,100
32.5266,100,100
32.5263,100,100
32.526,100,100
32.5256,100,100
32.5253,100,100
32.525,100,100
32.5246,100,100
32.5243,100,100
32.524,100,100
32.5237,100,100
32.5233,100,100
32.523,100,100
32.5227,100,100
32.5224,100,100
32.522,100,100
32.5217,100,100
32.5214,100,100
32.521,100,100
32.5207,100,100
32.5204,100,100
32.5201,100,100
32.5197,100,100
32.5194,100,100
32.5191,100,100
32.5188,100,100
32.5184,100,100
32.5181,100,100
32.5178,100,100
32.5175,100,100
32.5171,100,100
32.5168,100,100
32.5165,100,100
32.5161,100,100
32.5158,100,100
32.5155,100,100
32.5152,100,100
32.5148,100,100
32.5145,100,100
32.5142,100,100
32.5139,100,100
32.5135,100,100
32.5132,100,100
32.5129,100,100
32.5126,100,100
32.5122,100,100
32.5119,100,100
32.5116,100,100
32.5112,100,100
32.5109,100,100
32.5106,100,100
32.5103,100,100
32.5099,100,100
32.5096,100,100
32.5093,100,100
32.509,100,100
32.5086,100,100
32.5083,100,100
32.508,100,100
32.5077,100,100
32.5073,100,100
32.507,100,100
32.5067,100,100
32.5063,100,100
32.506,100,100
32.5057,100,100
32.5054,100,100
32.505,100,100
32.5047,100,100
32.5044,100,100
32.5041,100,100
32.5037,100,100
32.5034,100,100
32.5031,100,100
32.5028,100,100
32.5024,100,100
32.5021,100,100
32.5018,100,100
32.5014,100,100
32.5011,100,100
32.5008,100,100
32.5005,100,100
32.5001,100,100
32.4998,100,100
32.4995,100,100
32.4992,100,100
32.4988,100,100
32.4985,100,100
32.4982,100,100
32.4979,100,100
32.4975,100,100
32.4972,100,100
32.4969,100,100
32.4965,100,100
32.4962,100,100
32.4959,100,100
32.4956,100,100
32.4952,100,100
32.4949,100,100
32.4946,100,100
32.4943,100,100
32.494,100,100
32.4937,100,100
32.4934,100,100
32.4931,100,100
32.4928,100,100
32.4924,100,100
32.4921,100,100
32.4918,100,100
32.4915,100,100
32.4912,100,100
32.4909,100,100
32.4906,100,100
32.4903,100,100
32.49,100,100
32.4897,100,100
32.4894,100,100
32.489,100,100
32.4887,100,100
32.4884,100,100
32.4881,100,100
32.4878,100,100
32.4875,100,100
32.4872,100,100
32.4869,100,100
32.4866,100,100
32.4863,100,100
32.4859,100,100
32.4856,100,100
32.4853,100,100
32.485,100,100
32.4847,100,100
32.4844,100,100
32.4841,100,100
32.4838,100,100
32.4835,100,100
32.4832,100,100
32.4828,100,100
32.4825,100,100
32.4822,100,100
32.4819,100,100
32.4816,100,100
32.4813,100,100
32.481,100,100
32.4807,100,100
32.4804,100,100
32.4801,100,100
32.4798,100,100
32.4794,100,100
32.4791,100,100
32.4788,100,100
32.4785,100,100
32.4782,100,100
32.4779,100,100
32.4776,100,100
32.4773,100,100
32.477,100,100
32.4767,100,100
32.4763,100,100
32.476,100,100
32.4757,100,100
32.4754,100,100
32.4751,100,100
32.4748,100,100
32.4745,100,100
32.4742,100,100
32.4739,100,100
32.4736,100,100
32.4732,100,100
32.4729,100,100
32.4726,100,100
32.4723,100,100
32.472,100,100
32.4717,100,100
32.4714,100,100
32.4711,100,100
32.4708,100,100
32.4705,100,100
32.4702,100,100
32.4698,100,100
32.4695,100,100
32.4692,100,100
32.4689,100,100
32.4686,100,100
32.4683,100,100
32.468,100,100
32.4677,100,100
32.4674,100,100
32.4671,100,100
32.4667,100,100
32.4664,100,100
32.4661,100,100
32.4658,100,100
32.4655,100,100
32.4652,100,100
32.4649,100,100
32.4646,100,100
32.4643,100,100
32.464,100,100
32.4637,100,100
32.4634,100,100
32.4631,100,100
32.4628,100,100
32.4625,100,100
32.4622,100,100
32.4619,100,100
32.4616,100,100
32.4613,100,100
32.461,100,100
32.4607,100,100
32.4604,100,100
32.4601,100,100
32.4598,100,100
32.4595,100,100
32.4592,100,100
32.4589,100,100
32.4587,100,100
32.4584,100,100
32.4581,100,100
32.4578,100,100
32.4575,100,100
32.4572,100,100
32.4569,100,100
32.4566,100,100
32.4563,100,100
32.456,100,100
32.4557,100,100
32.4554,100,100
32.4551,100,100
32.4548,100,100
32.4545,100,100
32.4542,100,100
32.4539,100,100
32.4536,100,100
32.4533,100,100
32.453,100,100
32.4527,100,100
32.4524,100,100
32.4521,100,100
32.4519,100,100
32.4516,100,100
32.4513,100,100
32.451,100,100
32.4507,100,100
32.4504,100,100
32.4501,100,100
32.4498,100,100
32.4495,100,100
32.4492,100,100
32.4489,100,100
32.4486,100,100
32.4483,100,100
32.448,100,100
32.4477,100,100
32.4474,100,100
32.4471,100,100
32.4468,100,100
32.4465,100,100
32.4462,100,100
32.4459,100,100
32.4456,100,100
32.4453,100,100
32.4451,100,100
32.4448,100,100
32.4445,100,100
32.4442,100,100
32.4439,100,100
32.4436,100,100
32.4433,100,100
32.443,100,100
32.4427,100,100
32.4424,100,100
32.4421,100,100
32.4418,100,100
32.4415,100,100
32.4412,100,100
32.4409,100,100
32.4406,100,100
32.4403,100,100
32.44,100,100
32.4397,100,100
32.4394,100,100
32.4391,100,100
32.4388,100,100
32.4386,100,100
32.4383,100,100
32.438,100,100
32.4377,100,100
32.4374,100,100
32.4371,100,100
32.4368,100,100
32.4365,100,100
32.4362,100,100
32.4359,100,100
32.4356,100,100
32.4353,100,100
32.435,100,100
32.4347,100,100
32.4344,100,100
32.4341,100,100
32.4339,100,100
32.4336,100,100
32.4333,100,100
32.433,100,100
32.4327,100,100
32.4324,100,100
32.4322,100,100
32.4319,100,100
32.4316,100,100
32.4313,100,100
32.431,100,100
32.4307,100,100
32.4304,100,100
32.4302,100,100
32.4299,100,100
32.4296,100,100
32.4293,100,100
32.429,100,100
32.4287,100,100
32.4285,100,100
32.4282,100,100
32.4279,100,100
32.4276,100,100
32.4273,100,100
32.427,100,100
32.4268,100,100
32.4265,100,100
32.4262,100,100
32.4259,100,100
32.4256,100,100
32.4253,100,100
32.4251,100,100
32.4248,100,100
32.4245,100,100
32.4242,100,100
32.4239,100,100
32.4236,100,100
32.4234,100,100
32.4231,100,100
32.4228,100,100
32.4225,100,100
32.4222,100,100
32.4219,100,100
32.4216,100,100
32.4214,100,100
32.4211,100,100
32.4208,100,100
32.4205,100,100
32.4202,100,100
32.4199,100,100
32.4197,100,100
32.4194,100,100
32.4191,100,100
32.4188,100,100
32.4185,100,100
32.4182,100,100
32.418,100,100
32.4177,100,100
32.4174,100,100
32.4171,100,100
32.4168,100,100
32.4165,100,100
32.4163,100,100
32.416,100,100
32.4157,100,100
32.4154,100,100
32.4151,100,100
32.4148,100,100
32.4146,100,100
32.4143,100,100
32.414,100,100
32.4137,100,100
32.4134,100,100
32.4131,100,100
32.4128,100,100
32.4126,100,100
32.4123,100,100
32.412,100,100
32.4117,100,100
32.4114,100,100
32.4111,100,100
32.4109,100,100
32.4106,100,100
32.4103,100,100
32.41,100,100
32.4097,100,100
32.4094,100,100
32.4092,100,100
32.4089,100,100
32.4086,100,100
32.4083,100,100
32.408,100,100
32.4077,100,100
32.4075,100,100
32.4072,100,100
32.4069,100,100
32.4066,100,100
32.4063,100,100
32.406,100,100
32.4058,100,100
32.4055,100,100
32.4052,100,100
32.405,100,100
32.4047,100,100
32.4044,100,100
32.4042,100,100
32.4039,100,100
32.4036,100,100
32.4034,100,100
32.4031,100,100
32.4028,100,100
32.4025,100,100
32.4023,100,100
32.402,100,100
32.4017,100,100
32.4015,100,100
32.4012,100,100
32.4009,100,100
32.4007,100,100
32.4004,100,100
32.4001,100,100
32.3999,100,100
32.3996,100,100
32.3993,100,100
32.399,100,100
32.3988,100,100
32.3985,100,100
32.3982,100,100
32.398,100,100
32.3977,100,100
32.3974,100,100
32.3972,100,100
32.3969,100,100
32.3966,100,100
32.3964,100,100
32.3961,100,100
32.3958,100,100
32.3955,100,100
32.3953,100,100
32.395,100,100
32.3947,100,100
32.3945,100,100
32.3942,100,100
32.3939,100,100
32.3937,100,100
32.3934,100,100
32.3931,100,100
32.3928,100,100
32.3926,100,100
32.3923,100,100
32.392,100,100
32.3918,100,100
32.3915,100,100
32.3912,100,100
32.391,100,100
32.3907,100,100
32.3904,100,100
32.3902,100,100
32.3899,100,100
32.3896,100,100
32.3893,100,100
32.3891,100,100
32.3888,100,100
32.3885,100,100
32.3883,100,100
32.388,100,100
32.3877,100,100
32.3875,100,100
32.3872,100,100
32.3869,100,100
32.3867,100,100
32.3864,100,100
32.3861,100,100
32.3858,100,100
32.3856,100,100
32.3853,100,100
32.385,100,100
32.3848,100,100
32.3845,100,100
32.3842,100,100
32.384,100,100
32.3837,100,100
32.3834,100,100
32.3832,100,100
32.3829,100,100
32.3826,100,100
32.3823,100,100
32.3821,100,100
32.3818,100,100
32.3815,100,100
32.3813,100,100
32.381,100,100
32.3807,100,100
32.3805,100,100
32.3802,100,100
32.3799,100,100
32.3797,100,100
32.3794,100,100
32.3791,100,100
32.3789,100,100
32.3786,100,100
32.3784,100,100
32.3781,100,100
32.3778,100,100
32.3776,100,100
32.3773,100,100
32.3771,100,100
32.3768,100,100
32.3765,100,100
32.3763,100,100
32.376,100,100
32.3758,100,100
32.3755,100,100
32.3753,100,100
32.375,100,100
32.3747,100,100
32.3745,100,100
32.3742,100,100
32.374,100,100
32.3737,100,100
32.3735,100,100
32.3732,100,100
32.3729,100,100
32.3727,100,100
32.3724,100,100
32.3722,100,100
32.3719,100,100
32.3717,100,100
32.3714,100,100
32.3711,100,100
32.3709,100,100
32.3706,100,100
32.3704,100,100
32.3701,100,100
32.3699,100,100
32.3696,100,100
32.3693,100,100
32.3691,100,100
32.3688,100,100
32.3686,100,100
32.3683,100,100
32.3681,100,100
32.3678,100,100
32.3675,100,100
32.3673,100,100
32.367,100,100
32.3668,100,100
32.3665,100,100
32.3663,100,100
32.366,100,100
32.3657,100,100
32.3655,100,100
32.3652,100,100
32.365,100,100
32.3647,100,100
32.3645,100,100
32.3642,100,100
32.3639,100,100
32.3637,100,100
32.3634,100,100
32.3632,100,100
32.3629,100,100
32.3627,100,100
32.3624,100,100
32.3621,100,100
32.3619,100,100
32.3616,100,100
32.3614,100,100
32.3611,100,100
32.3609,100,100
32.3606,100,100
32.3603,100,100
32.3601,100,100
32.3598,100,100
32.3596,100,100
32.3593,100,100
32.3591,100,100
32.3588,100,100
32.3585,100,100
32.3583,100,100
32.358,100,100
32.3578,100,100
32.3575,100,100
32.3573,100,100
32.357,100,100
32.3567,100,100
32.3565,100,100
32.3562,100,100
32.356,100,100
32.3557,100,100
32.3555,100,100
32.3552,100,100
32.3549,100,100
32.3547,100,100
32.3544,100,100
32.3542,100,100
32.3539,100,100
32.3537,100,100
32.3534,100,100
32.3532,100,100
32.3529,100,100
32.3527,100,100
32.3524,100,100
32.3522,100,100
32.3519,100,100
32.3517,100,100
32.3514,100,100
32.3512,100,100
32.3509,100,100
32.3507,100,100
32.3504,100,100
32.3502,100,100
32.35,100,100
32.3497,100,100
32.3495,100,100
32.3492,100,100
32.349,100,100
32.3487,100,100
32.3485,100,100
32.3482,100,100
32.348,100,100
32.3477,100,100
32.3475,100,100
32.3472,100,100
32.347,100,100
32.3467,100,100
32.3465,100,100
32.3462,100,100
32.346,100,100
32.3457,100,100
32.3455,100,100
32.3453,100,100
32.345,100,100
32.3448,100,100
32.3445,100,100
32.3443,100,100
32.344,100,100
32.3438,100,100
32.3435,100,100
32.3433,100,100
32.343,100,100
32.3428,100,100
32.3425,100,100
32.3423,100,100
32.342,100,100
32.3418,100,100
32.3415,100,100
32.3413,100,100
32.3411,100,100
32.3408,100,100
32.3406,100,100
32.3403,100,100
32.3401,100,100
32.3398,100,100
32.3396,100,100
32.3393,100,100
32.3391,100,100
32.3388,100,100
32.3386,100,100
32.3383,100,100
32.3381,100,100
32.3378,100,100
32.3376,100,100
32.3373,100,100
32.3371,100,100
32.3369,100,100
32.3366,100,100
32.3364,100,100
32.3361,100,100
32.3359,100,100
32.3356,100,100
32.3354,100,100
32.3351,100,100
32.3349,100,100
32.3346,100,100
32.3344,100,100
32.3341,100,100
32.3339,100,100
32.3336,100,100
32.3334,100,100
32.3331,100,100
32.3329,100,100
32.3326,100,100
32.3324,100,100
32.3322,100,100
32.3319,100,100
32.3317,100,100
32.3314,100,100
32.3312,100,100
32.3309,100,100
32.3307,100,100
32.3304,100,100
32.3302,100,100
32.3299,100,100
32.3297,100,100
32.3294,100,100
32.3292,100,100
32.3289,100,100
32.3287,100,100
32.3285,100,100
32.3282,100,100
32.328,100,100
32.3277,100,100
32.3275,100,100
32.3272,100,100
32.327,100,100
32.3268,100,100
32.3265,100,100
32.3263,100,100
32.326,100,100
32.3258,100,100
32.3255,100,100
32.3253,100,100
32.3251,100,100
32.3248,100,100
32.3246,100,100
32.3243,100,100
32.3241,100,100
32.3238,100,100
32.3236,100,100
32.3234,100,100
32.3231,100,100
32.3229,100,100
32.3226,100,100
32.3224,100,100
32.3221,100,100
32.3219,100,100
32.3217,100,100
32.3214,100,100
32.3212,100,100
32.3209,100,100
32.3207,100,100
32.3205,100,100
32.3202,100,100
32.32,100,100
32.3197,100,100
32.3195,100,100
32.3192,100,100
32.319,100,100
32.3188,100,100
32.3185,100,100
32.3183,100,100
32.318,100,100
32.3178,100,100
32.3175,100,100
32.3173,100,100
32.3171,100,100
32.3168,100,100
32.3166,100,100
32.3163,100,100
32.3161,100,100
32.3158,100,100
32.3156,100,100
32.3154,100,100
32.3151,100,100
32.3149,100,100
32.3146,100,100
32.3144,100,100
32.3141,100,100
32.3139,100,100
32.3137,100,100
32.3134,100,100
32.3132,100,100
32.3129,100,100
32.3127,100,100
32.3124,100,100
32.3122,100,100
32.312,100,100
32.3117,100,100
32.3115,100,100
32.3112,100,100
32.311,100,100
32.3108,100,100
32.3105,100,100
32.3103,100,100
32.31,100,100
32.3098,100,100
32.3095,100,100
32.3093,100,100
32.3091,100,100
32.3088,100,100
32.3086,100,100
32.3083,100,100
32.3081,100,100
32.3078,100,100
32.3076,100,100
32.3074,100,100
32.3071,100,100
32.3069,100,100
32.3066,100,100
32.3064,100,100
32.3061,100,100
32.3059,100,100
32.3057,100,100
32.3054,100,100
32.3052,100,100
32.3049,100,100
32.3047,100,100
32.3044,100,100
32.3042,100,100
32.304,100,100
32.3037,100,100
32.3035,100,100
32.3033,100,100
32.303,100,100
32.3028,100,100
32.3026,100,100
32.3023,100,100
32.3021,100,100
32.3018,100,100
32.3016,100,100
32.3014,100,100
32.3011,100,100
32.3009,100,100
32.3007,100,100
32.3004,100,100
32.3002,100,100
32.2999,100,100
32.2997,100,100
32.2995,100,100
32.2992,100,100
32.299,100,100
32.2988,100,100
32.2985,100,100
32.2983,100,100
32.2981,100,100
32.2978,100,100
32.2976,100,100
32.2973,100,100
32.2971,100,100
32.2969,100,100
32.2966,100,100
32.2964,100,100
32.2962,100,100
32.2959,100,100
32.2957,100,100
32.2954,100,100
32.2952,100,100
32.295,100,100
32.2947,100,100
32.2945,100,100
32.2943,100,100
32.294,100,100
32.2938,100,100
32.2936,100,100
32.2933,100,100
32.2931,100,100
32.2928,100,100
32.2926,100,100
32.2924,100,100
32.2921,100,100
32.2919,100,100
32.2917,100,100
32.2914,100,100
32.2912,100,100
32.2909,100,100
32.2907,100,100
32.2905,100,100
32.2902,100,100
32.29,100,100
32.2898,100,100
32.2895,100,100
32.2893,100,100
32.289,100,100
32.2888,100,100
32.2886,100,100
32.2883,100,100
32.2881,100,100
32.2879,100,100
32.2876,100,100
32.2874,100,100
32.2872,100,100
32.2869,100,100
32.2867,100,100
32.2864,100,100
32.2862,100,100
32.286,100,100
32.2857,100,100
32.2855,100,100
32.2853,100,100
32.285,100,100
32.2848,100,100
32.2845,100,100
32.2843,100,100
32.2841,100,100
32.2838,100,100
32.2836,100,100
32.2834,100,100
32.2831,100,100
32.2829,100,100
32.2827,100,100
32.2824,100,100
32.2822,100,100
32.2819,100,100
32.2817,100,100
32.2815,100,100
32.2812,100,100
32.281,100,100
32.2808,100,100
32.2805,100,100
32.2803,100,100
32.2801,100,100
32.2798,100,100
32.2796,100,100
32.2794,100,100
32.2791,100,100
32.2789,100,100
32.2787,100,100
32.2784,100,100
32.2782,100,100
32.278,100,100
32.2777,100,100
32.2775,100,100
32.2773,100,100
32.277,100,100
32.2768,100,100
32.2766,100,100
32.2763,100,100
32.2761,100,100
32.2759,100,100
32.2756,100,100
32.2754,100,100
32.2752,100,100
32.2749,100,100
32.2747,100,100
32.2745,100,100
32.2742,100,100
32.274,100,100
32.2738,100,100
32.2735,100,100
32.2733,100,100
32.2731,100,100
32.2728,100,100
32.2726,100,100
32.2724,100,100
32.2721,100,100
32.2719,100,100
32.2717,100,100
32.2714,100,100
32.2712,100,100
32.271,100,100
32.2707,100,100
32.2705,100,100
32.2703,100,100
32.27,100,100
32.2698,100,100
32.2696,100,100
32.2694,100,100
32.2691,100,100
32.2689,100,100
32.2687,100,100
32.2684,100,100
32.2682,100,100
32.268,100,100
32.2677,100,100
32.2675,100,100
32.2673,100,100
32.267,100,100
32.2668,100,100
32.2666,100,100
32.2663,100,100
32.2661,100,100
32.2659,100,100
32.2656,100,100
32.2654,100,100
32.2652,100,100
32.2649,100,100
32.2647,100,100
32.2645,100,100
32.2642,100,100
32.264,100,100
32.2638,100,100
32.2635,100,100
32.2633,100,100
32.2631,100,100
32.2628,100,100
32.2626,100,100
32.2624,100,100
32.2621,100,100
32.2619,100,100
32.2617,100,100
32.2614,100,100
32.2612,100,100
32.261,100,100
32.2607,100,100
32.2605,100,100
32.2603,100,100
32.26,100,100
32.2598,100,100
32.2596,100,100
32.2593,100,100
32.2591,100,100
32.2589,100,100
32.2586,100,100
32.2584,100,100
32.2582,100,100
32.2579,100,100
32.2577,100,100
32.2575,100,100
32.2573,100,100
32.257,100,100
32.2568,100,100
32.2566,100,100
32.2563,100,100
32.2561,100,100
32.2559,100,100
32.2557,100,100
32.2554,100,100
32.2552,100,100
32.255,100,100
32.2547,100,100
32.2545,100,100
32.2543,100,100
32.2541,100,100
32.2538,100,100
32.2536,100,100
32.2534,100,100
32.2531,100,100
32.2529,100,100
32.2527,100,100
32.2525,100,100
32.2522,100,100
32.252,100,100
32.2518,100,100
32.2515,100,100
32.2513,100,100
32.2511,100,100
32.2509,100,100
32.2506,100,100
32.2504,100,100
32.2502,100,100
32.25,100,100
32.2497,100,100
32.2495,100,100
32.2493,100,100
32.249,100,100
32.2488,100,100
32.2486,100,100
32.2484,100,100
32.2481,100,100
32.2479,100,100
32.2477,100,100
32.2474,100,100
32.2472,100,100
32.247,100,100
32.2468,100,100
32.2465,100,100
32.2463,100,100
32.2461,100,100
32.2458,100,100
32.2456,100,100
32.2454,100,100
32.2452,100,100
32.2449,100,100
32.2447,100,100
32.2445,100,100
32.2442,100,100
32.244,100,100
32.2438,100,100
32.2436,100,100
32.2433,100,100
32.2431,100,100
32.2429,100,100
32.2427,100,100
32.2424,100,100
32.2422,100,100
32.242,100,100
32.2417,100,100
32.2415,100,100
32.2413,100,100
32.2411,100,100
32.2408,100,100
32.2406,100,100
32.2404,100,100
32.2401,100,100
32.2399,100,100
32.2397,100,100
32.2395,100,100
32.2392,100,100
32.239,100,100
32.2388,100,100
32.2385,100,100
32.2383,100,100
32.2381,100,100
32.2379,100,100
32.2376,100,100
32.2374,100,100
32.2372,100,100
32.237,100,100
32.2367,100,100
32.2365,100,100
32.2363,100,100
32.236,100,100
32.2358,100,100
32.2356,100,100
32.2354,100,100
32.2351,100,100
32.2349,100,100
32.2347,100,100
32.2344,100,100
32.2342,100,100
32.234,100,100
32.2338,100,100
32.2335,100,100
32.2333,100,100
32.2331,100,100
32.2329,100,100
32.2327,100,100
32.2324,100,100
32.2322,100,100
32.232,100,100
32.2318,100,100
32.2315,100,100
32.2313,100,100
32.2311,100,100
32.2309,100,100
32.2306,100,100
32.2304,100,100
32.2302,100,100
32.23,100,100
32.2297,100,100
32.2295,100,100
32.2293,100,100
32.2291,100,100
32.2288,100,100
32.2286,100,100
32.2284,100,100
32.2282,100,100
32.2279,100,100
32.2277,100,100
32.2275,100,100
32.2273,100,100
32.227,100,100
32.2268,100,100
32.2266,100,100
32.2264,100,100
32.2261,100,100
32.2259,100,100
32.2257,100,100
32.2255,100,100
32.2252,100,100
32.225,100,100
32.2248,100,100
32.2246,100,100
32.2243,100,100
32.2241,100,100
32.2239,100,100
32.2237,100,100
32.2234,100,100
32.2232,100,100
32.223,100,100
32.2228,100,100
32.2225,100,100
32.2223,100,100
32.2221,100,100
32.2219,100,100
32.2216,100,100
32.2214,100,100
32.2212,100,100
32.221,100,100
32.2207,100,100
32.2205,100,100
32.2203,100,100
32.2201,100,100
32.2199,100,100
32.2196,100,100
32.2194,100,100
32.2192,100,100
32.219,100,100
32.2187,100,100
32.2185,100,100
32.2183,100,100
32.2181,100,100
32.2178,100,100
32.2176,100,100
32.2174,100,100
32.2172,100,100
32.2169,100,100
32.2167,100,100
32.2165,100,100
32.2163,100,100
32.216,100,100
32.2158,100,100
32.2156,100,100
32.2154,100,100
32.2151,100,100
32.2149,100,100
32.2147,100,100
32.2145,100,100
32.2142,100,100
32.214,100,100
32.2138,100,100
32.2136,100,100
32.2133,100,100
32.2131,100,100
32.2129,100,100
32.2127,100,100
32.2124,100,100
32.2122,100,100
32.212,100,100
32.2118,100,100
32.2116,100,100
32.2113,100,100
32.2111,100,100
32.2109,100,100
32.2107,100,100
32.2105,100,100
32.2102,100,100
32.21,100,100
32.2098,100,100
32.2096,100,100
32.2093,100,100
32.2091,100,100
32.2089,100,100
32.2087,100,100
32.2085,100,100
32.2082,100,100
32.208,100,100
32.2078,100,100
32.2076,100,100
32.2074,100,100
32.2071,100,100
32.2069,100,100
32.2067,100,100
32.2065,100,100
32.2063,100,100
32.206,100,100
32.2058,100,100
32.2056,100,100
32.2054,100,100
32.2052,100,100
32.2049,100,100
32.2047,100,100
32.2045,100,100
32.2043,100,100
32.2041,100,100
32.2038,100,100
32.2036,100,100
32.2034,100,100
32.2032,100,100
32.203,100,100
32.2027,100,100
32.2025,100,100
32.2023,100,100
32.2021,100,100
32.2018,100,100
32.2016,100,100
32.2014,100,100
32.2012,100,100
32.201,100,100
32.2007,100,100
32.2005,100,100
32.2003,100,100
32.2001,100,100
32.1999,100,100
32.1996,100,100
32.1994,100,100
32.1992,100,100
32.199,100,100
32.1988,100,100
32.1985,100,100
32.1983,100,100
32.1981,100,100
32.1979,100,100
32.1977,100,100
32.1974,100,100
32.1972,100,100
32.197,100,100
32.1968,100,100
32.1966,100,100
32.1963,100,100
32.1961,100,100
32.1959,100,100
32.1957,100,100
32.1954,100,100
32.1952,100,100
32.195,100,100
32.1948,100,100
32.1946,100,100
32.1943,100,100
32.1941,100,100
32.1939,100,100
32.1937,100,100
32.1935,100,100
32.1932,100,100
32.193,100,100
32.1928,100,100
32.1926,100,100
32.1924,100,100
32.1921,100,100
32.1919,100,100
32.1917,100,100
32.1915,100,100
32.1913,100,100
32.191,100,100
32.1908,100,100
32.1906,100,100
32.1904,100,100
32.1902,100,100
32.1899,100,100
32.1897,100,100
32.1895,100,100
32.1893,100,100
32.1891,100,100
32.1889,100,100
32.1886,100,100
32.1884,100,100
32.1882,100,100
32.188,100,100
32.1878,100,100
32.1875,100,100
32.1873,100,100
32.1871,100,100
32.1869,100,100
32.1867,100,100
32.1865,100,100
32.1862,100,100
32.186,100,100
32.1858,100,100
32.1856,100,100
32.1854,100,100
32.1852,100,100
32.1849,100,100
32.1847,100,100
32.1845,100,100
32.1843,100,100
32.1841,100,100
32.1839,100,100
32.1836,100,100
32.1834,100,100
32.1832,100,100
32.183,100,100
32.1828,100,100
32.1825,100,100
32.1823,100,100
32.1821,100,100
32.1819,100,100
32.1817,100,100
32.1815,100,100
32.1812,100,100
32.181,100,100
32.1808,100,100
32.1806,100,100
32.1804,100,100
32.1802,100,100
32.1799,100,100
32.1797,100,100
32.1795,100,100
32.1793,100,100
32.1791,100,100
32.1789,100,100
32.1786,100,100
32.1784,100,100
32.1782,100,100
32.178,100,100
32.1778,100,100
32.1775,100,100
32.1773,100,100
32.1771,100,100
32.1769,100,100
32.1767,100,100
32.1765,100,100
32.1762,100,100
32.176,100,100
32.1758,100,100
32.1756,100,100
32.1754,100,100
32.1752,100,100
32.1749,100,100
32.1747,100,100
32.1745,100,100
32.1743,100,100
32.1741,100,100
32.1739,100,100
32.1736,100,100
32.1734,100,100
32.1732,100,100
32.173,100,100
32.1728,100,100
32.1725,100,100
32.1723,100,100
32.1721,100,100
32.1719,100,100
32.1717,100,100
32.1715,100,100
32.1712,100,100
32.171,100,100
32.1708,100,100
32.1706,100,100
32.1704,100,100
32.1702,100,100
32.1699,100,100
32.1697,100,100
32.1695,100,100
32.1693,100,100
32.1691,100,100
32.1689,100,100
32.1686,100,100
32.1684,100,100
32.1682,100,100
32.168,100,100
32.1678,100,100
32.1676,100,100
32.1674,100,100
32.1671,100,100
32.1669,100,100
32.1667,100,100
32.1665,100,100
32.1663,100,100
32.1661,100,100
32.1659,100,100
32.1657,100,100
32.1654,100,100
32.1652,100,100
32.165,100,100
32.1648,100,100
32.1646,100,100
32.1644,100,100
32.1642,100,100
32.164,100,100
32.1637,100,100
32.1635,100,100
32.1633,100,100
32.1631,100,100
32.1629,100,100
32.1627,100,100
32.1625,100,100
32.1623,100,100
32.162,100,100
32.1618,100,100
32.1616,100,100
32.1614,100,100
32.1612,100,100
32.161,100,100
32.1608,100,100
32.1606,100,100
32.1603,100,100
32.1601,100,100
32.1599,100,100
32.1597,100,100
32.1595,100,100
32.1593,100,100
32.1591,100,100
32.1588,100,100
32.1586,100,100
32.1584,100,100
32.1582,100,100
32.158,100,100
32.1578,100,100
32.1576,100,100
32.1574,100,100
32.1571,100,100
32.1569,100,100
32.1567,100,100
32.1565,100,100
32.1563,100,100
32.1561,100,100
32.1559,100,100
32.1557,100,100
32.1554,100,100
32.1552,100,100
32.155,100,100
32.1548,100,100
32.1546,100,100
32.1544,100,100
32.1542,100,100
32.154,100,100
32.1537,100,100
32.1535,100,100
32.1533,100,100
32.1531,100,100
32.1529,100,100
32.1527,100,100
32.1525,100,100
32.1523,100,100
32.152,100,100
32.1518,100,100
32.1516,100,100
32.1514,100,100
32.1512,100,100
32.151,100,100
32.1508,100,100
32.1506,100,100
32.1503,100,100
32.1501,100,100
32.1499,100,100
32.1497,100,100
32.1495,100,100
32.1493,100,100
32.1491,100,100
32.1489,100,100
32.1486,100,100
32.1484,100,100
32.1482,100,100
32.148,100,100
32.1478,100,100
32.1476,100,100
32.1474,100,100
32.1472,100,100
32.1469,100,100
32.1467,100,100
32.1465,100,100
32.1463,100,100
32.1461,100,100
32.1459,100,100
32.1457,100,100
32.1455,100,100
32.1452,100,100
32.145,100,100
32.1448,100,100
32.1446,100,100
32.1444,100,100
32.1442,100,100
32.144,100,100
32.1437,100,100
32.1435,100,100
32.1433,100,100
32.1431,100,100
32.1429,100,100
32.1427,100,100
32.1425,100,100
32.1423,100,100
32.142,100,100
32.1418,100,100
32.1416,100,100
32.1414,100,100
32.1412,100,100
32.141,100,100
32.1408,100,100
32.1406,100,100
32.1403,100,100
32.1401,100,100
32.1399,100,100
32.1397,100,100
32.1395,100,100
32.1393,100,100
32.1391,100,100
32.1389,100,100
32.1386,100,100
32.1384,100,100
32.1382,100,100
32.138,100,100
32.1378,100,100
32.1376,100,100
32.1374,100,100
32.1372,100,100
32.1369,100,100
32.1367,100,100
32.1365,100,100
32.1363,100,100
32.1361,100,100
32.1359,100,100
32.1357,100,100
32.1355,100,100
32.1352,100,100
32.135,100,100
32.1348,100,100
32.1346,100,100
32.1344,100,100
32.1342,100,100
32.134,100,100
32.1338,100,100
32.1335,100,100
32.1333,100,100
32.1331,100,100
32.1329,100,100
32.1327,100,100
32.1325,100,100
32.1323,100,100
32.1321,100,100
32.1318,100,100
32.1316,100,100
32.1314,100,100
32.1312,100,100
32.131,100,100
32.1308,100,100
32.1306,100,100
32.1304,100,100
32.1301,100,100
32.1299,100,100
32.1297,100,100
32.1295,100,100
32.1293,100,100
32.1291,100,100
32.1289,100,100
32.1287,100,100
32.1284,100,100
32.1282,100,100
32.128,100,100
32.1278,100,100
32.1276,100,100
32.1274,100,100
32.1272,100,100
32.127,100,100
32.1267,100,100
32.1265,100,100
32.1263,100,100
32.1261,100,100
32.1259,100,100
32.1257,100,100
32.1255,100,100
32.1253,100,100
32.125,100,100
32.1248,100,100
32.1246,100,100
32.1244,100,100
32.1242,100,100
32.124,100,100
32.1238,100,100
32.1236,100,100
32.1233,100,100
32.1231,100,100
32.1229,100,100
32.1227,100,100
32.1225,100,100
32.1223,100,100
32.1221,100,100
32.1219,100,100
32.1217,100,100
32.1214,100,100
32.1212,100,100
32.121,100,100
32.1208,100,100
32.1206,100,100
32.1204,100,100
32.1202,100,100
32.12,100,100
32.1197,100,100
32.1195,100,100
32.1193,100,100
32.1191,100,100
32.1189,100,100
32.1187,100,100
32.1185,100,100
32.1183,100,100
32.118,100,100
32.1178,100,100
32.1176,100,100
32.1174,100,100
32.1172,100,100
32.117,100,100
32.1168,100,100
32.1166,100,100
32.1164,100,100
32.1161,100,100
32.1159,100,100
32.1157,100,100
32.1155,100,100
32.1153,100,100
32.1151,100,100
32.1149,100,100
32.1147,100,100
32.1144,100,100
32.1142,100,100
32.114,100,100
32.1138,100,100
32.1136,100,100
32.1134,100,100
32.1132,100,100
32.113,100,100
32.1127,100,100
32.1125,100,100
32.1123,100,100
32.1121,100,100
32.1119,100,100
32.1117,100,100
32.1115,100,100
32.1113,100,100
32.1111,100,100
32.1108,100,100
32.1106,100,100
32.1104,100,100
32.1102,100,100
32.11,100,100
32.1098,100,100
32.1096,100,100
32.1094,100,100
32.1091,100,100
32.1089,100,100
32.1087,100,100
32.1085,100,100
32.1083,100,100
32.1081,100,100
32.1079,100,100
32.1077,100,100
32.1074,100,100
32.1072,100,100
32.107,100,100
32.1068,100,100
32.1066,100,100
32.1064,100,100
32.1062,100,100
32.106,100,100
32.1058,100,100
32.1055,100,100
32.1053,100,100
32.1051,100,100
32.1049,100,100
32.1047,100,100
32.1045,100,100
32.1043,100,100
32.1041,100,100
32.1039,100,100
32.1037,100,100
32.1035,100,100
32.1032,100,100
32.103,100,100
32.1028,100,100
32.1026,100,100
32.1024,100,100
32.1022,100,100
32.102,100,100
32.1018,100,100
32.1016,100,100
32.1014,100,100
32.1012,100,100
32.101,100,100
32.1008,100,100
32.1005,100,100
32.1003,100,100
32.1001,100,100
32.0999,100,100
32.0997,100,100
32.0995,100,100
32.0993,100,100
32.0991,100,100
32.0989,100,100
32.0987,100,100
32.0985,100,100
32.0983,100,100
32.0981,100,100
32.0978,100,100
32.0976,100,100
32.0974,100,100
32.0972,100,100
32.097,100,100
32.0968,100,100
32.0966,100,100
32.0964,100,100
32.0962,100,100
32.096,100,100
32.0958,100,100
32.0956,100,100
32.0954,100,100
32.0952,100,100
32.0949,100,100
32.0947,100,100
32.0945,100,100
32.0943,100,100
32.0941,100,100
32.0939,100,100
32.0937,100,100
32.0935,100,100
32.0933,100,100
32.0931,100,100
32.0929,100,100
32.0927,100,100
32.0925,100,100
32.0922,100,100
32.092,100,100
32.0918,100,100
32.0916,100,100
32.0914,100,100
32.0912,100,100
32.091,100,100
32.0908,100,100
32.0906,100,100
32.0904,100,100
32.0902,100,100
32.09,100,100
32.0898,100,100
32.0895,100,100
32.0893,100,100
32.0891,100,100
32.0889,100,100
32.0887,100,100
32.0885,100,100
32.0883,100,100
32.0881,100,100
32.0879,100,100
32.0877,100,100
32.0875,100,100
32.0873,100,100
32.0871,100,100
32.0869,100,100
32.0866,100,100
32.0864,100,100
32.0862,100,100
32.086,100,100
32.0858,100,100
32.0856,100,100
32.0854,100,100
32.0852,100,100
32.085,100,100
32.0848,100,100
32.0846,100,100
32.0844,100,100
32.0842,100,100
32.0839,100,100
32.0837,100,100
32.0835,100,100
32.0833,100,100
32.0831,100,100
32.0829,100,100
32.0827,100,100
32.0825,100,100
32.0823,100,100
32.0821,100,100
32.0819,100,100
32.0817,100,100
32.0815,100,100
32.0813,100,100
32.081,100,100
32.0808,100,100
32.0806,100,100
32.0804,100,100
32.0802,100,100
32.08,100,100
32.0798,100,100
32.0796,100,100
32.0794,100,100
32.0792,100,100
32.079,100,100
32.0788,100,100
32.0786,100,100
32.0783,100,100
32.0781,100,100
32.0779,100,100
32.0777,100,100
32.0775,100,100
32.0773,100,100
32.0771,100,100
32.0769,100,100
32.0767,100,100
32.0765,100,100
32.0763,100,100
32.0761,100,100
32.0759,100,100
32.0756,100,100
32.0754,100,100
32.0752,100,100
32.075,100,100
32.0748,100,100
32.0746,100,100
32.0744,100,100
32.0742,100,100
32.074,100,100
32.0738,100,100
32.0736,100,100
32.0734,100,100
32.0732,100,100
32.073,100,100
32.0727,100,100
32.0725,100,100
32.0723,100,100
32.0721,100,100
32.0719,100,100
32.0717,100,100
32.0715,100,100
32.0713,100,100
32.0711,100,100
32.0709,100,100
32.0707,100,100
32.0705,100,100
32.0703,100,100
32.07,100,100
32.0698,100,100
32.0696,100,100
32.0694,100,100
32.0692,100,100
32.069,100,100
32.0688,100,100
32.0686,100,100
32.0684,100,100
32.0682,100,100
32.068,100,100
32.0678,100,100
32.0676,100,100
32.0674,100,100
32.0671,100,100
32.0669,100,100
32.0667,100,100
32.0665,100,100
32.0663,100,100
32.0661,100,100
32.0659,100,100
32.0657,100,100
32.0655,100,100
32.0653,100,100
32.0651,100,100
32.0649,100,100
32.0647,100,100
32.0644,100,100
32.0642,100,100
32.064,100,100
32.0638,100,100
32.0636,100,100
32.0634,100,100
32.0632,100,100
32.063,100,100
32.0628,100,100
32.0626,100,100
32.0624,100,100
32.0622,100,100
32.062,100,100
32.0618,100,100
32.0616,100,100
32.0614,100,100
32.0612,100,100
32.061,100,100
32.0608,100,100
32.0606,100,100
32.0604,100,100
32.0602,100,100
32.06,100,100
32.0598,100,100
32.0596,100,100
32.0594,100,100
32.0592,100,100
32.059,100,100
32.0588,100,100
32.0586,100,100
32.0583,100,100
32.0581,100,100
32.0579,100,100
32.0577,100,100
32.0575,100,100
32.0573,100,100
32.0571,100,100
32.0569,100,100
32.0567,100,100
32.0565,100,100
32.0563,100,100
32.0561,100,100
32.0559,100,100
32.0557,100,100
32.0555,100,100
32.0553,100,100
32.0551,100,100
32.0549,100,100
32.0547,100,100
32.0545,100,100
32.0543,100,100
32.0541,100,100
32.0539,100,100
32.0537,100,100
32.0535,100,100
32.0533,100,100
32.0531,100,100
32.0529,100,100
32.0527,100,100
32.0525,100,100
32.0523,100,100
32.0521,100,100
32.0519,100,100
32.0517,100,100
32.0515,100,100
32.0513,100,100
32.0511,100,100
32.0509,100,100
32.0507,100,100
32.0505,100,100
32.0503,100,100
32.05,100,100
32.0498,100,100
32.0496,100,100
32.0494,100,100
32.0492,100,100
32.049,100,100
32.0488,100,100
32.0486,100,100
32.0484,100,100
32.0482,100,100
32.048,100,100
32.0478,100,100
32.0476,100,100
32.0474,100,100
32.0472,100,100
32.047,100,100
32.0468,100,100
32.0466,100,100
32.0464,100,100
32.0462,100,100
32.046,100,100
32.0458,100,100
32.0456,100,100
32.0454,100,100
32.0452,100,100
32.045,100,100
32.0448,100,100
32.0446,100,100
32.0444,100,100
32.0442,100,100
32.044,100,100
32.0438,100,100
32.0436,100,100
32.0434,100,100
32.0432,100,100
32.043,100,100
32.0428,100,100
32.0426,100,100
32.0424,100,100
32.0422,100,100
32.042,100,100
32.0418,100,100
32.0415,100,100
32.0413,100,100
32.0411,100,100
32.0409,100,100
32.0407,100,100
32.0405,100,100
32.0403,100,100
32.0401,100,100
32.0399,100,100
32.0397,100,100
32.0395,100,100
32.0393,100,100
32.0391,100,100
32.0389,100,100
32.0387,100,100
32.0385,100,100
32.0383,100,100
32.0381,100,100
32.0379,100,100
32.0377,100,100
32.0375,100,100
32.0373,100,100
32.0371,100,100
32.0369,100,100
32.0367,100,100
32.0365,100,100
32.0363,100,100
32.0361,100,100
32.0359,100,100
32.0357,100,100
32.0355,100,100
32.0353,100,100
32.0351,100,100
32.0349,100,100
32.0347,100,100
32.0345,100,100
32.0343,100,100
32.0341,100,100
32.0339,100,100
32.0337,100,100
32.0335,100,100
32.0333,100,100
32.0331,100,100
32.0329,100,100
32.0327,100,100
32.0325,100,100
32.0322,100,100
32.032,100,100
32.0318,100,100
32.0316,100,100
32.0314,100,100
32.0312,100,100
32.031,100,100
32.0308,100,100
32.0306,100,100
32.0304,100,100
32.0302,100,100
32.03,100,100
32.0298,100,100
32.0296,100,100
32.0294,100,100
32.0292,100,100
32.029,100,100
32.0288,100,100
32.0286,100,100
32.0284,100,100
32.0282,100,100
32.028,100,100
32.0278,100,100
32.0276,100,100
32.0274,100,100
32.0272,100,100
32.027,100,100
32.0268,100,100
32.0266,100,100
32.0264,100,100
32.0262,100,100
32.026,100,100
32.0258,100,100
32.0256,100,100
32.0254,100,100
32.0252,100,100
32.025,100,100
32.0248,100,100
32.0246,100,100
32.0244,100,100
32.0242,100,100
32.024,100,100
32.0238,100,100
32.0236,100,100
32.0234,100,100
32.0232,100,100
32.0229,100,100
32.0227,100,100
32.0225,100,100
32.0223,100,100
32.0221,100,100
32.0219,100,100
32.0217,100,100
32.0215,100,100
32.0213,100,100
32.0211,100,100
32.0209,100,100
32.0207,100,100
32.0205,100,100
32.0203,100,100
32.0201,100,100
32.0199,100,100
32.0197,100,100
32.0195,100,100
32.0193,100,100
32.0191,100,100
32.0189,100,100
32.0187,100,100
32.0185,100,100
32.0183,100,100
32.0181,100,100
32.0179,100,100
32.0177,100,100
32.0175,100,100
32.0173,100,100
32.0171,100,100
32.0169,100,100
32.0167,100,100
32.0165,100,100
32.0163,100,100
32.0161,100,100
32.0159,100,100
32.0157,100,100
32.0155,100,100
32.0153,100,100
32.0151,100,100
32.0149,100,100
32.0147,100,100
32.0145,100,100
32.0143,100,100
32.0141,100,100
32.0139,100,100
32.0137,100,100
32.0134,100,100
32.0132,100,100
32.013,100,100
32.0128,100,100
32.0126,100,100
32.0124,100,100
32.0122,100,100
32.012,100,100
32.0118,100,100
32.0116,100,100
32.0114,100,100
32.0112,100,100
32.011,100,100
32.0108,100,100
32.0106,100,100
32.0104,100,100
32.0102,100,100
32.01,100,100
32.0098,100,100
32.0096,100,100
32.0094,100,100
32.0092,100,100
32.009,100,100
32.0088,100,100
32.0086,100,100
32.0084,100,100
32.0082,100,100
32.008,100,100
32.0078,100,100
32.0076,100,100
32.0074,100,100
32.0072,100,100
32.007,100,100
32.0068,100,100
32.0066,100,100
32.0064,100,100
32.0062,100,100
32.006,100,100
32.0058,100,100
32.0056,100,100
32.0054,100,100
32.0052,100,100
32.005,100,100
32.0048,100,100
32.0046,100,100
32.0044,100,100
32.0041,100,100
32.0039,100,100
32.0037,100,100
32.0035,100,100
32.0033,100,100
32.0031,100,100
32.0029,100,100
32.0027,100,100
32.0025,100,100
32.0023,100,100
32.0021,100,100
32.0019,100,100
32.0017,100,100
32.0015,100,100
32.0013,100,100
32.0011,100,100
32.0009,100,100
32.0007,100,100
32.0005,100,100
32.0003,100,100
32.0001,100,100
31.9999,100,100
31.9997,100,100
31.9995,100,100
31.9993,100,100
31.9991,100,100
31.999,100,100
31.9988,100,100
31.9986,100,100
31.9984,100,100
31.9982,100,100
31.998,100,100
31.9978,100,100
31.9976,100,100
31.9974,100,100
31.9972,100,100
31.997,100,100
31.9968,100,100
31.9966,100,100
31.9964,100,100
31.9962,100,100
31.996,100,100
31.9958,100,100
31.9956,100,100
31.9954,100,100
31.9952,100,100
31.995,100,100
31.9948,100,100
31.9946,100,100
31.9944,100,100
31.9942,100,100
31.994,100,100
31.9938,100,100
31.9936,100,100
31.9934,100,100
31.9932,100,100
31.993,100,100
31.9928,100,100
31.9926,100,100
31.9924,100,100
31.9922,100,100
31.992,100,100
31.9918,100,100
31.9916,100,100
31.9914,100,100
31.9912,100,100
31.991,100,100
31.9908,100,100
31.9906,100,100
31.9904,100,100
31.9902,100,100
31.99,100,100
31.9898,100,100
31.9896,100,100
31.9894,100,100
31.9892,100,100
31.989,100,100
31.9888,100,100
31.9886,100,100
31.9884,100,100
31.9882,100,100
31.988,100,100
31.9878,100,100
31.9876,100,100
31.9874,100,100
31.9872,100,100
31.987,100,100
31.9868,100,100
31.9866,100,100
31.9864,100,100
31.9862,100,100
31.986,100,100
31.9858,100,100
31.9856,100,100
31.9854,100,100
31.9852,100,100
31.985,100,100
31.9848,100,100
31.9846,100,100
31.9844,100,100
31.9842,100,100
31.984,100,100
31.9838,100,100
31.9836,100,100
31.9834,100,100
31.9832,100,100
31.983,100,100
31.9828,100,100
31.9826,100,100
31.9824,100,100
31.9822,100,100
31.982,100,100
31.9818,100,100
31.9816,100,100
31.9814,100,100
31.9812,100,100
31.9811,100,100
31.9809,100,100
31.9807,100,100
31.9805,100,100
31.9803,100,100
31.9801,100,100
31.9799,100,100
31.9797,100,100
31.9795,100,100
31.9793,100,100
31.9791,100,100
31.9789,100,100
31.9787,100,100
31.9785,100,100
31.9783,100,100
31.9781,100,100
31.9779,100,100
31.9777,100,100
31.9775,100,100
31.9773,100,100
31.9771,100,100
31.9769,100,100
31.9767,100,100
31.9765,100,100
31.9763,100,100
31.9761,100,100
31.9759,100,100
31.9757,100,100
31.9755,100,100
31.9753,100,100
31.9751,100,100
31.9749,100,100
31.9747,100,100
31.9746,100,100
31.9744,100,100
31.9742,100,100
31.974,100,100
31.9738,100,100
31.9736,100,100
31.9734,100,100
31.9732,100,100
31.973,100,100
31.9728,100,100
31.9726,100,100
31.9724,100,100
31.9722,100,100
31.972,100,100
31.9718,100,100
31.9716,100,100
31.9714,100,100
31.9712,100,100
31.971,100,100
31.9708,100,100
31.9706,100,100
31.9704,100,100
31.9702,100,100
31.97,100,100
31.9698,100,100
31.9696,100,100
31.9694,100,100
31.9692,100,100
31.969,100,100
31.9688,100,100
31.9686,100,100
31.9684,100,100
31.9682,100,100
31.968,100,100
31.9679,100,100
31.9677,100,100
31.9675,100,100
31.9673,100,100
31.9671,100,100
31.9669,100,100
31.9667,100,100
31.9665,100,100
31.9663,100,100
31.9661,100,100
31.9659,100,100
31.9657,100,100
31.9655,100,100
31.9653,100,100
31.9651,100,100
31.9649,100,100
31.9647,100,100
31.9645,100,100
31.9643,100,100
31.9641,100,100
31.9639,100,100
31.9637,100,100
31.9635,100,100
31.9633,100,100
31.9631,100,100
31.9629,100,100
31.9627,100,100
31.9625,100,100
31.9623,100,100
31.9621,100,100
31.9619,100,100
31.9617,100,100
31.9615,100,100
31.9614,100,100
31.9612,100,100
31.961,100,100
31.9608,100,100
31.9606,100,100
31.9604,100,100
31.9602,100,100
31.96,100,100
31.9598,100,100
31.9596,100,100
31.9594,100,100
31.9592,100,100
31.959,100,100
31.9588,100,100
31.9586,100,100
31.9584,100,100
31.9582,100,100
31.958,100,100
31.9578,100,100
31.9576,100,100
31.9574,100,100
31.9572,100,100
31.957,100,100
31.9568,100,100
31.9566,100,100
31.9564,100,100
31.9562,100,100
31.956,100,100
31.9558,100,100
31.9556,100,100
31.9554,100,100
31.9552,100,100
31.955,100,100
31.9548,100,100
31.9547,100,100
31.9545,100,100
31.9543,100,100
31.9541,100,100
31.9539,100,100
31.9537,100,100
31.9535,100,100
31.9533,100,100
31.9531,100,100
31.9529,100,100
31.9527,100,100
31.9525,100,100
31.9523,100,100
31.9521,100,100
31.9519,100,100
31.9517,100,100
31.9515,100,100
31.9513,100,100
31.9511,100,100
31.9509,100,100
31.9507,100,100
31.9505,100,100
31.9503,100,100
31.9501,100,100
31.9499,100,100
31.9497,100,100
31.9495,100,100
31.9493,100,100
31.9491,100,100
31.9489,100,100
31.9487,100,100
31.9485,100,100
31.9483,100,100
31.9481,100,100
31.948,100,100
31.9478,100,100
31.9476,100,100
31.9474,100,100
31.9472,100,100
31.947,100,100
31.9468,100,100
31.9466,100,100
31.9464,100,100
31.9462,100,100
31.946,100,100
31.9458,100,100
31.9456,100,100
31.9454,100,100
31.9452,100,100
31.945,100,100
31.9448,100,100
31.9446,100,100
31.9444,100,100
31.9442,100,100
31.944,100,100
31.9438,100,100
31.9436,100,100
31.9434,100,100
31.9432,100,100
31.943,100,100
31.9428,100,100
31.9426,100,100
31.9424,100,100
31.9422,100,100
31.942,100,100
31.9418,100,100
31.9416,100,100
31.9415,100,100
31.9413,100,100
31.9411,100,100
31.9409,100,100
31.9407,100,100
31.9405,100,100
31.9403,100,100
31.9401,100,100
31.9399,100,100
31.9397,100,100
31.9395,100,100
31.9393,100,100
31.9391,100,100
31.9389,100,100
31.9387,100,100
31.9385,100,100
31.9383,100,100
31.9381,100,100
31.9379,100,100
31.9377,100,100
31.9375,100,100
31.9373,100,100
31.9371,100,100
31.9369,100,100
31.9367,100,100
31.9365,100,100
31.9363,100,100
31.9361,100,100
31.9359,100,100
31.9357,100,100
31.9355,100,100
31.9353,100,100
31.9351,100,100
31.9349,100,100
31.9348,100,100
31.9346,100,100
31.9344,100,100
31.9342,100,100
31.934,100,100
31.9338,100,100
31.9336,100,100
31.9334,100,100
31.9332,100,100
31.933,100,100
31.9328,100,100
31.9326,100,100
31.9324,100,100
31.9322,100,100
31.932,100,100
31.9318,100,100
31.9316,100,100
31.9314,100,100
31.9312,100,100
31.931,100,100
31.9308,100,100
31.9306,100,100
31.9304,100,100
31.9302,100,100
31.93,100,100
31.9298,100,100
31.9296,100,100
31.9294,100,100
31.9292,100,100
31.929,100,100
31.9288,100,100
31.9286,100,100
31.9284,100,100
31.9282,100,100
31.9281,100,100
31.9279,100,100
31.9277,100,100
31.9275,100,100
31.9273,100,100
31.9271,100,100
31.9269,100,100
31.9267,100,100
31.9265,100,100
31.9263,100,100
31.9261,100,100
31.9259,100,100
31.9257,100,100
31.9255,100,100
31.9253,100,100
31.9251,100,100
31.9249,100,100
31.9247,100,100
31.9245,100,100
31.9243,100,100
31.9241,100,100
31.9239,100,100
31.9237,100,100
31.9235,100,100
31.9233,100,100
31.9231,100,100
31.9229,100,100
31.9227,100,100
31.9225,100,100
31.9223,100,100
31.9221,100,100
31.9219,100,100
31.9217,100,100
31.9216,100,100
31.9214,100,100
31.9212,100,100
31.921,100,100
31.9208,100,100
31.9206,100,100
31.9204,100,100
31.9202,100,100
31.92,100,100
31.9198,100,100
31.9196,100,100
31.9194,100,100
31.9192,100,100
31.919,100,100
31.9188,100,100
31.9186,100,100
31.9184,100,100
31.9182,100,100
31.918,100,100
31.9178,100,100
31.9176,100,100
31.9174,100,100
31.9172,100,100
31.917,100,100
31.9168,100,100
31.9166,100,100
31.9164,100,100
31.9162,100,100
31.916,100,100
31.9158,100,100
31.9156,100,100
31.9154,100,100
31.9152,100,100
31.915,100,100
31.9149,100,100
31.9147,100,100
31.9145,100,100
31.9143,100,100
31.9141,100,100
31.9139,100,100
31.9137,100,100
31.9135,100,100
31.9133,100,100
31.9131,100,100
31.9129,100,100
31.9127,100,100
31.9125,100,100
31.9123,100,100
31.9121,100,100
31.9119,100,100
31.9117,100,100
31.9115,100,100
31.9113,100,100
31.9111,100,100
31.9109,100,100
31.9107,100,100
31.9105,100,100
31.9103,100,100
31.9101,100,100
31.9099,100,100
31.9097,100,100
31.9095,100,100
31.9093,100,100
31.9091,100,100
31.9089,100,100
31.9087,100,100
31.9085,100,100
31.9083,100,100
31.9082,100,100
31.908,100,100
31.9078,100,100
31.9076,100,100
31.9074,100,100
31.9072,100,100
31.907,100,100
31.9068,100,100
31.9066,100,100
31.9064,100,100
31.9062,100,100
31.906,100,100
31.9058,100,100
31.9056,100,100
31.9054,100,100
31.9052,100,100
31.905,100,100
31.9048,100,100
31.9046,100,100
31.9044,100,100
31.9042,100,100
31.904,100,100
31.9038,100,100
31.9036,100,100
31.9034,100,100
31.9032,100,100
31.903,100,100
31.9028,100,100
31.9026,100,100
31.9024,100,100
31.9022,100,100
31.902,100,100
31.9018,100,100
31.9017,100,100
31.9015,100,100
31.9013,100,100
31.9011,100,100
31.9009,100,100
31.9007,100,100
31.9005,100,100
31.9003,100,100
31.9001,100,100
31.8999,100,100
31.8997,100,100
31.8995,100,100
31.8993,100,100
31.8991,100,100
31.8989,100,100
31.8987,100,100
31.8985,100,100
31.8983,100,100
31.8981,100,100
31.8979,100,100
31.8977,100,100
31.8975,100,100
31.8973,100,100
31.8971,100,100
31.8969,100,100
31.8967,100,100
31.8965,100,100
31.8963,100,100
31.8961,100,100
31.8959,100,100
31.8957,100,100
31.8955,100,100
31.8953,100,100
31.8951,100,100
31.895,100,100
31.8948,100,100
31.8946,100,100
31.8944,100,100
31.8942,100,100
31.894,100,100
31.8938,100,100
31.8936,100,100
31.8934,100,100
31.8932,100,100
31.893,100,100
31.8928,100,100
31.8926,100,100
31.8924,100,100
31.8922,100,100
31.892,100,100
31.8918,100,100
31.8916,100,100
31.8914,100,100
31.8912,100,100
31.891,100,100
31.8908,100,100
31.8906,100,100
31.8904,100,100
31.8902,100,100
31.89,100,100
31.8898,100,100
31.8896,100,100
31.8894,100,100
31.8892,100,100
31.889,100,100
31.8888,100,100
31.8886,100,100
31.8884,100,100
31.8883,100,100
31.8881,100,100
31.8879,100,100
31.8877,100,100
31.8875,100,100
31.8873,100,100
31.8871,100,100
31.8869,100,100
31.8867,100,100
31.8865,100,100
31.8863,100,100
31.8861,100,100
31.8859,100,100
31.8857,100,100
31.8855,100,100
31.8853,100,100
31.8851,100,100
31.8849,100,100
31.8847,100,100
31.8845,100,100
31.8843,100,100
31.8841,100,100
31.8839,100,100
31.8837,100,100
31.8835,100,100
31.8833,100,100
31.8831,100,100
31.8829,100,100
31.8827,100,100
31.8825,100,100
31.8823,100,100
31.8821,100,100
31.8819,100,100
31.8818,100,100
31.8816,100,100
31.8814,100,100
31.8812,100,100
31.881,100,100
31.8808,100,100
31.8806,100,100
31.8804,100,100
31.8802,100,100
31.88,100,100
31.8798,100,100
31.8796,100,100
31.8794,100,100
31.8792,100,100
31.879,100,100
31.8788,100,100
31.8786,100,100
31.8784,100,100
31.8782,100,100
31.878,100,100
31.8778,100,100
31.8776,100,100
31.8774,100,100
31.8772,100,100
31.877,100,100
31.8768,100,100
31.8766,100,100
31.8764,100,100
31.8762,100,100
31.876,100,100
31.8758,100,100
31.8756,100,100
31.8754,100,100
31.8752,100,100
31.8751,100,100
31.8749,100,100
31.8747,100,100
31.8745,100,100
31.8743,100,100
31.8741,100,100
31.8739,100,100
31.8737,100,100
31.8735,100,100
31.8733,100,100
31.8731,100,100
31.8729,100,100
31.8727,100,100
31.8725,100,100
31.8723,100,100
31.8721,100,100
31.8719,100,100
31.8717,100,100
31.8715,100,100
31.8713,100,100
31.8711,100,100
31.8709,100,100
31.8707,100,100
31.8705,100,100
31.8703,100,100
31.8701,100,100
31.8699,100,100
31.8697,100,100
31.8695,100,100
31.8693,100,100
31.8691,100,100
31.8689,100,100
31.8687,100,100
31.8685,100,100
31.8684,100,100
31.8682,100,100
31.868,100,100
31.8678,100,100
31.8676,100,100
31.8674,100,100
31.8672,100,100
31.867,100,100
31.8668,100,100
31.8666,100,100
31.8664,100,100
31.8662,100,100
31.866,100,100
31.8658,100,100
31.8656,100,100
31.8654,100,100
31.8652,100,100
31.865,100,100
31.8648,100,100
31.8646,100,100
31.8644,100,100
31.8642,100,100
31.864,100,100
31.8638,100,100
31.8636,100,100
31.8634,100,100
31.8632,100,100
31.863,100,100
31.8628,100,100
31.8626,100,100
31.8624,100,100
31.8622,100,100
31.862,100,100
31.8619,100,100
31.8617,100,100
31.8615,100,100
31.8613,100,100
31.8611,100,100
31.8609,100,100
31.8607,100,100
31.8605,100,100
31.8603,100,100
31.8601,100,100
31.8599,100,100
31.8597,100,100
31.8595,100,100
31.8593,100,100
31.8591,100,100
31.8589,100,100
31.8587,100,100
31.8585,100,100
31.8583,100,100
31.8581,100,100
31.8579,100,100
31.8577,100,100
31.8575,100,100
31.8573,100,100
31.8571,100,100
31.8569,100,100
31.8567,100,100
31.8565,100,100
31.8563,100,100
31.8561,100,100
31.8559,100,100
31.8557,100,100
31.8555,100,100
31.8553,100,100
31.8552,100,100
31.855,100,100
31.8548,100,100
31.8546,100,100
31.8544,100,100
31.8542,100,100
31.854,100,100
31.8538,100,100
31.8536,100,100
31.8534,100,100
31.8532,100,100
31.853,100,100
31.8528,100,100
31.8526,100,100
31.8524,100,100
31.8522,100,100
31.852,100,100
31.8518,100,100
31.8516,100,100
31.8514,100,100
31.8512,100,100
31.851,100,100
31.8508,100,100
31.8506,100,100
31.8504,100,100
31.8502,100,100
31.85,100,100
31.8498,100,100
31.8496,100,100
31.8494,100,100
31.8492,100,100
31.849,100,100
31.8488,100,100
31.8486,100,100
31.8485,100,100
31.8483,100,100
31.8481,100,100
31.8479,100,100
31.8477,100,100
31.8475,100,100
31.8473,100,100
31.8471,100,100
31.8469,100,100
31.8467,100,100
31.8465,100,100
31.8463,100,100
31.8461,100,100
31.8459,100,100
31.8457,100,100
31.8455,100,100
31.8453,100,100
31.8451,100,100
31.8449,100,100
31.8447,100,100
31.8445,100,100
31.8443,100,100
31.8441,100,100
31.8439,100,100
31.8437,100,100
31.8435,100,100
31.8433,100,100
31.8431,100,100
31.8429,100,100
31.8427,100,100
31.8425,100,100
31.8423,100,100
31.8421,100,100
31.842,100,100
31.8418,100,100
31.8416,100,100
31.8414,100,100
31.8412,100,100
31.841,100,100
31.8408,100,100
31.8406,100,100
31.8404,100,100
31.8402,100,100
31.84,100,100
31.8398,100,100
31.8396,100,100
31.8394,100,100
31.8392,100,100
31.839,100,100
31.8388,100,100
31.8386,100,100
31.8384,100,100
31.8382,100,100
31.838,100,100
31.8378,100,100
31.8376,100,100
31.8374,100,100
31.8372,100,100
31.837,100,100
31.8368,100,100
31.8366,100,100
31.8364,100,100
31.8362,100,100
31.836,100,100
31.8358,100,100
31.8356,100,100
31.8354,100,100
31.8353,100,100
31.8351,100,100
31.8349,100,100
31.8347,100,100
31.8345,100,100
31.8343,100,100
31.8341,100,100
31.8339,100,100
31.8337,100,100
31.8335,100,100
31.8333,100,100
31.8331,100,100
31.8329,100,100
31.8327,100,100
31.8325,100,100
31.8323,100,100
31.8321,100,100
31.8319,100,100
31.8317,100,100
31.8315,100,100
31.8313,100,100
31.8311,100,100
31.8309,100,100
31.8307,100,100
31.8305,100,100
31.8303,100,100
31.8301,100,100
31.8299,100,100
31.8297,100,100
31.8295,100,100
31.8293,100,100
31.8291,100,100
31.8289,100,100
31.8287,100,100
31.8286,100,100
31.8284,100,100
31.8282,100,100
31.828,100,100
31.8278,100,100
31.8276,100,100
31.8274,100,100
31.8272,100,100
31.827,100,100
31.8268,100,100
31.8266,100,100
31.8264,100,100
31.8262,100,100
31.826,100,100
31.8258,100,100
31.8256,100,100
31.8254,100,100
31.8252,100,100
31.825,100,100
31.8248,100,100
31.8246,100,100
31.8244,100,100
31.8242,100,100
31.824,100,100
31.8238,100,100
31.8236,100,100
31.8234,100,100
31.8232,100,100
31.823,100,100
31.8228,100,100
31.8226,100,100
31.8224,100,100
31.8222,100,100
31.8221,100,100
31.8219,100,100
31.8217,100,100
31.8215,100,100
31.8213,100,100
31.8211,100,100
31.8209,100,100
31.8207,100,100
31.8205,100,100
31.8203,100,100
31.8201,100,100
31.8199,100,100
31.8197,100,100
31.8195,100,100
31.8193,100,100
31.8191,100,100
31.8189,100,100
31.8187,100,100
31.8185,100,100
31.8183,100,100
31.8181,100,100
31.8179,100,100
31.8177,100,100
31.8175,100,100
31.8173,100,100
31.8171,100,100
31.8169,100,100
31.8167,100,100
31.8165,100,100
31.8163,100,100
31.8161,100,100
31.8159,100,100
31.8157,100,100
31.8155,100,100
31.8154,100,100
31.8152,100,100
31.815,100,100
31.8148,100,100
31.8146,100,100
31.8144,100,100
31.8142,100,100
31.814,100,100
31.8138,100,100
31.8136,100,100
31.8134,100,100
31.8132,100,100
31.813,100,100
31.8128,100,100
31.8126,100,100
31.8124,100,100
31.8122,100,100
31.812,100,100
31.8118,100,100
31.8116,100,100
31.8114,100,100
31.8112,100,100
31.811,100,100
31.8108,100,100
31.8106,100,100
31.8104,100,100
31.8102,100,100
31.81,100,100
31.8098,100,100
31.8096,100,100
31.8094,100,100
31.8092,100,100
31.809,100,100
31.8088,100,100
31.8087,100,100
31.8085,100,100
31.8083,100,100
31.8081,100,100
31.8079,100,100
31.8077,100,100
31.8075,100,100
31.8073,100,100
31.8071,100,100
31.8069,100,100
31.8067,100,100
31.8065,100,100
31.8063,100,100
31.8061,100,100
31.8059,100,100
31.8057,100,100
31.8055,100,100
31.8053,100,100
31.8051,100,100
31.8049,100,100
31.8047,100,100
31.8045,100,100
31.8043,100,100
31.8041,100,100
31.8039,100,100
31.8037,100,100
31.8035,100,100
31.8033,100,100
31.8032,100,100
31.803,100,100
31.8028,100,100
31.8026,100,100
31.8024,100,100
31.8022,100,100
31.802,100,100
31.8018,100,100
31.8016,100,100
31.8014,100,100
31.8012,100,100
31.801,100,100
31.8008,100,100
31.8006,100,100
31.8004,100,100
31.8002,100,100
31.8,100,100
31.7998,100,100
31.7996,100,100
31.7994,100,100
31.7992,100,100
31.799,100,100
31.7989,100,100
31.7987,100,100
31.7985,100,100
31.7983,100,100
31.7981,100,100
31.7979,100,100
31.7977,100,100
31.7975,100,100
31.7973,100,100
31.7971,100,100
31.7969,100,100
31.7967,100,100
31.7965,100,100
31.7963,100,100
31.7961,100,100
31.7959,100,100
31.7957,100,100
31.7955,100,100
31.7953,100,100
31.7951,100,100
31.7949,100,100
31.7947,100,100
31.7946,100,100
31.7944,100,100
31.7942,100,100
31.794,100,100
31.7938,100,100
31.7936,100,100
31.7934,100,100
31.7932,100,100
31.793,100,100
31.7928,100,100
31.7926,100,100
31.7924,100,100
31.7922,100,100
31.792,100,100
31.7918,100,100
31.7916,100,100
31.7914,100,100
31.7912,100,100
31.791,100,100
31.7908,100,100
31.7906,100,100
31.7904,100,100
31.7903,100,100
31.7901,100,100
31.7899,100,100
31.7897,100,100
31.7895,100,100
31.7893,100,100
31.7891,100,100
31.7889,100,100
31.7887,100,100
31.7885,100,100
31.7883,100,100
31.7881,100,100
31.7879,100,100
31.7877,100,100
31.7875,100,100
31.7873,100,100
31.7871,100,100
31.7869,100,100
31.7867,100,100
31.7865,100,100
31.7863,100,100
31.7861,100,100
31.786,100,100
31.7858,100,100
31.7856,100,100
31.7854,100,100
31.7852,100,100
31.785,100,100
31.7848,100,100
31.7846,100,100
31.7844,100,100
31.7842,100,100
31.784,100,100
31.7838,100,100
31.7836,100,100
31.7835,100,100
31.7833,100,100
31.7831,100,100
31.7829,100,100
31.7827,100,100
31.7825,100,100
31.7823,100,100
31.7821,100,100
31.7819,100,100
31.7817,100,100
31.7815,100,100
31.7813,100,100
31.7811,100,100
31.781,100,100
31.7808,100,100
31.7806,100,100
31.7804,100,100
31.7802,100,100
31.78,100,100
31.7798,100,100
31.7796,100,100
31.7794,100,100
31.7792,100,100
31.779,100,100
31.7788,100,100
31.7786,100,100
31.7785,100,100
31.7783,100,100
31.7781,100,100
31.7779,100,100
31.7777,100,100
31.7775,100,100
31.7773,100,100
31.7771,100,100
31.7769,100,100
31.7767,100,100
31.7765,100,100
31.7763,100,100
31.7761,100,100
31.776,100,100
31.7758,100,100
31.7756,100,100
31.7754,100,100
31.7752,100,100
31.775,100,100
31.7748,100,100
31.7746,100,100
31.7744,100,100
31.7742,100,100
31.774,100,100
31.7738,100,100
31.7736,100,100
31.7735,100,100
31.7733,100,100
31.7731,100,100
31.7729,100,100
31.7727,100,100
31.7725,100,100
31.7723,100,100
31.7721,100,100
31.7719,100,100
31.7717,100,100
31.7715,100,100
31.7713,100,100
31.7711,100,100
31.771,100,100
31.7708,100,100
31.7706,100,100
31.7704,100,100
31.7702,100,100
31.77,100,100
31.7698,100,100
31.7696,100,100
31.7694,100,100
31.7692,100,100
31.769,100,100
31.7688,100,100
31.7686,100,100
31.7685,100,100
31.7683,100,100
31.7681,100,100
31.7679,100,100
31.7677,100,100
31.7675,100,100
31.7673,100,100
31.7671,100,100
31.7669,100,100
31.7667,100,100
31.7665,100,100
31.7663,100,100
31.7661,100,100
31.7659,100,100
31.7657,100,100
31.7655,100,100
31.7653,100,100
31.7652,100,100
31.765,100,100
31.7648,100,100
31.7646,100,100
31.7644,100,100
31.7642,100,100
31.764,100,100
31.7638,100,100
31.7636,100,100
31.7634,100,100
31.7632,100,100
31.763,100,100
31.7628,100,100
31.7626,100,100
31.7624,100,100
31.7622,100,100
31.762,100,100
31.7618,100,100
31.7616,100,100
31.7614,100,100
31.7612,100,100
31.761,100,100
31.7608,100,100
31.7606,100,100
31.7604,100,100
31.7602,100,100
31.76,100,100
31.7598,100,100
31.7596,100,100
31.7594,100,100
31.7592,100,100
31.759,100,100
31.7588,100,100
31.7587,100,100
31.7585,100,100
31.7583,100,100
31.7581,100,100
31.7579,100,100
31.7577,100,100
31.7575,100,100
31.7573,100,100
31.7571,100,100
31.7569,100,100
31.7567,100,100
31.7565,100,100
31.7563,100,100
31.7561,100,100
31.7559,100,100
31.7557,100,100
31.7555,100,100
31.7553,100,100
31.7551,100,100
31.7549,100,100
31.7547,100,100
31.7545,100,100
31.7543,100,100
31.7541,100,100
31.7539,100,100
31.7537,100,100
31.7535,100,100
31.7533,100,100
31.7531,100,100
31.7529,100,100
31.7527,100,100
31.7525,100,100
31.7524,100,100
31.7522,100,100
31.752,100,100
31.7518,100,100
31.7516,100,100
31.7514,100,100
31.7512,100,100
31.751,100,100
31.7508,100,100
31.7506,100,100
31.7504,100,100
31.7502,100,100
31.75,100,100
31.7498,100,100
31.7496,100,100
31.7494,100,100
31.7492,100,100
31.749,100,100
31.7488,100,100
31.7486,100,100
31.7484,100,100
31.7482,100,100
31.748,100,100
31.7478,100,100
31.7476,100,100
31.7474,100,100
31.7472,100,100
31.747,100,100
31.7468,100,100
31.7466,100,100
31.7464,100,100
31.7462,100,100
31.746,100,100
31.7459,100,100
31.7457,100,100
31.7455,100,100
31.7453,100,100
31.7451,100,100
31.7449,100,100
31.7447,100,100
31.7445,100,100
31.7443,100,100
31.7441,100,100
31.7439,100,100
31.7437,100,100
31.7435,100,100
31.7433,100,100
31.7431,100,100
31.7429,100,100
31.7427,100,100
31.7425,100,100
31.7423,100,100
31.7421,100,100
31.7419,100,100
31.7417,100,100
31.7415,100,100
31.7413,100,100
31.7411,100,100
31.7409,100,100
31.7407,100,100
31.7405,100,100
31.7403,100,100
31.7401,100,100
31.7399,100,100
31.7397,100,100
31.7395,100,100
31.7393,100,100
31.7392,100,100
31.739,100,100
31.7388,100,100
31.7386,100,100
31.7384,100,100
31.7382,100,100
31.738,100,100
31.7378,100,100
31.7376,100,100
31.7374,100,100
31.7372,100,100
31.737,100,100
31.7368,100,100
31.7366,100,100
31.7364,100,100
31.7362,100,100
31.736,100,100
31.7358,100,100
31.7356,100,100
31.7354,100,100
31.7352,100,100
31.735,100,100
31.7348,100,100
31.7346,100,100
31.7344,100,100
31.7342,100,100
31.734,100,100
31.7338,100,100
31.7336,100,100
31.7334,100,100
31.7332,100,100
31.733,100,100
31.7328,100,100
31.7327,100,100
31.7325,100,100
31.7323,100,100
31.7321,100,100
31.7319,100,100
31.7317,100,100
31.7315,100,100
31.7313,100,100
31.7311,100,100
31.7309,100,100
31.7307,100,100
31.7305,100,100
31.7303,100,100
31.7301,100,100
31.7299,100,100
31.7297,100,100
31.7295,100,100
31.7293,100,100
31.7291,100,100
31.7289,100,100
31.7287,100,100
31.7285,100,100
31.7283,100,100
31.7281,100,100
31.7279,100,100
31.7277,100,100
31.7275,100,100
31.7273,100,100
31.7271,100,100
31.7269,100,100
31.7267,100,100
31.7265,100,100
31.7263,100,100
31.7261,100,100
31.726,100,100
31.7258,100,100
31.7256,100,100
31.7254,100,100
31.7252,100,100
31.725,100,100
31.7248,100,100
31.7246,100,100
31.7244,100,100
31.7242,100,100
31.724,100,100
31.7238,100,100
31.7236,100,100
31.7234,100,100
31.7232,100,100
31.723,100,100
31.7228,100,100
31.7226,100,100
31.7224,100,100
31.7222,100,100
31.722,100,100
31.7218,100,100
31.7216,100,100
31.7214,100,100
31.7212,100,100
31.721,100,100
31.7208,100,100
31.7206,100,100
31.7204,100,100
31.7202,100,100
31.72,100,100
31.7198,100,100
31.7196,100,100
31.7194,100,100
31.7193,100,100
31.7191,100,100
31.7189,100,100
31.7187,100,100
31.7185,100,100
31.7183,100,100
31.7181,100,100
31.7179,100,100
31.7177,100,100
31.7175,100,100
31.7173,100,100
31.7171,100,100
31.7169,100,100
31.7167,100,100
31.7165,100,100
31.7163,100,100
31.7161,100,100
31.7159,100,100
31.7157,100,100
31.7155,100,100
31.7153,100,100
31.7151,100,100
31.7149,100,100
31.7147,100,100
31.7145,100,100
31.7143,100,100
31.7141,100,100
31.7139,100,100
31.7137,100,100
31.7135,100,100
31.7133,100,100
31.7131,100,100
31.7129,100,100
31.7128,100,100
31.7126,100,100
31.7124,100,100
31.7122,100,100
31.712,100,100
31.7118,100,100
31.7116,100,100
31.7114,100,100
31.7112,100,100
31.711,100,100
31.7108,100,100
31.7106,100,100
31.7104,100,100
31.7102,100,100
31.71,100,100
31.7098,100,100
31.7096,100,100
31.7094,100,100
31.7092,100,100
31.709,100,100
31.7088,100,100
31.7086,100,100
31.7084,100,100
31.7082,100,100
31.708,100,100
31.7078,100,100
31.7076,100,100
31.7074,100,100
31.7072,100,100
31.707,100,100
31.7068,100,100
31.7066,100,100
31.7064,100,100
31.7062,100,100
31.7061,100,100
31.7059,100,100
31.7057,100,100
31.7055,100,100
31.7053,100,100
31.7051,100,100
31.7049,100,100
31.7047,100,100
31.7045,100,100
31.7043,100,100
31.7041,100,100
31.7039,100,100
31.7037,100,100
31.7035,100,100
31.7033,100,100
31.7031,100,100
31.7029,100,100
31.7027,100,100
31.7025,100,100
31.7023,100,100
31.7021,100,100
31.7019,100,100
31.7017,100,100
31.7015,100,100
31.7013,100,100
31.7011,100,100
31.7009,100,100
31.7007,100,100
31.7005,100,100
31.7003,100,100
31.7001,100,100
31.6999,100,100
31.6997,100,100
31.6995,100,100
31.6994,100,100
31.6992,100,100
31.699,100,100
31.6988,100,100
31.6986,100,100
31.6984,100,100
31.6982,100,100
31.698,100,100
31.6978,100,100
31.6976,100,100
31.6974,100,100
31.6972,100,100
31.697,100,100
31.6968,100,100
31.6966,100,100
31.6964,100,100
31.6962,100,100
31.696,100,100
31.6958,100,100
31.6956,100,100
31.6954,100,100
31.6952,100,100
31.695,100,100
31.6948,100,100
31.6946,100,100
31.6944,100,100
31.6942,100,100
31.694,100,100
31.6938,100,100
31.6936,100,100
31.6934,100,100
31.6932,100,100
31.693,100,100
31.6929,100,100
31.6927,100,100
31.6925,100,100
31.6923,100,100
31.6921,100,100
31.6919,100,100
31.6917,100,100
31.6915,100,100
31.6913,100,100
31.6911,100,100
31.6909,100,100
31.6907,100,100
31.6905,100,100
31.6903,100,100
31.6901,100,100
31.6899,100,100
31.6897,100,100
31.6895,100,100
31.6893,100,100
31.6891,100,100
31.6889,100,100
31.6887,100,100
31.6885,100,100
31.6883,100,100
31.6881,100,100
31.6879,100,100
31.6877,100,100
31.6875,100,100
31.6873,100,100
31.6871,100,100
31.6869,100,100
31.6867,100,100
31.6865,100,100
31.6863,100,100
31.6862,100,100
31.686,100,100
31.6858,100,100
31.6856,100,100
31.6854,100,100
31.6852,100,100
31.685,100,100
31.6848,100,100
31.6846,100,100
31.6844,100,100
31.6842,100,100
31.684,100,100
31.6838,100,100
31.6836,100,100
31.6834,100,100
31.6832,100,100
31.683,100,100
31.6828,100,100
31.6826,100,100
31.6824,100,100
31.6822,100,100
31.682,100,100
31.6818,100,100
31.6816,100,100
31.6814,100,100
31.6812,100,100
31.681,100,100
31.6808,100,100
31.6806,100,100
31.6804,100,100
31.6802,100,100
31.68,100,100
31.6798,100,100
31.6796,100,100
31.6795,100,100
31.6793,100,100
31.6791,100,100
31.6789,100,100
31.6787,100,100
31.6785,100,100
31.6783,100,100
31.6781,100,100
31.6779,100,100
31.6777,100,100
31.6775,100,100
31.6773,100,100
31.6771,100,100
31.6769,100,100
31.6767,100,100
31.6765,100,100
31.6763,100,100
31.6761,100,100
31.6759,100,100
31.6757,100,100
31.6755,100,100
31.6753,100,100
31.6751,100,100
31.6749,100,100
31.6747,100,100
31.6745,100,100
31.6743,100,100
31.6741,100,100
31.6739,100,100
31.6737,100,100
31.6735,100,100
31.6733,100,100
31.6731,100,100
31.673,100,100
31.6728,100,100
31.6726,100,100
31.6724,100,100
31.6722,100,100
31.672,100,100
31.6718,100,100
31.6716,100,100
31.6714,100,100
31.6712,100,100
31.671,100,100
31.6708,100,100
31.6706,100,100
31.6704,100,100
31.6702,100,100
31.67,100,100
31.6698,100,100
31.6696,100,100
31.6694,100,100
31.6692,100,100
31.669,100,100
31.6688,100,100
31.6686,100,100
31.6684,100,100
31.6682,100,100
31.668,100,100
31.6678,100,100
31.6676,100,100
31.6674,100,100
31.6672,100,100
31.667,100,100
31.6668,100,100
31.6666,100,100
31.6664,100,100
31.6663,100,100
31.6661,100,100
31.6659,100,100
31.6657,100,100
31.6655,100,100
31.6653,100,100
31.6651,100,100
31.6649,100,100
31.6647,100,100
31.6645,100,100
31.6643,100,100
31.6641,100,100
31.6639,100,100
31.6637,100,100
31.6635,100,100
31.6633,100,100
31.6631,100,100
31.6629,100,100
31.6627,100,100
31.6625,100,100
31.6623,100,100
31.6621,100,100
31.6619,100,100
31.6617,100,100
31.6615,100,100
31.6613,100,100
31.6611,100,100
31.6609,100,100
31.6607,100,100
31.6605,100,100
31.6603,100,100
31.6601,100,100
31.6599,100,100
31.6598,100,100
31.6596,100,100
31.6594,100,100
31.6592,100,100
31.659,100,100
31.6588,100,100
31.6586,100,100
31.6584,100,100
31.6582,100,100
31.658,100,100
31.6578,100,100
31.6576,100,100
31.6574,100,100
31.6572,100,100
31.657,100,100
31.6568,100,100
31.6566,100,100
31.6564,100,100
31.6562,100,100
31.656,100,100
31.6558,100,100
31.6556,100,100
31.6554,100,100
31.6552,100,100
31.655,100,100
31.6548,100,100
31.6546,100,100
31.6544,100,100
31.6542,100,100
31.654,100,100
31.6538,100,100
31.6536,100,100
31.6534,100,100
31.6532,100,100
31.6531,100,100
31.6529,100,100
31.6527,100,100
31.6525,100,100
31.6523,100,100
31.6521,100,100
31.6519,100,100
31.6517,100,100
31.6515,100,100
31.6513,100,100
31.6511,100,100
31.6509,100,100
31.6507,100,100
31.6505,100,100
31.6503,100,100
31.6501,100,100
31.6499,100,100
31.6497,100,100
31.6495,100,100
31.6493,100,100
31.6491,100,100
31.6489,100,100
31.6487,100,100
31.6485,100,100
31.6483,100,100
31.6481,100,100
31.6479,100,100
31.6477,100,100
31.6475,100,100
31.6473,100,100
31.6471,100,100
31.6469,100,100
31.6468,100,100
31.6466,100,100
31.6464,100,100
31.6462,100,100
31.646,100,100
31.6458,100,100
31.6456,100,100
31.6454,100,100
31.6452,100,100
31.645,100,100
31.6448,100,100
31.6446,100,100
31.6444,100,100
31.6442,100,100
31.644,100,100
31.6438,100,100
31.6436,100,100
31.6434,100,100
31.6432,100,100
31.643,100,100
31.6428,100,100
31.6426,100,100
31.6424,100,100
31.6422,100,100
31.642,100,100
31.6418,100,100
31.6417,100,100
31.6415,100,100
31.6413,100,100
31.6411,100,100
31.6409,100,100
31.6407,100,100
31.6405,100,100
31.6403,100,100
31.6401,100,100
31.6399,100,100
31.6397,100,100
31.6395,100,100
31.6393,100,100
31.6391,100,100
31.6389,100,100
31.6387,100,100
31.6385,100,100
31.6383,100,100
31.6381,100,100
31.6379,100,100
31.6377,100,100
31.6375,100,100
31.6373,100,100
31.6371,100,100
31.6369,100,100
31.6367,100,100
31.6366,100,100
31.6364,100,100
31.6362,100,100
31.636,100,100
31.6358,100,100
31.6356,100,100
31.6354,100,100
31.6352,100,100
31.635,100,100
31.6348,100,100
31.6346,100,100
31.6344,100,100
31.6342,100,100
31.634,100,100
31.6338,100,100
31.6336,100,100
31.6334,100,100
31.6332,100,100
31.633,100,100
31.6328,100,100
31.6326,100,100
31.6324,100,100
31.6322,100,100
31.632,100,100
31.6318,100,100
31.6316,100,100
31.6314,100,100
31.6313,100,100
31.6311,100,100
31.6309,100,100
31.6307,100,100
31.6305,100,100
31.6303,100,100
31.6301,100,100
31.6299,100,100
31.6297,100,100
31.6295,100,100
31.6293,100,100
31.6291,100,100
31.6289,100,100
31.6287,100,100
31.6285,100,100
31.6283,100,100
31.6281,100,100
31.6279,100,100
31.6277,100,100
31.6275,100,100
31.6274,100,100
31.6272,100,100
31.627,100,100
31.6268,100,100
31.6266,100,100
31.6264,100,100
31.6262,100,100
31.626,100,100
31.6258,100,100
31.6256,100,100
31.6254,100,100
31.6252,100,100
31.625,100,100
31.6249,100,100
31.6247,100,100
31.6245,100,100
31.6243,100,100
31.6241,100,100
31.6239,100,100
31.6237,100,100
31.6235,100,100
31.6233,100,100
31.6231,100,100
31.6229,100,100
31.6227,100,100
31.6225,100,100
31.6223,100,100
31.6222,100,100
31.622,100,100
31.6218,100,100
31.6216,100,100
31.6214,100,100
31.6212,100,100
31.621,100,100
31.6208,100,100
31.6206,100,100
31.6204,100,100
31.6202,100,100
31.62,100,100
31.6198,100,100
31.6197,100,100
31.6195,100,100
31.6193,100,100
31.6191,100,100
31.6189,100,100
31.6187,100,100
31.6185,100,100
31.6183,100,100
31.6181,100,100
31.6179,100,100
31.6177,100,100
31.6175,100,100
31.6173,100,100
31.6171,100,100
31.617,100,100
31.6168,100,100
31.6166,100,100
31.6164,100,100
31.6162,100,100
31.616,100,100
31.6158,100,100
31.6156,100,100
31.6154,100,100
31.6152,100,100
31.615,100,100
31.6148,100,100
31.6146,100,100
31.6145,100,100
31.6143,100,100
31.6141,100,100
31.6139,100,100
31.6137,100,100
31.6135,100,100
31.6133,100,100
31.6131,100,100
31.6129,100,100
31.6127,100,100
31.6125,100,100
31.6123,100,100
31.6121,100,100
31.6119,100,100
31.6118,100,100
31.6116,100,100
31.6114,100,100
31.6112,100,100
31.611,100,100
31.6108,100,100
31.6106,100,100
31.6104,100,100
31.6102,100,100
31.61,100,100
31.6098,100,100
31.6096,100,100
31.6094,100,100
31.6092,100,100
31.609,100,100
31.6089,100,100
31.6087,100,100
31.6085,100,100
31.6083,100,100
31.6081,100,100
31.6079,100,100
31.6077,100,100
31.6075,100,100
31.6073,100,100
31.6071,100,100
31.6069,100,100
31.6067,100,100
31.6065,100,100
31.6063,100,100
31.6061,100,100
31.6059,100,100
31.6057,100,100
31.6055,100,100
31.6053,100,100
31.6051,100,100
31.6049,100,100
31.6047,100,100
31.6045,100,100
31.6043,100,100
31.6041,100,100
31.604,100,100
31.6038,100,100
31.6036,100,100
31.6034,100,100
31.6032,100,100
31.603,100,100
31.6028,100,100
31.6026,100,100
31.6024,100,100
31.6022,100,100
31.602,100,100
31.6018,100,100
31.6016,100,100
31.6014,100,100
31.6012,100,100
31.601,100,100
31.6008,100,100
31.6006,100,100
31.6004,100,100
31.6002,100,100
31.6,100,100
31.5998,100,100
31.5996,100,100
31.5994,100,100
31.5992,100,100
31.5991,100,100
31.5989,100,100
31.5987,100,100
31.5985,100,100
31.5983,100,100
31.5981,100,100
31.5979,100,100
31.5977,100,100
31.5975,100,100
31.5973,100,100
31.5971,100,100
31.5969,100,100
31.5967,100,100
31.5965,100,100
31.5963,100,100
31.5961,100,100
31.5959,100,100
31.5957,100,100
31.5955,100,100
31.5953,100,100
31.5951,100,100
31.5949,100,100
31.5947,100,100
31.5945,100,100
31.5943,100,100
31.5942,100,100
31.594,100,100
31.5938,100,100
31.5936,100,100
31.5934,100,100
31.5932,100,100
31.593,100,100
31.5928,100,100
31.5926,100,100
31.5924,100,100
31.5922,100,100
31.592,100,100
31.5918,100,100
31.5916,100,100
31.5914,100,100
31.5912,100,100
31.591,100,100
31.5908,100,100
31.5906,100,100
31.5904,100,100
31.5902,100,100
31.59,100,100
31.5898,100,100
31.5896,100,100
31.5894,100,100
31.5892,100,100
31.5891,100,100
31.5889,100,100
31.5887,100,100
31.5885,100,100
31.5883,100,100
31.5881,100,100
31.5879,100,100
31.5877,100,100
31.5875,100,100
31.5873,100,100
31.5871,100,100
31.5869,100,100
31.5867,100,100
31.5865,100,100
31.5863,100,100
31.5861,100,100
31.5859,100,100
31.5857,100,100
31.5855,100,100
31.5853,100,100
31.5851,100,100
31.5849,100,100
31.5847,100,100
31.5845,100,100
31.5843,100,100
31.5841,100,100
31.5839,100,100
31.5837,100,100
31.5835,100,100
31.5833,100,100
31.5831,100,100
31.5829,100,100
31.5827,100,100
31.5825,100,100
31.5824,100,100
31.5822,100,100
31.582,100,100
31.5818,100,100
31.5816,100,100
31.5814,100,100
31.5812,100,100
31.581,100,100
31.5808,100,100
31.5806,100,100
31.5804,100,100
31.5802,100,100
31.58,100,100
31.5798,100,100
31.5796,100,100
31.5794,100,100
31.5792,100,100
31.579,100,100
31.5788,100,100
31.5786,100,100
31.5784,100,100
31.5782,100,100
31.578,100,100
31.5778,100,100
31.5776,100,100
31.5774,100,100
31.5772,100,100
31.577,100,100
31.5768,100,100
31.5766,100,100
31.5764,100,100
31.5762,100,100
31.576,100,100
31.5759,100,100
31.5757,100,100
31.5755,100,100
31.5753,100,100
31.5751,100,100
31.5749,100,100
31.5747,100,100
31.5745,100,100
31.5743,100,100
31.5741,100,100
31.5739,100,100
31.5737,100,100
31.5735,100,100
31.5733,100,100
31.5731,100,100
31.5729,100,100
31.5727,100,100
31.5725,100,100
31.5723,100,100
31.5721,100,100
31.5719,100,100
31.5717,100,100
31.5715,100,100
31.5713,100,100
31.5711,100,100
31.5709,100,100
31.5707,100,100
31.5705,100,100
31.5703,100,100
31.5701,100,100
31.5699,100,100
31.5697,100,100
31.5695,100,100
31.5693,100,100
31.5692,100,100
31.569,100,100
31.5688,100,100
31.5686,100,100
31.5684,100,100
31.5682,100,100
31.568,100,100
31.5678,100,100
31.5676,100,100
31.5674,100,100
31.5672,100,100
31.567,100,100
31.5668,100,100
31.5666,100,100
31.5664,100,100
31.5662,100,100
31.566,100,100
31.5658,100,100
31.5656,100,100
31.5654,100,100
31.5652,100,100
31.565,100,100
31.5648,100,100
31.5646,100,100
31.5644,100,100
31.5642,100,100
31.564,100,100
31.5638,100,100
31.5636,100,100
31.5634,100,100
31.5632,100,100
31.563,100,100
31.5628,100,100
31.5626,100,100
31.5625,100,100
31.5623,100,100
31.5621,100,100
31.5619,100,100
31.5617,100,100
31.5615,100,100
31.5613,100,100
31.5611,100,100
31.5609,100,100
31.5607,100,100
31.5605,100,100
31.5603,100,100
31.5601,100,100
31.5599,100,100
31.5597,100,100
31.5595,100,100
31.5593,100,100
31.5591,100,100
31.5589,100,100
31.5587,100,100
31.5585,100,100
31.5583,100,100
31.5581,100,100
31.5579,100,100
31.5577,100,100
31.5575,100,100
31.5573,100,100
31.5571,100,100
31.5569,100,100
31.5567,100,100
31.5565,100,100
31.5563,100,100
31.5561,100,100
31.556,100,100
31.5558,100,100
31.5556,100,100
31.5554,100,100
31.5552,100,100
31.555,100,100
31.5548,100,100
31.5546,100,100
31.5544,100,100
31.5542,100,100
31.554,100,100
31.5538,100,100
31.5536,100,100
31.5534,100,100
31.5532,100,100
31.553,100,100
31.5528,100,100
31.5526,100,100
31.5524,100,100
31.5522,100,100
31.552,100,100
31.5518,100,100
31.5516,100,100
31.5514,100,100
31.5512,100,100
31.551,100,100
31.5508,100,100
31.5506,100,100
31.5504,100,100
31.5502,100,100
31.55,100,100
31.5498,100,100
31.5496,100,100
31.5494,100,100
31.5493,100,100
31.5491,100,100
31.5489,100,100
31.5487,100,100
31.5485,100,100
31.5483,100,100
31.5481,100,100
31.5479,100,100
31.5477,100,100
31.5475,100,100
31.5473,100,100
31.5471,100,100
31.5469,100,100
31.5467,100,100
31.5465,100,100
31.5463,100,100
31.5461,100,100
31.5459,100,100
31.5457,100,100
31.5455,100,100
31.5453,100,100
31.5451,100,100
31.5449,100,100
31.5447,100,100
31.5445,100,100
31.5443,100,100
31.5441,100,100
31.5439,100,100
31.5437,100,100
31.5435,100,100
31.5433,100,100
31.5431,100,100
31.5429,100,100
31.5427,100,100
31.5426,100,100
31.5424,100,100
31.5422,100,100
31.542,100,100
31.5418,100,100
31.5416,100,100
31.5414,100,100
31.5412,100,100
31.541,100,100
31.5408,100,100
31.5406,100,100
31.5404,100,100
31.5402,100,100
31.54,100,100
31.5398,100,100
31.5396,100,100
31.5394,100,100
31.5392,100,100
31.539,100,100
31.5388,100,100
31.5386,100,100
31.5384,100,100
31.5382,100,100
31.538,100,100
31.5378,100,100
31.5376,100,100
31.5374,100,100
31.5372,100,100
31.537,100,100
31.5368,100,100
31.5366,100,100
31.5364,100,100
31.5362,100,100
31.536,100,100
31.5359,100,100
31.5357,100,100
31.5355,100,100
31.5353,100,100
31.5351,100,100
31.5349,100,100
31.5347,100,100
31.5345,100,100
31.5343,100,100
31.5341,100,100
31.5339,100,100
31.5337,100,100
31.5335,100,100
31.5333,100,100
31.5331,100,100
31.5329,100,100
31.5327,100,100
31.5325,100,100
31.5323,100,100
31.5321,100,100
31.5319,100,100
31.5317,100,100
31.5315,100,100
31.5313,100,100
31.5311,100,100
31.5309,100,100
31.5307,100,100
31.5305,100,100
31.5303,100,100
31.5301,100,100
31.5299,100,100
31.5297,100,100
31.5295,100,100
31.5294,100,100
31.5292,100,100
31.529,100,100
31.5288,100,100
31.5286,100,100
31.5284,100,100
31.5282,100,100
31.528,100,100
31.5278,100,100
31.5276,100,100
31.5274,100,100
31.5272,100,100
31.527,100,100
31.5268,100,100
31.5266,100,100
31.5264,100,100
31.5262,100,100
31.526,100,100
31.5258,100,100
31.5256,100,100
31.5254,100,100
31.5252,100,100
31.525,100,100
31.5248,100,100
31.5246,100,100
31.5244,100,100
31.5242,100,100
31.524,100,100
31.5238,100,100
31.5236,100,100
31.5234,100,100
31.5232,100,100
31.523,100,100
31.5228,100,100
31.5227,100,100
31.5225,100,100
31.5223,100,100
31.5221,100,100
31.5219,100,100
31.5217,100,100
31.5215,100,100
31.5213,100,100
31.5211,100,100
31.5209,100,100
31.5207,100,100
31.5205,100,100
31.5203,100,100
31.5201,100,100
31.5199,100,100
31.5197,100,100
31.5195,100,100
31.5193,100,100
31.5191,100,100
31.5189,100,100
31.5187,100,100
31.5185,100,100
31.5183,100,100
31.5181,100,100
31.5179,100,100
31.5177,100,100
31.5175,100,100
31.5173,100,100
31.5171,100,100
31.5169,100,100
31.5167,100,100
31.5165,100,100
31.5163,100,100
31.5161,100,100
31.516,100,100
31.5158,100,100
31.5156,100,100
31.5154,100,100
31.5152,100,100
31.515,100,100
31.5148,100,100
31.5146,100,100
31.5144,100,100
31.5142,100,100
31.514,100,100
31.5138,100,100
31.5136,100,100
31.5134,100,100
31.5132,100,100
31.513,100,100
31.5128,100,100
31.5126,100,100
31.5124,100,100
31.5122,100,100
31.512,100,100
31.5118,100,100
31.5116,100,100
31.5114,100,100
31.5112,100,100
31.511,100,100
31.5108,100,100
31.5106,100,100
31.5104,100,100
31.5102,100,100
31.51,100,100
31.5098,100,100
31.5096,100,100
31.5095,100,100
31.5093,100,100
31.5091,100,100
31.5089,100,100
31.5087,100,100
31.5085,100,100
31.5083,100,100
31.5081,100,100
31.5079,100,100
31.5077,100,100
31.5075,100,100
31.5073,100,100
31.5071,100,100
31.5069,100,100
31.5067,100,100
31.5065,100,100
31.5063,100,100
31.5061,100,100
31.5059,100,100
31.5057,100,100
31.5055,100,100
31.5053,100,100
31.5051,100,100
31.5049,100,100
31.5047,100,100
31.5045,100,100
31.5043,100,100
31.5041,100,100
31.5039,100,100
31.5037,100,100
31.5035,100,100
31.5033,100,100
31.5031,100,100
31.5029,100,100
31.5028,100,100
31.5026,100,100
31.5024,100,100
31.5022,100,100
31.502,100,100
31.5018,100,100
31.5016,100,100
31.5014,100,100
31.5012,100,100
31.501,100,100
31.5008,100,100
31.5006,100,100
31.5004,100,100
31.5002,100,100
31.5,100,100
31.4998,100,100
31.4996,100,100
31.4994,100,100
31.4992,100,100
31.499,100,100
31.4988,100,100
31.4986,100,100
31.4984,100,100
31.4982,100,100
31.498,100,100
31.4978,100,100
31.4976,100,100
31.4974,100,100
31.4972,100,100
31.497,100,100
31.4968,100,100
31.4966,100,100
31.4964,100,100
31.4962,100,100
31.4961,100,100
31.4959,100,100
31.4957,100,100
31.4955,100,100
31.4953,100,100
31.4951,100,100
31.4949,100,100
31.4947,100,100
31.4945,100,100
31.4943,100,100
31.4941,100,100
31.4939,100,100
31.4937,100,100
31.4935,100,100
31.4933,100,100
31.4931,100,100
31.4929,100,100
31.4927,100,100
31.4925,100,100
31.4923,100,100
31.4921,100,100
31.4919,100,100
31.4917,100,100
31.4915,100,100
31.4913,100,100
31.4911,100,100
31.4909,100,100
31.4907,100,100
31.4905,100,100
31.4903,100,100
31.4901,100,100
31.4899,100,100
31.4897,100,100
31.4896,100,100
31.4894,100,100
31.4892,100,100
31.489,100,100
31.4888,100,100
31.4886,100,100
31.4884,100,100
31.4882,100,100
31.488,100,100
31.4878,100,100
31.4876,100,100
31.4874,100,100
31.4872,100,100
31.487,100,100
31.4868,100,100
31.4866,100,100
31.4864,100,100
31.4862,100,100
31.486,100,100
31.4858,100,100
31.4856,100,100
31.4854,100,100
31.4852,100,100
31.485,100,100
31.4848,100,100
31.4846,100,100
31.4844,100,100
31.4842,100,100
31.484,100,100
31.4838,100,100
31.4836,100,100
31.4834,100,100
31.4832,100,100
31.483,100,100
31.4829,100,100
31.4827,100,100
31.4825,100,100
31.4823,100,100
31.4821,100,100
31.4819,100,100
31.4817,100,100
31.4815,100,100
31.4813,100,100
31.4811,100,100
31.4809,100,100
31.4807,100,100
31.4805,100,100
31.4803,100,100
31.4801,100,100
31.4799,100,100
31.4797,100,100
31.4795,100,100
31.4793,100,100
31.4791,100,100
31.4789,100,100
31.4787,100,100
31.4785,100,100
31.4783,100,100
31.4781,100,100
31.4779,100,100
31.4777,100,100
31.4775,100,100
31.4773,100,100
31.4771,100,100
31.4769,100,100
31.4767,100,100
31.4765,100,100
31.4763,100,100
31.4762,100,100
31.476,100,100
31.4758,100,100
31.4756,100,100
31.4754,100,100
31.4752,100,100
31.475,100,100
31.4748,100,100
31.4746,100,100
31.4744,100,100
31.4742,100,100
31.474,100,100
31.4738,100,100
31.4736,100,100
31.4734,100,100
31.4732,100,100
31.473,100,100
31.4728,100,100
31.4726,100,100
31.4724,100,100
31.4722,100,100
31.472,100,100
31.4718,100,100
31.4716,100,100
31.4714,100,100
31.4712,100,100
31.471,100,100
31.4708,100,100
31.4706,100,100
31.4704,100,100
31.4702,100,100
31.47,100,100
31.4698,100,100
31.4697,100,100
31.4695,100,100
31.4693,100,100
31.4691,100,100
31.4689,100,100
31.4687,100,100
31.4685,100,100
31.4683,100,100
31.4681,100,100
31.4679,100,100
31.4677,100,100
31.4675,100,100
31.4673,100,100
31.4671,100,100
31.4669,100,100
31.4667,100,100
31.4665,100,100
31.4663,100,100
31.4661,100,100
31.4659,100,100
31.4657,100,100
31.4655,100,100
31.4653,100,100
31.4651,100,100
31.4649,100,100
31.4647,100,100
31.4645,100,100
31.4643,100,100
31.4641,100,100
31.4639,100,100
31.4637,100,100
31.4635,100,100
31.4633,100,100
31.4631,100,100
31.463,100,100
31.4628,100,100
31.4626,100,100
31.4624,100,100
31.4622,100,100
31.462,100,100
31.4618,100,100
31.4616,100,100
31.4614,100,100
31.4612,100,100
31.461,100,100
31.4608,100,100
31.4606,100,100
31.4604,100,100
31.4602,100,100
31.46,100,100
31.4598,100,100
31.4596,100,100
31.4594,100,100
31.4592,100,100
31.459,100,100
31.4588,100,100
31.4586,100,100
31.4584,100,100
31.4582,100,100
31.458,100,100
31.4578,100,100
31.4576,100,100
31.4574,100,100
31.4572,100,100
31.457,100,100
31.4568,100,100
31.4566,100,100
31.4564,100,100
31.4563,100,100
31.4561,100,100
31.4559,100,100
31.4557,100,100
31.4555,100,100
31.4553,100,100
31.4551,100,100
31.4549,100,100
31.4547,100,100
31.4545,100,100
31.4543,100,100
31.4541,100,100
31.4539,100,100
31.4537,100,100
31.4535,100,100
31.4533,100,100
31.4531,100,100
31.4529,100,100
31.4527,100,100
31.4525,100,100
31.4523,100,100
31.4521,100,100
31.4519,100,100
31.4517,100,100
31.4515,100,100
31.4513,100,100
31.4511,100,100
31.4509,100,100
31.4507,100,100
31.4505,100,100
31.4503,100,100
31.4501,100,100
31.4499,100,100
31.4498,100,100
31.4496,100,100
31.4494,100,100
31.4492,100,100
31.449,100,100
31.4488,100,100
31.4486,100,100
31.4484,100,100
31.4482,100,100
31.448,100,100
31.4478,100,100
31.4476,100,100
31.4474,100,100
31.4472,100,100
31.447,100,100
31.4468,100,100
31.4466,100,100
31.4464,100,100
31.4462,100,100
31.446,100,100
31.4458,100,100
31.4456,100,100
31.4454,100,100
31.4452,100,100
31.445,100,100
31.4448,100,100
31.4446,100,100
31.4444,100,100
31.4442,100,100
31.444,100,100
31.4438,100,100
31.4436,100,100
31.4434,100,100
31.4432,100,100
31.4431,100,100
31.4429,100,100
31.4427,100,100
31.4425,100,100
31.4423,100,100
31.4421,100,100
31.4419,100,100
31.4417,100,100
31.4415,100,100
31.4413,100,100
31.4411,100,100
31.4409,100,100
31.4407,100,100
31.4405,100,100
31.4403,100,100
31.4401,100,100
31.4399,100,100
31.4397,100,100
31.4395,100,100
31.4393,100,100
31.4391,100,100
31.4389,100,100
31.4387,100,100
31.4385,100,100
31.4383,100,100
31.4381,100,100
31.4379,100,100
31.4377,100,100
31.4375,100,100
31.4373,100,100
31.4371,100,100
31.4369,100,100
31.4367,100,100
31.4365,100,100
31.4364,100,100
31.4362,100,100
31.436,100,100
31.4358,100,100
31.4356,100,100
31.4354,100,100
31.4352,100,100
31.435,100,100
31.4348,100,100
31.4346,100,100
31.4344,100,100
31.4342,100,100
31.434,100,100
31.4338,100,100
31.4336,100,100
31.4334,100,100
31.4332,100,100
31.433,100,100
31.4328,100,100
31.4326,100,100
31.4324,100,100
31.4322,100,100
31.432,100,100
31.4318,100,100
31.4316,100,100
31.4314,100,100
31.4312,100,100
31.431,100,100
31.4308,100,100
31.4306,100,100
31.4304,100,100
31.4302,100,100
31.4301,100,100
31.4299,100,100
31.4297,100,100
31.4295,100,100
31.4293,100,100
31.4291,100,100
31.4289,100,100
31.4287,100,100
31.4285,100,100
31.4283,100,100
31.4281,100,100
31.4279,100,100
31.4277,100,100
31.4275,100,100
31.4273,100,100
31.4271,100,100
31.4269,100,100
31.4267,100,100
31.4265,100,100
31.4263,100,100
31.4261,100,100
31.4259,100,100
31.4257,100,100
31.4255,100,100
31.4253,100,100
31.4251,100,100
31.4249,100,100
31.4247,100,100
31.4245,100,100
31.4243,100,100
31.4241,100,100
31.4239,100,100
31.4238,100,100
31.4236,100,100
31.4234,100,100
31.4232,100,100
31.423,100,100
31.4228,100,100
31.4226,100,100
31.4224,100,100
31.4222,100,100
31.422,100,100
31.4218,100,100
31.4216,100,100
31.4214,100,100
31.4212,100,100
31.421,100,100
31.4208,100,100
31.4206,100,100
31.4204,100,100
31.4202,100,100
31.42,100,100
31.4198,100,100
31.4196,100,100
31.4194,100,100
31.4192,100,100
31.419,100,100
31.4188,100,100
31.4186,100,100
31.4184,100,100
31.4182,100,100
31.418,100,100
31.4178,100,100
31.4176,100,100
31.4175,100,100
31.4173,100,100
31.4171,100,100
31.4169,100,100
31.4167,100,100
31.4165,100,100
31.4163,100,100
31.4161,100,100
31.4159,100,100
31.4157,100,100
31.4155,100,100
31.4153,100,100
31.4151,100,100
31.4149,100,100
31.4147,100,100
31.4145,100,100
31.4143,100,100
31.4141,100,100
31.4139,100,100
31.4137,100,100
31.4135,100,100
31.4133,100,100
31.4131,100,100
31.4129,100,100
31.4127,100,100
31.4125,100,100
31.4123,100,100
31.4121,100,100
31.4119,100,100
31.4118,100,100
31.4116,100,100
31.4114,100,100
31.4112,100,100
31.411,100,100
31.4108,100,100
31.4106,100,100
31.4104,100,100
31.4102,100,100
31.41,100,100
31.4098,100,100
31.4096,100,100
31.4094,100,100
31.4092,100,100
31.409,100,100
31.4088,100,100
31.4086,100,100
31.4084,100,100
31.4082,100,100
31.408,100,100
31.4078,100,100
31.4076,100,100
31.4075,100,100
31.4073,100,100
31.4071,100,100
31.4069,100,100
31.4067,100,100
31.4065,100,100
31.4063,100,100
31.4061,100,100
31.4059,100,100
31.4057,100,100
31.4055,100,100
31.4053,100,100
31.4051,100,100
31.4049,100,100
31.4047,100,100
31.4045,100,100
31.4043,100,100
31.4041,100,100
31.4039,100,100
31.4037,100,100
31.4035,100,100
31.4033,100,100
31.4032,100,100
31.403,100,100
31.4028,100,100
31.4026,100,100
31.4024,100,100
31.4022,100,100
31.402,100,100
31.4018,100,100
31.4016,100,100
31.4014,100,100
31.4012,100,100
31.401,100,100
31.4008,100,100
31.4006,100,100
31.4004,100,100
31.4002,100,100
31.4,100,100
31.3998,100,100
31.3996,100,100
31.3994,100,100
31.3992,100,100
31.3991,100,100
31.3989,100,100
31.3987,100,100
31.3985,100,100
31.3983,100,100
31.3981,100,100
31.3979,100,100
31.3977,100,100
31.3975,100,100
31.3973,100,100
31.3971,100,100
31.3969,100,100
31.3967,100,100
31.3965,100,100
31.3963,100,100
31.3961,100,100
31.3959,100,100
31.3957,100,100
31.3955,100,100
31.3953,100,100
31.3951,100,100
31.3949,100,100
31.3948,100,100
31.3946,100,100
31.3944,100,100
31.3942,100,100
31.394,100,100
31.3938,100,100
31.3936,100,100
31.3934,100,100
31.3932,100,100
31.393,100,100
31.3928,100,100
31.3926,100,100
31.3924,100,100
31.3922,100,100
31.392,100,100
31.3918,100,100
31.3916,100,100
31.3915,100,100
31.3913,100,100
31.3911,100,100
31.3909,100,100
31.3907,100,100
31.3905,100,100
31.3903,100,100
31.3901,100,100
31.3899,100,100
31.3897,100,100
31.3895,100,100
31.3893,100,100
31.3891,100,100
31.3889,100,100
31.3888,100,100
31.3886,100,100
31.3884,100,100
31.3882,100,100
31.388,100,100
31.3878,100,100
31.3876,100,100
31.3874,100,100
31.3872,100,100
31.387,100,100
31.3868,100,100
31.3866,100,100
31.3864,100,100
31.3862,100,100
31.386,100,100
31.3859,100,100
31.3857,100,100
31.3855,100,100
31.3853,100,100
31.3851,100,100
31.3849,100,100
31.3847,100,100
31.3845,100,100
31.3843,100,100
31.3841,100,100
31.3839,100,100
31.3837,100,100
31.3835,100,100
31.3833,100,100
31.3832,100,100
31.383,100,100
31.3828,100,100
31.3826,100,100
31.3824,100,100
31.3822,100,100
31.382,100,100
31.3818,100,100
31.3816,100,100
31.3814,100,100
31.3812,100,100
31.381,100,100
31.3808,100,100
31.3806,100,100
31.3805,100,100
31.3803,100,100
31.3801,100,100
31.3799,100,100
31.3797,100,100
31.3795,100,100
31.3793,100,100
31.3791,100,100
31.3789,100,100
31.3787,100,100
31.3785,100,100
31.3783,100,100
31.3781,100,100
31.3779,100,100
31.3777,100,100
31.3776,100,100
31.3774,100,100
31.3772,100,100
31.377,100,100
31.3768,100,100
31.3766,100,100
31.3764,100,100
31.3762,100,100
31.376,100,100
31.3758,100,100
31.3756,100,100
31.3754,100,100
31.3752,100,100
31.375,100,100
31.3749,100,100
31.3747,100,100
31.3745,100,100
31.3743,100,100
31.3741,100,100
31.3739,100,100
31.3737,100,100
31.3735,100,100
31.3733,100,100
31.3731,100,100
31.3729,100,100
31.3727,100,100
31.3725,100,100
31.3723,100,100
31.3721,100,100
31.3719,100,100
31.3717,100,100
31.3715,100,100
31.3713,100,100
31.3711,100,100
31.371,100,100
31.3708,100,100
31.3706,100,100
31.3704,100,100
31.3702,100,100
31.37,100,100
31.3698,100,100
31.3696,100,100
31.3694,100,100
31.3692,100,100
31.369,100,100
31.3688,100,100
31.3686,100,100
31.3684,100,100
31.3682,100,100
31.368,100,100
31.3678,100,100
31.3676,100,100
31.3674,100,100
31.3672,100,100
31.367,100,100
31.3668,100,100
31.3666,100,100
31.3664,100,100
31.3663,100,100
31.3661,100,100
31.3659,100,100
31.3657,100,100
31.3655,100,100
31.3653,100,100
31.3651,100,100
31.3649,100,100
31.3647,100,100
31.3645,100,100
31.3643,100,100
31.3641,100,100
31.3639,100,100
31.3637,100,100
31.3635,100,100
31.3633,100,100
31.3631,100,100
31.3629,100,100
31.3627,100,100
31.3625,100,100
31.3623,100,100
31.3621,100,100
31.3619,100,100
31.3617,100,100
31.3616,100,100
31.3614,100,100
31.3612,100,100
31.361,100,100
31.3608,100,100
31.3606,100,100
31.3604,100,100
31.3602,100,100
31.36,100,100
31.3598,100,100
31.3596,100,100
31.3594,100,100
31.3592,100,100
31.359,100,100
31.3588,100,100
31.3586,100,100
31.3584,100,100
31.3582,100,100
31.358,100,100
31.3578,100,100
31.3576,100,100
31.3574,100,100
31.3572,100,100
31.357,100,100
31.3569,100,100
31.3567,100,100
31.3565,100,100
31.3563,100,100
31.3561,100,100
31.3559,100,100
31.3557,100,100
31.3555,100,100
31.3553,100,100
31.3551,100,100
31.3549,100,100
31.3547,100,100
31.3545,100,100
31.3543,100,100
31.3541,100,100
31.3539,100,100
31.3537,100,100
31.3535,100,100
31.3533,100,100
31.3531,100,100
31.3529,100,100
31.3527,100,100
31.3525,100,100
31.3523,100,100
31.3521,100,100
31.352,100,100
31.3518,100,100
31.3516,100,100
31.3514,100,100
31.3512,100,100
31.351,100,100
31.3508,100,100
31.3506,100,100
31.3504,100,100
31.3502,100,100
31.35,100,100
31.3498,100,100
31.3496,100,100
31.3494,100,100
31.3492,100,100
31.349,100,100
31.3488,100,100
31.3486,100,100
31.3484,100,100
31.3482,100,100
31.348,100,100
31.3478,100,100
31.3476,100,100
31.3474,100,100
31.3473,100,100
31.3471,100,100
31.3469,100,100
31.3467,100,100
31.3465,100,100
31.3463,100,100
31.3461,100,100
31.3459,100,100
31.3457,100,100
31.3455,100,100
31.3453,100,100
31.3451,100,100
31.3449,100,100
31.3447,100,100
31.3445,100,100
31.3443,100,100
31.3441,100,100
31.3439,100,100
31.3437,100,100
31.3435,100,100
31.3433,100,100
31.3431,100,100
31.3429,100,100
31.3427,100,100
31.3426,100,100
31.3424,100,100
31.3422,100,100
31.342,100,100
31.3418,100,100
31.3416,100,100
31.3414,100,100
31.3412,100,100
31.341,100,100
31.3408,100,100
31.3406,100,100
31.3404,100,100
31.3402,100,100
31.34,100,100
31.3398,100,100
31.3396,100,100
31.3394,100,100
31.3392,100,100
31.339,100,100
31.3388,100,100
31.3386,100,100
31.3384,100,100
31.3382,100,100
31.338,100,100
31.3379,100,100
31.3377,100,100
31.3375,100,100
31.3373,100,100
31.3371,100,100
31.3369,100,100
31.3367,100,100
31.3365,100,100
31.3363,100,100
31.3361,100,100
31.3359,100,100
31.3357,100,100
31.3355,100,100
31.3353,100,100
31.3351,100,100
31.3349,100,100
31.3347,100,100
31.3345,100,100
31.3343,100,100
31.3341,100,100
31.3339,100,100
31.3338,100,100
31.3336,100,100
31.3334,100,100
31.3332,100,100
31.333,100,100
31.3328,100,100
31.3326,100,100
31.3324,100,100
31.3322,100,100
31.332,100,100
31.3318,100,100
31.3316,100,100
31.3314,100,100
31.3313,100,100
31.3311,100,100
31.3309,100,100
31.3307,100,100
31.3305,100,100
31.3303,100,100
31.3301,100,100
31.3299,100,100
31.3297,100,100
31.3295,100,100
31.3293,100,100
31.3291,100,100
31.3289,100,100
31.3288,100,100
31.3286,100,100
31.3284,100,100
31.3282,100,100
31.328,100,100
31.3278,100,100
31.3276,100,100
31.3274,100,100
31.3272,100,100
31.327,100,100
31.3268,100,100
31.3266,100,100
31.3264,100,100
31.3263,100,100
31.3261,100,100
31.3259,100,100
31.3257,100,100
31.3255,100,100
31.3253,100,100
31.3251,100,100
31.3249,100,100
31.3247,100,100
31.3245,100,100
31.3243,100,100
31.3241,100,100
31.3239,100,100
31.3237,100,100
31.3236,100,100
31.3234,100,100
31.3232,100,100
31.323,100,100
31.3228,100,100
31.3226,100,100
31.3224,100,100
31.3222,100,100
31.322,100,100
31.3218,100,100
31.3216,100,100
31.3214,100,100
31.3212,100,100
31.3211,100,100
31.3209,100,100
31.3207,100,100
31.3205,100,100
31.3203,100,100
31.3201,100,100
31.3199,100,100
31.3197,100,100
31.3195,100,100
31.3193,100,100
31.3191,100,100
31.3189,100,100
31.3187,100,100
31.3186,100,100
31.3184,100,100
31.3182,100,100
31.318,100,100
31.3178,100,100
31.3176,100,100
31.3174,100,100
31.3172,100,100
31.317,100,100
31.3168,100,100
31.3166,100,100
31.3164,100,100
31.3162,100,100
31.3161,100,100
31.3159,100,100
31.3157,100,100
31.3155,100,100
31.3153,100,100
31.3151,100,100
31.3149,100,100
31.3147,100,100
31.3145,100,100
31.3143,100,100
31.3141,100,100
31.3139,100,100
31.3137,100,100
31.3135,100,100
31.3133,100,100
31.3131,100,100
31.313,100,100
31.3128,100,100
31.3126,100,100
31.3124,100,100
31.3122,100,100
31.312,100,100
31.3118,100,100
31.3116,100,100
31.3114,100,100
31.3112,100,100
31.311,100,100
31.3108,100,100
31.3106,100,100
31.3104,100,100
31.3102,100,100
31.31,100,100
31.3098,100,100
31.3097,100,100
31.3095,100,100
31.3093,100,100
31.3091,100,100
31.3089,100,100
31.3087,100,100
31.3085,100,100
31.3083,100,100
31.3081,100,100
31.3079,100,100
31.3077,100,100
31.3075,100,100
31.3073,100,100
31.3071,100,100
31.3069,100,100
31.3067,100,100
31.3065,100,100
31.3064,100,100
31.3062,100,100
31.306,100,100
31.3058,100,100
31.3056,100,100
31.3054,100,100
31.3052,100,100
31.305,100,100
31.3048,100,100
31.3046,100,100
31.3044,100,100
31.3042,100,100
31.304,100,100
31.3038,100,100
31.3036,100,100
31.3034,100,100
31.3033,100,100
31.3031,100,100
31.3029,100,100
31.3027,100,100
31.3025,100,100
31.3023,100,100
31.3021,100,100
31.3019,100,100
31.3017,100,100
31.3015,100,100
31.3013,100,100
31.3011,100,100
31.3009,100,100
31.3007,100,100
31.3005,100,100
31.3003,100,100
31.3001,100,100
31.3,100,100
31.2998,100,100
31.2996,100,100
31.2994,100,100
31.2992,100,100
31.299,100,100
31.2988,100,100
31.2986,100,100
31.2984,100,100
31.2982,100,100
31.298,100,100
31.2978,100,100
31.2976,100,100
31.2974,100,100
31.2972,100,100
31.297,100,100
31.2968,100,100
31.2967,100,100
31.2965,100,100
31.2963,100,100
31.2961,100,100
31.2959,100,100
31.2957,100,100
31.2955,100,100
31.2953,100,100
31.2951,100,100
31.2949,100,100
31.2947,100,100
31.2945,100,100
31.2943,100,100
31.2941,100,100
31.2939,100,100
31.2937,100,100
31.2935,100,100
31.2933,100,100
31.2931,100,100
31.2929,100,100
31.2927,100,100
31.2925,100,100
31.2923,100,100
31.2921,100,100
31.2919,100,100
31.2917,100,100
31.2915,100,100
31.2914,100,100
31.2912,100,100
31.291,100,100
31.2908,100,100
31.2906,100,100
31.2904,100,100
31.2902,100,100
31.29,100,100
31.2898,100,100
31.2896,100,100
31.2894,100,100
31.2892,100,100
31.289,100,100
31.2888,100,100
31.2886,100,100
31.2884,100,100
31.2882,100,100
31.288,100,100
31.2878,100,100
31.2876,100,100
31.2874,100,100
31.2872,100,100
31.287,100,100
31.2868,100,100
31.2866,100,100
31.2864,100,100
31.2862,100,100
31.286,100,100
31.2858,100,100
31.2856,100,100
31.2855,100,100
31.2853,100,100
31.2851,100,100
31.2849,100,100
31.2847,100,100
31.2845,100,100
31.2843,100,100
31.2841,100,100
31.2839,100,100
31.2837,100,100
31.2835,100,100
31.2833,100,100
31.2831,100,100
31.2829,100,100
31.2827,100,100
31.2825,100,100
31.2823,100,100
31.2821,100,100
31.2819,100,100
31.2817,100,100
31.2815,100,100
31.2813,100,100
31.2811,100,100
31.2809,100,100
31.2807,100,100
31.2805,100,100
31.2803,100,100
31.2801,100,100
31.2799,100,100
31.2797,100,100
31.2796,100,100
31.2794,100,100
31.2792,100,100
31.279,100,100
31.2788,100,100
31.2786,100,100
31.2784,100,100
31.2782,100,100
31.278,100,100
31.2778,100,100
31.2776,100,100
31.2774,100,100
31.2772,100,100
31.277,100,100
31.2768,100,100
31.2766,100,100
31.2764,100,100
31.2762,100,100
31.276,100,100
31.2758,100,100
31.2756,100,100
31.2754,100,100
31.2752,100,100
31.275,100,100
31.2748,100,100
31.2746,100,100
31.2744,100,100
31.2742,100,100
31.274,100,100
31.2738,100,100
31.2736,100,100
31.2734,100,100
31.2732,100,100
31.273,100,100
31.2728,100,100
31.2726,100,100
31.2724,100,100
31.2722,100,100
31.272,100,100
31.2718,100,100
31.2716,100,100
31.2714,100,100
31.2712,100,100
31.271,100,100
31.2708,100,100
31.2706,100,100
31.2704,100,100
31.2702,100,100
31.27,100,100
31.2698,100,100
31.2696,100,100
31.2694,100,100
31.2692,100,100
31.269,100,100
31.2688,100,100
31.2686,100,100
31.2684,100,100
31.2682,100,100
31.268,100,100
31.2678,100,100
31.2676,100,100
31.2674,100,100
31.2672,100,100
31.267,100,100
31.2668,100,100
31.2666,100,100
31.2664,100,100
31.2662,100,100
31.266,100,100
31.2658,100,100
31.2656,100,100
31.2654,100,100
31.2652,100,100
31.265,100,100
31.2648,100,100
31.2646,100,100
31.2644,100,100
31.2642,100,100
31.264,100,100
31.2638,100,100
31.2636,100,100
31.2634,100,100
31.2632,100,100
31.263,100,100
31.2628,100,100
31.2626,100,100
31.2624,100,100
31.2622,100,100
31.262,100,100
31.2618,100,100
31.2616,100,100
31.2614,100,100
31.2612,100,100
31.261,100,100
31.2609,100,100
31.2607,100,100
31.2605,100,100
31.2603,100,100
31.2601,100,100
31.2599,100,100
31.2597,100,100
31.2595,100,100
31.2593,100,100
31.2591,100,100
31.2589,100,100
31.2587,100,100
31.2585,100,100
31.2583,100,100
31.2581,100,100
31.2579,100,100
31.2577,100,100
31.2575,100,100
31.2573,100,100
31.2571,100,100
31.2569,100,100
31.2567,100,100
31.2565,100,100
31.2563,100,100
31.2561,100,100
31.2559,100,100
31.2557,100,100
31.2555,100,100
31.2553,100,100
31.2551,100,100
31.2549,100,100
31.2547,100,100
31.2545,100,100
31.2543,100,100
31.2541,100,100
31.2539,100,100
31.2537,100,100
31.2535,100,100
31.2533,100,100
31.2531,100,100
31.2529,100,100
31.2527,100,100
31.2525,100,100
31.2523,100,100
31.2521,100,100
31.2519,100,100
31.2517,100,100
31.2515,100,100
31.2513,100,100
31.2511,100,100
31.2509,100,100
31.2507,100,100
31.2506,100,100
31.2504,100,100
31.2502,100,100
31.25,100,100
31.2498,100,100
31.2496,100,100
31.2494,100,100
31.2492,100,100
31.249,100,100
31.2488,100,100
31.2486,100,100
31.2484,100,100
31.2482,100,100
31.248,100,100
31.2478,100,100
31.2476,100,100
31.2474,100,100
31.2472,100,100
31.247,100,100
31.2468,100,100
31.2466,100,100
31.2464,100,100
31.2462,100,100
31.246,100,100
31.2458,100,100
31.2456,100,100
31.2454,100,100
31.2452,100,100
31.245,100,100
31.2448,100,100
31.2446,100,100
31.2444,100,100
31.2442,100,100
31.2441,100,100
31.2439,100,100
31.2437,100,100
31.2435,100,100
31.2433,100,100
31.2431,100,100
31.2429,100,100
31.2427,100,100
31.2425,100,100
31.2423,100,100
31.2421,100,100
31.2419,100,100
31.2417,100,100
31.2415,100,100
31.2413,100,100
31.2411,100,100
31.2409,100,100
31.2407,100,100
31.2405,100,100
31.2403,100,100
31.2401,100,100
31.2399,100,100
31.2397,100,100
31.2395,100,100
31.2393,100,100
31.2391,100,100
31.2389,100,100
31.2387,100,100
31.2385,100,100
31.2383,100,100
31.2381,100,100
31.2379,100,100
31.2377,100,100
31.2375,100,100
31.2374,100,100
31.2372,100,100
31.237,100,100
31.2368,100,100
31.2366,100,100
31.2364,100,100
31.2362,100,100
31.236,100,100
31.2358,100,100
31.2356,100,100
31.2354,100,100
31.2352,100,100
31.235,100,100
31.2348,100,100
31.2346,100,100
31.2344,100,100
31.2342,100,100
31.234,100,100
31.2338,100,100
31.2336,100,100
31.2334,100,100
31.2332,100,100
31.233,100,100
31.2328,100,100
31.2326,100,100
31.2324,100,100
31.2322,100,100
31.232,100,100
31.2318,100,100
31.2316,100,100
31.2314,100,100
31.2312,100,100
31.231,100,100
31.2308,100,100
31.2307,100,100
31.2305,100,100
31.2303,100,100
31.2301,100,100
31.2299,100,100
31.2297,100,100
31.2295,100,100
31.2293,100,100
31.2291,100,100
31.2289,100,100
31.2287,100,100
31.2285,100,100
31.2283,100,100
31.2281,100,100
31.2279,100,100
31.2277,100,100
31.2275,100,100
31.2273,100,100
31.2271,100,100
31.2269,100,100
31.2267,100,100
31.2265,100,100
31.2263,100,100
31.2261,100,100
31.2259,100,100
31.2257,100,100
31.2255,100,100
31.2253,100,100
31.2251,100,100
31.2249,100,100
31.2247,100,100
31.2245,100,100
31.2243,100,100
31.2242,100,100
31.224,100,100
31.2238,100,100
31.2236,100,100
31.2234,100,100
31.2232,100,100
31.223,100,100
31.2228,100,100
31.2226,100,100
31.2224,100,100
31.2222,100,100
31.222,100,100
31.2218,100,100
31.2216,100,100
31.2214,100,100
31.2212,100,100
31.221,100,100
31.2208,100,100
31.2206,100,100
31.2204,100,100
31.2202,100,100
31.22,100,100
31.2198,100,100
31.2196,100,100
31.2194,100,100
31.2192,100,100
31.219,100,100
31.2188,100,100
31.2186,100,100
31.2184,100,100
31.2182,100,100
31.218,100,100
31.2178,100,100
31.2176,100,100
31.2175,100,100
31.2173,100,100
31.2171,100,100
31.2169,100,100
31.2167,100,100
31.2165,100,100
31.2163,100,100
31.2161,100,100
31.2159,100,100
31.2157,100,100
31.2155,100,100
31.2153,100,100
31.2151,100,100
31.2149,100,100
31.2147,100,100
31.2145,100,100
31.2143,100,100
31.2141,100,100
31.2139,100,100
31.2137,100,100
31.2135,100,100
31.2133,100,100
31.2131,100,100
31.2129,100,100
31.2127,100,100
31.2125,100,100
31.2123,100,100
31.2121,100,100
31.2119,100,100
31.2117,100,100
31.2115,100,100
31.2113,100,100
31.2111,100,100
31.2109,100,100
31.2107,100,100
31.2105,100,100
31.2103,100,100
31.2101,100,100
31.2099,100,100
31.2097,100,100
31.2095,100,100
31.2093,100,100
31.2091,100,100
31.2089,100,100
31.2087,100,100
31.2085,100,100
31.2083,100,100
31.2081,100,100
31.2079,100,100
31.2077,100,100
31.2075,100,100
31.2073,100,100
31.2071,100,100
31.2069,100,100
31.2067,100,100
31.2065,100,100
31.2063,100,100
31.2061,100,100
31.2059,100,100
31.2057,100,100
31.2055,100,100
31.2053,100,100
31.2051,100,100
31.2049,100,100
31.2047,100,100
31.2045,100,100
31.2043,100,100
31.2041,100,100
31.2039,100,100
31.2037,100,100
31.2035,100,100
31.2033,100,100
31.2031,100,100
31.2029,100,100
31.2027,100,100
31.2025,100,100
31.2023,100,100
31.2021,100,100
31.2019,100,100
31.2017,100,100
31.2015,100,100
31.2013,100,100
31.2011,100,100
31.2009,100,100
31.2007,100,100
31.2005,100,100
31.2003,100,100
31.2001,100,100
31.1999,100,100
31.1997,100,100
31.1995,100,100
31.1993,100,100
31.1991,100,100
31.1989,100,100
31.1987,100,100
31.1985,100,100
31.1983,100,100
31.1981,100,100
31.1979,100,100
31.1977,100,100
31.1975,100,100
31.1973,100,100
31.1971,100,100
31.1969,100,100
31.1967,100,100
31.1966,100,100
31.1964,100,100
31.1962,100,100
31.196,100,100
31.1958,100,100
31.1956,100,100
31.1954,100,100
31.1952,100,100
31.195,100,100
31.1948,100,100
31.1946,100,100
31.1944,100,100
31.1942,100,100
31.194,100,100
31.1938,100,100
31.1936,100,100
31.1934,100,100
31.1932,100,100
31.193,100,100
31.1928,100,100
31.1926,100,100
31.1924,100,100
31.1922,100,100
31.192,100,100
31.1918,100,100
31.1916,100,100
31.1914,100,100
31.1912,100,100
31.191,100,100
31.1908,100,100
31.1906,100,100
31.1904,100,100
31.1902,100,100
31.1901,100,100
31.1899,100,100
31.1897,100,100
31.1895,100,100
31.1893,100,100
31.1891,100,100
31.1889,100,100
31.1887,100,100
31.1885,100,100
31.1883,100,100
31.1881,100,100
31.1879,100,100
31.1877,100,100
31.1875,100,100
31.1873,100,100
31.1871,100,100
31.1869,100,100
31.1867,100,100
31.1865,100,100
31.1863,100,100
31.1861,100,100
31.1859,100,100
31.1857,100,100
31.1855,100,100
31.1853,100,100
31.1851,100,100
31.1849,100,100
31.1847,100,100
31.1845,100,100
31.1843,100,100
31.1841,100,100
31.1839,100,100
31.1837,100,100
31.1835,100,100
31.1834,100,100
31.1832,100,100
31.183,100,100
31.1828,100,100
31.1826,100,100
31.1824,100,100
31.1822,100,100
31.182,100,100
31.1818,100,100
31.1816,100,100
31.1814,100,100
31.1812,100,100
31.181,100,100
31.1808,100,100
31.1806,100,100
31.1804,100,100
31.1802,100,100
31.18,100,100
31.1798,100,100
31.1796,100,100
31.1794,100,100
31.1792,100,100
31.179,100,100
31.1788,100,100
31.1786,100,100
31.1784,100,100
31.1782,100,100
31.178,100,100
31.1778,100,100
31.1776,100,100
31.1774,100,100
31.1772,100,100
31.177,100,100
31.1768,100,100
31.1767,100,100
31.1765,100,100
31.1763,100,100
31.1761,100,100
31.1759,100,100
31.1757,100,100
31.1755,100,100
31.1753,100,100
31.1751,100,100
31.1749,100,100
31.1747,100,100
31.1745,100,100
31.1743,100,100
31.1741,100,100
31.1739,100,100
31.1737,100,100
31.1735,100,100
31.1733,100,100
31.1731,100,100
31.1729,100,100
31.1727,100,100
31.1725,100,100
31.1723,100,100
31.1721,100,100
31.1719,100,100
31.1717,100,100
31.1715,100,100
31.1713,100,100
31.1711,100,100
31.1709,100,100
31.1707,100,100
31.1705,100,100
31.1703,100,100
31.1702,100,100
31.17,100,100
31.1698,100,100
31.1696,100,100
31.1694,100,100
31.1692,100,100
31.169,100,100
31.1688,100,100
31.1686,100,100
31.1684,100,100
31.1682,100,100
31.168,100,100
31.1678,100,100
31.1676,100,100
31.1674,100,100
31.1672,100,100
31.167,100,100
31.1668,100,100
31.1666,100,100
31.1664,100,100
31.1662,100,100
31.166,100,100
31.1658,100,100
31.1656,100,100
31.1654,100,100
31.1652,100,100
31.165,100,100
31.1648,100,100
31.1646,100,100
31.1644,100,100
31.1642,100,100
31.164,100,100
31.1638,100,100
31.1636,100,100
31.1635,100,100
31.1633,100,100
31.1631,100,100
31.1629,100,100
31.1627,100,100
31.1625,100,100
31.1623,100,100
31.1621,100,100
31.1619,100,100
31.1617,100,100
31.1615,100,100
31.1613,100,100
31.1611,100,100
31.1609,100,100
31.1607,100,100
31.1605,100,100
31.1603,100,100
31.1601,100,100
31.1599,100,100
31.1597,100,100
31.1595,100,100
31.1593,100,100
31.1591,100,100
31.1589,100,100
31.1587,100,100
31.1585,100,100
31.1583,100,100
31.1581,100,100
31.1579,100,100
31.1577,100,100
31.1575,100,100
31.1573,100,100
31.1571,100,100
31.1569,100,100
31.1567,100,100
31.1565,100,100
31.1563,100,100
31.1561,100,100
31.1559,100,100
31.1557,100,100
31.1555,100,100
31.1553,100,100
31.1551,100,100
31.1549,100,100
31.1547,100,100
31.1545,100,100
31.1543,100,100
31.1541,100,100
31.1539,100,100
31.1537,100,100
31.1535,100,100
31.1533,100,100
31.1531,100,100
31.1529,100,100
31.1527,100,100
31.1525,100,100
31.1523,100,100
31.1521,100,100
31.1519,100,100
31.1517,100,100
31.1515,100,100
31.1513,100,100
31.1511,100,100
31.1509,100,100
31.1507,100,100
31.1505,100,100
31.1503,100,100
31.1501,100,100
31.1499,100,100
31.1497,100,100
31.1495,100,100
31.1493,100,100
31.1491,100,100
31.1489,100,100
31.1487,100,100
31.1485,100,100
31.1483,100,100
31.1481,100,100
31.1479,100,100
31.1477,100,100
31.1475,100,100
31.1473,100,100
31.147,100,100
31.1468,100,100
31.1466,100,100
31.1464,100,100
31.1462,100,100
31.146,100,100
31.1458,100,100
31.1456,100,100
31.1454,100,100
31.1452,100,100
31.145,100,100
31.1448,100,100
31.1446,100,100
31.1444,100,100
31.1442,100,100
31.144,100,100
31.1438,100,100
31.1436,100,100
31.1434,100,100
31.1432,100,100
31.143,100,100
31.1428,100,100
31.1426,100,100
31.1424,100,100
31.1422,100,100
31.142,100,100
31.1418,100,100
31.1416,100,100
31.1414,100,100
31.1412,100,100
31.141,100,100
31.1408,100,100
31.1406,100,100
31.1404,100,100
31.1402,100,100
31.14,100,100
31.1398,100,100
31.1396,100,100
31.1394,100,100
31.1392,100,100
31.139,100,100
31.1388,100,100
31.1386,100,100
31.1384,100,100
31.1382,100,100
31.138,100,100
31.1378,100,100
31.1376,100,100
31.1374,100,100
31.1371,100,100
31.1369,100,100
31.1367,100,100
31.1365,100,100
31.1363,100,100
31.1361,100,100
31.1359,100,100
31.1357,100,100
31.1355,100,100
31.1352,100,100
31.135,100,100
31.1348,100,100
31.1346,100,100
31.1344,100,100
31.1342,100,100
31.134,100,100
31.1338,100,100
31.1335,100,100
31.1333,100,100
31.1331,100,100
31.1329,100,100
31.1327,100,100
31.1325,100,100
31.1323,100,100
31.1321,100,100
31.1319,100,100
31.1316,100,100
31.1314,100,100
31.1312,100,100
31.131,100,100
31.1308,100,100
31.1306,100,100
31.1304,100,100
31.1302,100,100
31.1299,100,100
31.1297,100,100
31.1295,100,100
31.1293,100,100
31.1291,100,100
31.1289,100,100
31.1287,100,100
31.1285,100,100
31.1283,100,100
31.128,100,100
31.1278,100,100
31.1276,100,100
31.1274,100,100
31.1272,100,100
31.127,100,100
31.1268,100,100
31.1266,100,100
31.1263,100,100
31.1261,100,100
31.1259,100,100
31.1257,100,100
31.1255,100,100
31.1253,100,100
31.1251,100,100
31.1249,100,100
31.1247,100,100
31.1244,100,100
31.1242,100,100
31.124,100,100
31.1238,100,100
31.1236,100,100
31.1234,100,100
31.1232,100,100
31.123,100,100
31.1227,100,100
31.1225,100,100
31.1223,100,100
31.1221,100,100
31.1219,100,100
31.1217,100,100
31.1215,100,100
31.1213,100,100
31.1211,100,100
31.1208,100,100
31.1206,100,100
31.1204,100,100
31.1202,100,100
31.12,100,100
31.1198,100,100
31.1196,100,100
31.1194,100,100
31.1191,100,100
31.1189,100,100
31.1187,100,100
31.1185,100,100
31.1183,100,100
31.1181,100,100
31.1179,100,100
31.1177,100,100
31.1175,100,100
31.1172,100,100
31.117,100,100
31.1168,100,100
31.1166,100,100
31.1164,100,100
31.1162,100,100
31.116,100,100
31.1158,100,100
31.1155,100,100
31.1153,100,100
31.1151,100,100
31.1149,100,100
31.1147,100,100
31.1145,100,100
31.1143,100,100
31.1141,100,100
31.1138,100,100
31.1136,100,100
31.1134,100,100
31.1132,100,100
31.113,100,100
31.1128,100,100
31.1126,100,100
31.1124,100,100
31.1121,100,100
31.1119,100,100
31.1117,100,100
31.1115,100,100
31.1113,100,100
31.1111,100,100
31.1109,100,100
31.1107,100,100
31.1104,100,100
31.1102,100,100
31.11,100,100
31.1098,100,100
31.1096,100,100
31.1094,100,100
31.1092,100,100
31.109,100,100
31.1087,100,100
31.1085,100,100
31.1083,100,100
31.1081,100,100
31.1079,100,100
31.1077,100,100
31.1075,100,100
31.1073,100,100
31.107,100,100
31.1068,100,100
31.1066,100,100
31.1064,100,100
31.1062,100,100
31.106,100,100
31.1058,100,100
31.1056,100,100
31.1053,100,100
31.1051,100,100
31.1049,100,100
31.1047,100,100
31.1045,100,100
31.1043,100,100
31.1041,100,100
31.1039,100,100
31.1036,100,100
31.1034,100,100
31.1032,100,100
31.103,100,100
31.1028,100,100
31.1026,100,100
31.1024,100,100
31.1022,100,100
31.1019,100,100
31.1017,100,100
31.1015,100,100
31.1013,100,100
31.1011,100,100
31.1009,100,100
31.1007,100,100
31.1005,100,100
31.1002,100,100
31.1,100,100
31.0998,100,100
31.0996,100,100
31.0994,100,100
31.0992,100,100
31.099,100,100
31.0988,100,100
31.0985,100,100
31.0983,100,100
31.0981,100,100
31.0979,100,100
31.0977,100,100
31.0975,100,100
31.0973,100,100
31.0971,100,100
31.0968,100,100
31.0966,100,100
31.0964,100,100
31.0962,100,100
31.096,100,100
31.0958,100,100
31.0956,100,100
31.0954,100,100
31.0951,100,100
31.0949,100,100
31.0947,100,100
31.0944,100,100
31.0942,100,100
31.094,100,100
31.0937,100,100
31.0935,100,100
31.0932,100,100
31.093,100,100
31.0928,100,100
31.0925,100,100
31.0923,100,100
31.092,100,100
31.0918,100,100
31.0916,100,100
31.0913,100,100
31.0911,100,100
31.0909,100,100
31.0906,100,100
31.0904,100,100
31.0901,100,100
31.0899,100,100
31.0897,100,100
31.0894,100,100
31.0892,100,100
31.089,100,100
31.0887,100,100
31.0885,100,100
31.0882,100,100
31.088,100,100
31.0878,100,100
31.0875,100,100
31.0873,100,100
31.087,100,100
31.0868,100,100
31.0866,100,100
31.0863,100,100
31.0861,100,100
31.0859,100,100
31.0856,100,100
31.0854,100,100
31.0851,100,100
31.0849,100,100
31.0847,100,100
31.0844,100,100
31.0842,100,100
31.084,100,100
31.0837,100,100
31.0835,100,100
31.0832,100,100
31.083,100,100
31.0828,100,100
31.0825,100,100
31.0823,100,100
31.0821,100,100
31.0818,100,100
31.0816,100,100
31.0813,100,100
31.0811,100,100
31.0809,100,100
31.0806,100,100
31.0804,100,100
31.0801,100,100
31.0799,100,100
31.0797,100,100
31.0794,100,100
31.0792,100,100
31.079,100,100
31.0787,100,100
31.0785,100,100
31.0782,100,100
31.078,100,100
31.0778,100,100
31.0775,100,100
31.0773,100,100
31.0771,100,100
31.0768,100,100
31.0766,100,100
31.0763,100,100
31.0761,100,100
31.0759,100,100
31.0756,100,100
31.0754,100,100
31.0751,100,100
31.0749,100,100
31.0747,100,100
31.0744,100,100
31.0742,100,100
31.074,100,100
31.0737,100,100
31.0735,100,100
31.0732,100,100
31.073,100,100
31.0728,100,100
31.0725,100,100
31.0723,100,100
31.0721,100,100
31.0718,100,100
31.0716,100,100
31.0713,100,100
31.0711,100,100
31.0708,100,100
31.0705,100,100
31.0702,100,100
31.0699,100,100
31.0696,100,100
31.0693,100,100
31.069,100,100
31.0687,100,100
31.0684,100,100
31.0682,100,100
31.0679,100,100
31.0676,100,100
31.0673,100,100
31.067,100,100
31.0667,100,100
31.0664,100,100
31.0661,100,100
31.0658,100,100
31.0656,100,100
31.0653,100,100
31.065,100,100
31.0647,100,100
31.0644,100,100
31.0641,100,100
31.0638,100,100
31.0635,100,100
31.0632,100,100
31.0629,100,100
31.0627,100,100
31.0624,100,100
31.0621,100,100
31.0618,100,100
31.0615,100,100
31.0612,100,100
31.0609,100,100
31.0606,100,100
31.0603,100,100
31.06,100,100
31.0598,100,100
31.0595,100,100
31.0592,100,100
31.0589,100,100
31.0586,100,100
31.0583,100,100
31.058,100,100
31.0577,100,100
31.0574,100,100
31.0572,100,100
31.0569,100,100
31.0566,100,100
31.0563,100,100
31.056,100,100
31.0557,100,100
31.0554,100,100
31.0551,100,100
31.0548,100,100
31.0545,100,100
31.0543,100,100
31.054,100,100
31.0537,100,100
31.0534,100,100
31.0531,100,100
31.0528,100,100
31.0525,100,100
31.0522,100,100
31.0519,100,100
31.0516,100,100
31.0514,100,100
31.0511,100,100
31.0508,100,100
31.0505,100,100
31.0502,100,100
31.0499,100,100
31.0496,100,100
31.0493,100,100
31.049,100,100
31.0488,100,100
31.0485,100,100
31.0482,100,100
31.0479,100,100
31.0476,100,100
31.0473,100,100
31.047,100,100
31.0467,100,100
31.0464,100,100
31.0461,100,100
31.0459,100,100
31.0456,100,100
31.0453,100,100
31.045,100,100
31.0447,100,100
31.0444,100,100
31.0441,100,100
31.0438,100,100
31.0435,100,100
31.0432,100,100
31.043,100,100
31.0427,100,100
31.0424,100,100
31.0421,100,100
31.0417,100,100
31.0414,100,100
31.0411,100,100
31.0407,100,100
31.0404,100,100
31.0401,100,100
31.0397,100,100
31.0394,100,100
31.0391,100,100
31.0387,100,100
31.0384,100,100
31.0381,100,100
31.0378,100,100
31.0374,100,100
31.0371,100,100
31.0368,100,100
31.0364,100,100
31.0361,100,100
31.0358,100,100
31.0354,100,100
31.0351,100,100
31.0348,100,100
31.0344,100,100
31.0341,100,100
31.0338,100,100
31.0335,100,100
31.0331,100,100
31.0328,100,100
31.0325,100,100
31.0321,100,100
31.0318,100,100
31.0315,100,100
31.0311,100,100
31.0308,100,100
31.0305,100,100
31.0301,100,100
31.0298,100,100
31.0295,100,100
31.0292,100,100
31.0288,100,100
31.0285,100,100
31.0282,100,100
31.0278,100,100
31.0275,100,100
31.0272,100,100
31.0268,100,100
31.0265,100,100
31.0262,100,100
31.0258,100,100
31.0255,100,100
31.0252,100,100
31.0248,100,100
31.0245,100,100
31.0242,100,100
31.0239,100,100
31.0235,100,100
31.0232,100,100
31.0229,100,100
31.0225,100,100
31.0222,100,100
31.0219,100,100
31.0215,100,100
31.0212,100,100
31.0209,100,100
31.0205,100,100
31.0202,100,100
31.0199,100,100
31.0196,100,100
31.0192,100,100
31.0189,100,100
31.0186,100,100
31.0182,100,100
31.0179,100,100
31.0176,100,100
31.0172,100,100
31.0169,100,100
31.0166,100,100
31.0162,100,100
31.0159,100,100
31.0156,100,100
31.0153,100,100
31.0149,100,100
31.0146,100,100
31.0143,100,100
31.0139,100,100
31.0136,100,100
31.0133,100,100
31.0129,100,100
31.0126,100,100
31.0123,100,100
31.0119,100,100
31.0116,100,100
31.0113,100,100
31.011,100,100
31.0106,100,100
31.0103,100,100
31.01,100,100
31.0096,100,100
31.0093,100,100
31.0089,100,100
31.0086,100,100
31.0082,100,100
31.0079,100,100
31.0075,100,100
31.0071,100,100
31.0068,100,100
31.0064,100,100
31.006,100,100
31.0057,100,100
31.0053,100,100
31.005,100,100
31.0046,100,100
31.0042,100,100
31.0039,100,100
31.0035,100,100
31.0032,100,100
31.0028,100,100
31.0024,100,100
31.0021,100,100
31.0017,100,100
31.0013,100,100
31.001,100,100
31.0006,100,100
31.0003,100,100
30.9999,100,100
30.9995,100,100
30.9992,100,100
30.9988,100,100
30.9985,100,100
30.9981,100,100
30.9977,100,100
30.9974,100,100
30.997,100,100
30.9966,100,100
30.9963,100,100
30.9959,100,100
30.9956,100,100
30.9952,100,100
30.9948,100,100
30.9945,100,100
30.9941,100,100
30.9938,100,100
30.9934,100,100
30.993,100,100
30.9927,100,100
30.9923,100,100
30.9919,100,100
30.9916,100,100
30.9912,100,100
30.9909,100,100
30.9905,100,100
30.9901,100,100
30.9898,100,100
30.9894,100,100
30.989,100,100
30.9887,100,100
30.9883,100,100
30.988,100,100
30.9876,100,100
30.9872,100,100
30.9869,100,100
30.9865,100,100
30.9862,100,100
30.9858,100,100
30.9854,100,100
30.9851,100,100
30.9847,100,100
30.9843,100,100
30.984,100,100
30.9836,100,100
30.9833,100,100
30.9829,100,100
30.9825,100,100
30.9822,100,100
30.9818,100,100
30.9815,100,100
30.9811,100,100
30.9807,100,100
30.9804,100,100
30.98,100,100
30.9796,100,100
30.9793,100,100
30.9789,100,100
30.9786,100,100
30.9782,100,100
30.9778,100,100
30.9775,100,100
30.9771,100,100
30.9768,100,100
30.9764,100,100
30.976,100,100
30.9757,100,100
30.9753,100,100
30.9749,100,100
30.9746,100,100
30.9742,100,100
30.9739,100,100
30.9735,100,100
30.9731,100,100
30.9727,100,100
30.9724,100,100
30.972,100,100
30.9716,100,100
30.9712,100,100
30.9708,100,100
30.9704,100,100
30.97,100,100
30.9696,100,100
30.9692,100,100
30.9688,100,100
30.9684,100,100
30.968,100,100
30.9676,100,100
30.9672,100,100
30.9668,100,100
30.9664,100,100
30.966,100,100
30.9656,100,100
30.9653,100,100
30.9649,100,100
30.9645,100,100
30.9641,100,100
30.9637,100,100
30.9633,100,100
30.9629,100,100
30.9625,100,100
30.9621,100,100
30.9617,100,100
30.9613,100,100
30.9609,100,100
30.9605,100,100
30.9601,100,100
30.9597,100,100
30.9593,100,100
30.9589,100,100
30.9586,100,100
30.9582,100,100
30.9578,100,100
30.9574,100,100
30.957,100,100
30.9566,100,100
30.9562,100,100
30.9558,100,100
30.9554,100,100
30.955,100,100
30.9546,100,100
30.9542,100,100
30.9538,100,100
30.9534,100,100
30.953,100,100
30.9526,100,100
30.9522,100,100
30.9518,100,100
30.9515,100,100
30.9511,100,100
30.9507,100,100
30.9503,100,100
30.9499,100,100
30.9495,100,100
30.9491,100,100
30.9487,100,100
30.9483,100,100
30.9479,100,100
30.9475,100,100
30.9471,100,100
30.9467,100,100
30.9463,100,100
30.9459,100,100
30.9455,100,100
30.9451,100,100
30.9448,100,100
30.9444,100,100
30.944,100,100
30.9436,100,100
30.9432,100,100
30.9428,100,100
30.9424,100,100
30.942,100,100
30.9416,100,100
30.9412,100,100
30.9408,100,100
30.9404,100,100
30.94,100,100
30.9396,100,100
30.9392,100,100
30.9388,100,100
30.9384,100,100
30.938,100,100
30.9377,100,100
30.9373,100,100
30.9369,100,100
30.9365,100,100
30.9361,100,100
30.9357,100,100
30.9353,100,100
30.9349,100,100
30.9345,100,100
30.9341,100,100
30.9337,100,100
30.9333,100,100
30.9329,100,100
30.9325,100,100
30.9321,100,100
30.9316,100,100
30.9312,100,100
30.9308,100,100
30.9304,100,100
30.93,100,100
30.9296,100,100
30.9291,100,100
30.9287,100,100
30.9283,100,100
30.9279,100,100
30.9275,100,100
30.9271,100,100
30.9266,100,100
30.9262,100,100
30.9258,100,100
30.9254,100,100
30.925,100,100
30.9246,100,100
30.9241,100,100
30.9237,100,100
30.9233,100,100
30.9229,100,100
30.9225,100,100
30.9221,100,100
30.9216,100,100
30.9212,100,100
30.9208,100,100
30.9204,100,100
30.92,100,100
30.9196,100,100
30.9191,100,100
30.9187,100,100
30.9183,100,100
30.9179,100,100
30.9175,100,100
30.9171,100,100
30.9166,100,100
30.9162,100,100
30.9158,100,100
30.9154,100,100
30.915,100,100
30.9146,100,100
30.9141,100,100
30.9137,100,100
30.9133,100,100
30.9129,100,100
30.9125,100,100
30.9121,100,100
30.9116,100,100
30.9112,100,100
30.9108,100,100
30.9104,100,100
30.91,100,100
30.9096,100,100
30.9091,100,100
30.9087,100,100
30.9083,100,100
30.9079,100,100
30.9075,100,100
30.9071,100,100
30.9066,100,100
30.9062,100,100
30.9058,100,100
30.9054,100,100
30.905,100,100
30.9046,100,100
30.9041,100,100
30.9037,100,100
30.9033,100,100
30.9029,100,100
30.9025,100,100
30.9021,100,100
30.9016,100,100
30.9012,100,100
30.9008,100,100
30.9004,100,100
30.9,100,100
30.8996,100,100
30.8991,100,100
30.8987,100,100
30.8983,100,100
30.8979,100,100
30.8975,100,100
30.8971,100,100
30.8966,100,100
30.8962,100,100
30.8958,100,100
30.8954,100,100
30.895,100,100
30.8946,100,100
30.8941,100,100
30.8937,100,100
30.8933,100,100
30.8929,100,100
30.8925,100,100
30.8921,100,100
30.8916,100,100
30.8912,100,100
30.8908,100,100
30.8903,100,100
30.8899,100,100
30.8895,100,100
30.8891,100,100
30.8886,100,100
30.8882,100,100
30.8878,100,100
30.8873,100,100
30.8869,100,100
30.8865,100,100
30.8861,100,100
30.8856,100,100
30.8852,100,100
30.8848,100,100
30.8843,100,100
30.8839,100,100
30.8835,100,100
30.8831,100,100
30.8826,100,100
30.8822,100,100
30.8818,100,100
30.8813,100,100
30.8809,100,100
30.8805,100,100
30.8801,100,100
30.8796,100,100
30.8792,100,100
30.8788,100,100
30.8783,100,100
30.8779,100,100
30.8775,100,100
30.8771,100,100
30.8766,100,100
30.8762,100,100
30.8758,100,100
30.8753,100,100
30.8749,100,100
30.8745,100,100
30.8741,100,100
30.8736,100,100
30.8732,100,100
30.8728,100,100
30.8723,100,100
30.8719,100,100
30.8715,100,100
30.8711,100,100
30.8706,100,100
30.8702,100,100
30.8698,100,100
30.8693,100,100
30.8689,100,100
30.8685,100,100
30.8681,100,100
30.8676,100,100
30.8672,100,100
30.8668,100,100
30.8663,100,100
30.8659,100,100
30.8655,100,100
30.8651,100,100
30.8646,100,100
30.8642,100,100
30.8638,100,100
30.8633,100,100
30.8629,100,100
30.8625,100,100
30.8621,100,100
30.8616,100,100
30.8612,100,100
30.8608,100,100
30.8603,100,100
30.8599,100,100
30.8595,100,100
30.8591,100,100
30.8586,100,100
30.8582,100,100
30.8578,100,100
30.8573,100,100
30.8569,100,100
30.8565,100,100
30.8561,100,100
30.8556,100,100
30.8552,100,100
30.8548,100,100
30.8543,100,100
30.8539,100,100
30.8535,100,100
30.8531,100,100
30.8526,100,100
30.8522,100,100
30.8518,100,100
30.8513,100,100
30.8509,100,100
30.8505,100,100
30.8501,100,100
30.8496,100,100
30.8492,100,100
30.8488,100,100
30.8483,100,100
30.8479,100,100
30.8475,100,100
30.847,100,100
30.8466,100,100
30.8461,100,100
30.8457,100,100
30.8453,100,100
30.8448,100,100
30.8444,100,100
30.844,100,100
30.8435,100,100
30.8431,100,100
30.8426,100,100
30.8422,100,100
30.8418,100,100
30.8413,100,100
30.8409,100,100
30.8405,100,100
30.84,100,100
30.8396,100,100
30.8392,100,100
30.8387,100,100
30.8383,100,100
30.8378,100,100
30.8374,100,100
30.837,100,100
30.8365,100,100
30.8361,100,100
30.8357,100,100
30.8352,100,100
30.8348,100,100
30.8343,100,100
30.8339,100,100
30.8335,100,100
30.833,100,100
30.8326,100,100
30.8322,100,100
30.8317,100,100
30.8313,100,100
30.8308,100,100
30.8304,100,100
30.83,100,100
30.8295,100,100
30.8291,100,100
30.8287,100,100
30.8282,100,100
30.8278,100,100
30.8273,100,100
30.8269,100,100
30.8265,100,100
30.826,100,100
30.8256,100,100
30.8252,100,100
30.8247,100,100
30.8243,100,100
30.8238,100,100
30.8234,100,100
30.823,100,100
30.8225,100,100
30.8221,100,100
30.8217,100,100
30.8212,100,100
30.8208,100,100
30.8204,100,100
30.8199,100,100
30.8195,100,100
30.819,100,100
30.8186,100,100
30.8182,100,100
30.8177,100,100
30.8173,100,100
30.8169,100,100
30.8164,100,100
30.816,100,100
30.8155,100,100
30.8151,100,100
30.8147,100,100
30.8142,100,100
30.8138,100,100
30.8134,100,100
30.8129,100,100
30.8125,100,100
30.812,100,100
30.8116,100,100
30.8112,100,100
30.8107,100,100
30.8103,100,100
30.8099,100,100
30.8094,100,100
30.809,100,100
30.8085,100,100
30.8081,100,100
30.8077,100,100
30.8072,100,100
30.8068,100,100
30.8064,100,100
30.8059,100,100
30.8055,100,100
30.805,100,100
30.8046,100,100
30.8042,100,100
30.8037,100,100
30.8033,100,100
30.8028,100,100
30.8024,100,100
30.8019,100,100
30.8015,100,100
30.8011,100,100
30.8006,100,100
30.8002,100,100
30.7997,100,100
30.7993,100,100
30.7988,100,100
30.7984,100,100
30.798,100,100
30.7975,100,100
30.7971,100,100
30.7966,100,100
30.7962,100,100
30.7957,100,100
30.7953,100,100
30.7949,100,100
30.7944,100,100
30.794,100,100
30.7935,100,100
30.7931,100,100
30.7926,100,100
30.7922,100,100
30.7918,100,100
30.7913,100,100
30.7909,100,100
30.7904,100,100
30.79,100,100
30.7895,100,100
30.7891,100,100
30.7887,100,100
30.7882,100,100
30.7878,100,100
30.7873,100,100
30.7869,100,100
30.7864,100,100
30.786,100,100
30.7856,100,100
30.7851,100,100
30.7847,100,100
30.7842,100,100
30.7838,100,100
30.7833,100,100
30.7829,100,100
30.7825,100,100
30.782,100,100
30.7816,100,100
30.7811,100,100
30.7807,100,100
30.7802,100,100
30.7798,100,100
30.7794,100,100
30.7789,100,100
30.7785,100,100
30.778,100,100
30.7776,100,100
30.7771,100,100
30.7767,100,100
30.7763,100,100
30.7758,100,100
30.7754,100,100
30.7749,100,100
30.7745,100,100
30.774,100,100
30.7736,100,100
30.7732,100,100
30.7727,100,100
30.7723,100,100
30.7718,100,100
30.7714,100,100
30.7709,100,100
30.7705,100,100
30.7701,100,100
30.7696,100,100
30.7692,100,100
30.7687,100,100
30.7683,100,100
30.7678,100,100
30.7674,100,100
30.767,100,100
30.7665,100,100
30.7661,100,100
30.7656,100,100
30.7652,100,100
30.7647,100,100
30.7643,100,100
30.7639,100,100
30.7634,100,100
30.763,100,100
30.7625,100,100
30.7621,100,100
30.7616,100,100
30.7612,100,100
30.7607,100,100
30.7603,100,100
30.7599,100,100
30.7594,100,100
30.759,100,100
30.7585,100,100
30.7581,100,100
30.7576,100,100
30.7572,100,100
30.7567,100,100
30.7563,100,100
30.7558,100,100
30.7554,100,100
30.7549,100,100
30.7545,100,100
30.754,100,100
30.7536,100,100
30.7531,100,100
30.7527,100,100
30.7522,100,100
30.7518,100,100
30.7513,100,100
30.7509,100,100
30.7504,100,100
30.75,100,100
30.7495,100,100
30.7491,100,100
30.7487,100,100
30.7482,100,100
30.7478,100,100
30.7473,100,100
30.7469,100,100
30.7464,100,100
30.746,100,100
30.7455,100,100
30.7451,100,100
30.7446,100,100
30.7442,100,100
30.7437,100,100
30.7433,100,100
30.7428,100,100
30.7424,100,100
30.7419,100,100
30.7415,100,100
30.741,100,100
30.7406,100,100
30.7401,100,100
30.7397,100,100
30.7392,100,100
30.7388,100,100
30.7383,100,100
30.7379,100,100
30.7375,100,100
30.737,100,100
30.7366,100,100
30.7361,100,100
30.7357,100,100
30.7352,100,100
30.7348,100,100
30.7343,100,100
30.7339,100,100
30.7334,100,100
30.733,100,100
30.7325,100,100
30.7321,100,100
30.7316,100,100
30.7312,100,100
30.7307,100,100
30.7303,100,100
30.7298,100,100
30.7294,100,100
30.7289,100,100
30.7285,100,100
30.728,100,100
30.7276,100,100
30.7271,100,100
30.7267,100,100
30.7263,100,100
30.7258,100,100
30.7254,100,100
30.7249,100,100
30.7245,100,100
30.724,100,100
30.7236,100,100
30.7231,100,100
30.7227,100,100
30.7222,100,100
30.7218,100,100
30.7213,100,100
30.7209,100,100
30.7204,100,100
30.72,100,100
30.7195,100,100
30.7191,100,100
30.7186,100,100
30.7182,100,100
30.7177,100,100
30.7173,100,100
30.7168,100,100
30.7164,100,100
30.7159,100,100
30.7155,100,100
30.715,100,100
30.7146,100,100
30.7141,100,100
30.7137,100,100
30.7132,100,100
30.7128,100,100
30.7123,100,100
30.7118,100,100
30.7114,100,100
30.7109,100,100
30.7105,100,100
30.71,100,100
30.7096,100,100
30.7091,100,100
30.7087,100,100
30.7082,100,100
30.7078,100,100
30.7073,100,100
30.7068,100,100
30.7064,100,100
30.7059,100,100
30.7055,100,100
30.705,100,100
30.7046,100,100
30.7041,100,100
30.7037,100,100
30.7032,100,100
30.7027,100,100
30.7023,100,100
30.7018,100,100
30.7014,100,100
30.7009,100,100
30.7005,100,100
30.7,100,100
30.6996,100,100
30.6991,100,100
30.6987,100,100
30.6982,100,100
30.6977,100,100
30.6973,100,100
30.6968,100,100
30.6964,100,100
30.6959,100,100
30.6955,100,100
30.695,100,100
30.6946,100,100
30.6941,100,100
30.6936,100,100
30.6932,100,100
30.6927,100,100
30.6923,100,100
30.6918,100,100
30.6914,100,100
30.6909,100,100
30.6905,100,100
30.69,100,100
30.6896,100,100
30.6891,100,100
30.6886,100,100
30.6882,100,100
30.6877,100,100
30.6873,100,100
30.6868,100,100
30.6864,100,100
30.6859,100,100
30.6855,100,100
30.685,100,100
30.6845,100,100
30.6841,100,100
30.6836,100,100
30.6832,100,100
30.6827,100,100
30.6823,100,100
30.6818,100,100
30.6814,100,100
30.6809,100,100
30.6804,100,100
30.68,100,100
30.6795,100,100
30.6791,100,100
30.6786,100,100
30.6782,100,100
30.6777,100,100
30.6773,100,100
30.6768,100,100
30.6764,100,100
30.6759,100,100
30.6754,100,100
30.675,100,100
30.6745,100,100
30.6741,100,100
30.6736,100,100
30.6732,100,100
30.6727,100,100
30.6723,100,100
30.6718,100,100
30.6713,100,100
30.6709,100,100
30.6704,100,100
30.6699,100,100
30.6693,100,100
30.6688,100,100
30.6683,100,100
30.6678,100,100
30.6673,100,100
30.6667,100,100
30.6662,100,100
30.6657,100,100
30.6652,100,100
30.6646,100,100
30.6641,100,100
30.6636,100,100
30.6631,100,100
30.6626,100,100
30.662,100,100
30.6615,100,100
30.661,100,100
30.6605,100,100
30.6599,100,100
30.6594,100,100
30.6589,100,100
30.6584,100,100
30.6579,100,100
30.6573,100,100
30.6568,100,100
30.6563,100,100
30.6558,100,100
30.6552,100,100
30.6547,100,100
30.6542,100,100
30.6537,100,100
30.6532,100,100
30.6526,100,100
30.6521,100,100
30.6516,100,100
30.6511,100,100
30.6505,100,100
30.65,100,100
30.6495,100,100
30.649,100,100
30.6485,100,100
30.6479,100,100
30.6474,100,100
30.6469,100,100
30.6464,100,100
30.6459,100,100
30.6453,100,100
30.6448,100,100
30.6443,100,100
30.6438,100,100
30.6432,100,100
30.6427,100,100
30.6422,100,100
30.6417,100,100
30.6412,100,100
30.6406,100,100
30.6401,100,100
30.6396,100,100
30.6391,100,100
30.6385,100,100
30.638,100,100
30.6375,100,100
30.637,100,100
30.6365,100,100
30.6359,100,100
30.6354,100,100
30.6349,100,100
30.6344,100,100
30.6338,100,100
30.6333,100,100
30.6328,100,100
30.6323,100,100
30.6318,100,100
30.6312,100,100
30.6307,100,100
30.6302,100,100
30.6297,100,100
30.6291,100,100
30.6286,100,100
30.6281,100,100
30.6276,100,100
30.6271,100,100
30.6265,100,100
30.626,100,100
30.6255,100,100
30.625,100,100
30.6244,100,100
30.6239,100,100
30.6234,100,100
30.6229,100,100
30.6224,100,100
30.6218,100,100
30.6213,100,100
30.6208,100,100
30.6203,100,100
30.6198,100,100
30.6192,100,100
30.6187,100,100
30.6181,100,100
30.6174,100,100
30.6168,100,100
30.6161,100,100
30.6155,100,100
30.6149,100,100
30.6142,100,100
30.6136,100,100
30.6129,100,100
30.6123,100,100
30.6116,100,100
30.611,100,100
30.6103,100,100
30.6097,100,100
30.609,100,100
30.6084,100,100
30.6078,100,100
30.6071,100,100
30.6065,100,100
30.6058,100,100
30.6052,100,100
30.6045,100,100
30.6039,100,100
30.6032,100,100
30.6026,100,100
30.6019,100,100
30.6013,100,100
30.6007,100,100
30.6,100,100
30.5994,100,100
30.5987,100,100
30.5981,100,100
30.5974,100,100
30.5968,100,100
30.5961,100,100
30.5955,100,100
30.5948,100,100
30.5942,100,100
30.5936,100,100
30.5929,100,100
30.5923,100,100
30.5916,100,100
30.591,100,100
30.5903,100,100
30.5897,100,100
30.589,100,100
30.5884,100,100
30.5877,100,100
30.5871,100,100
30.5864,100,100
30.5858,100,100
30.5852,100,100
30.5845,100,100
30.5839,100,100
30.5832,100,100
30.5826,100,100
30.5819,100,100
30.5813,100,100
30.5806,100,100
30.58,100,100
30.5793,100,100
30.5787,100,100
30.5781,100,100
30.5774,100,100
30.5768,100,100
30.5761,100,100
30.5755,100,100
30.5748,100,100
30.5742,100,100
30.5735,100,100
30.5729,100,100
30.5722,100,100
30.5716,100,100
30.571,100,100
30.5703,100,100
30.5697,100,100
30.569,100,100
30.5684,100,100
30.5677,100,100
30.5671,100,100
30.5664,100,100
30.5658,100,100
30.5651,100,100
30.5645,100,100
30.5639,100,100
30.5632,100,100
30.5626,100,100
30.5619,100,100
30.5613,100,100
30.5606,100,100
30.56,100,100
30.5593,100,100
30.5587,100,100
30.558,100,100
30.5574,100,100
30.5568,100,100
30.5561,100,100
30.5555,100,100
30.5548,100,100
30.5542,100,100
30.5534,100,100
30.5527,100,100
30.5519,100,100
30.5512,100,100
30.5504,100,100
30.5496,100,100
30.5489,100,100
30.5481,100,100
30.5474,100,100
30.5466,100,100
30.5459,100,100
30.5451,100,100
30.5444,100,100
30.5436,100,100
30.5428,100,100
30.5421,100,100
30.5413,100,100
30.5406,100,100
30.5398,100,100
30.5391,100,100
30.5383,100,100
30.5375,100,100
30.5368,100,100
30.536,100,100
30.5353,100,100
30.5345,100,100
30.5338,100,100
30.533,100,100
30.5322,100,100
30.5315,100,100
30.5307,100,100
30.53,100,100
30.5292,100,100
30.5285,100,100
30.5277,100,100
30.527,100,100
30.5262,100,100
30.5254,100,100
30.5247,100,100
30.5239,100,100
30.5232,100,100
30.5224,100,100
30.5217,100,100
30.5209,100,100
30.5201,100,100
30.5194,100,100
30.5186,100,100
30.5179,100,100
30.5171,100,100
30.5164,100,100
30.5156,100,100
30.5148,100,100
30.5141,100,100
30.5133,100,100
30.5126,100,100
30.5118,100,100
30.5111,100,100
30.5103,100,100
30.5095,100,100
30.5088,100,100
30.508,100,100
30.5073,100,100
30.5065,100,100
30.5058,100,100
30.505,100,100
30.5043,100,100
30.5035,100,100
30.5027,100,100
30.502,100,100
30.5012,100,100
30.5005,100,100
30.4997,100,100
30.499,100,100
30.4982,100,100
30.4974,100,100
30.4967,100,100
30.4959,100,100
30.4952,100,100
30.4944,100,100
30.4937,100,100
30.4929,100,100
30.4921,100,100
30.4914,100,100
30.4906,100,100
30.4899,100,100
30.4891,100,100
30.4884,100,100
30.4876,100,100
30.4869,100,100
30.4861,100,100
30.4853,100,100
30.4846,100,100
30.4838,100,100
30.4831,100,100
30.4823,100,100
30.4816,100,100
30.4808,100,100
30.48,100,100
30.4793,100,100
30.4785,100,100
30.4777,100,100
30.4769,100,100
30.476,100,100
30.4752,100,100
30.4743,100,100
30.4735,100,100
30.4726,100,100
30.4718,100,100
30.4709,100,100
30.4701,100,100
30.4693,100,100
30.4684,100,100
30.4676,100,100
30.4667,100,100
30.4659,100,100
30.465,100,100
30.4642,100,100
30.4633,100,100
30.4625,100,100
30.4617,100,100
30.4608,100,100
30.46,100,100
30.4591,100,100
30.4583,100,100
30.4574,100,100
30.4566,100,100
30.4557,100,100
30.4549,100,100
30.454,100,100
30.4532,100,100
30.4524,100,100
30.4515,100,100
30.4507,100,100
30.4498,100,100
30.449,100,100
30.4481,100,100
30.4473,100,100
30.4464,100,100
30.4456,100,100
30.4448,100,100
30.4439,100,100
30.4431,100,100
30.4422,100,100
30.4414,100,100
30.4405,100,100
30.4397,100,100
30.4388,100,100
30.438,100,100
30.4372,100,100
30.4363,100,100
30.4355,100,100
30.4346,100,100
30.4338,100,100
30.4329,100,100
30.4321,100,100
30.4312,100,100
30.4304,100,100
30.4296,100,100
30.4287,100,100
30.4279,100,100
30.427,100,100
30.4262,100,100
30.4253,100,100
30.4245,100,100
30.4236,100,100
30.4228,100,100
30.422,100,100
30.4211,100,100
30.4203,100,100
30.4194,100,100
30.4186,100,100
30.4177,100,100
30.4169,100,100
30.416,100,100
30.4152,100,100
30.4143,100,100
30.4135,100,100
30.4127,100,100
30.4118,100,100
30.411,100,100
30.4101,100,100
30.4093,100,100
30.4084,100,100
30.4076,100,100
30.4067,100,100
30.4059,100,100
30.4051,100,100
30.4042,100,100
30.4034,100,100
30.4025,100,100
30.4017,100,100
30.4008,100,100
30.4,100,100
30.3991,100,100
30.3983,100,100
30.3975,100,100
30.3966,100,100
30.3958,100,100
30.3949,100,100
30.3941,100,100
30.3932,100,100
30.3923,100,100
30.3913,100,100
30.3904,100,100
30.3895,100,100
30.3886,100,100
30.3877,100,100
30.3868,100,100
30.3859,100,100
30.3849,100,100
30.384,100,100
30.3831,100,100
30.3822,100,100
30.3813,100,100
30.3804,100,100
30.3795,100,100
30.3785,100,100
30.3776,100,100
30.3767,100,100
30.3758,100,100
30.3749,100,100
30.374,100,100
30.373,100,100
30.3721,100,100
30.3712,100,100
30.3703,100,100
30.3694,100,100
30.3685,100,100
30.3676,100,100
30.3666,100,100
30.3657,100,100
30.3648,100,100
30.3639,100,100
30.363,100,100
30.3621,100,100
30.3612,100,100
30.3602,100,100
30.3593,100,100
30.3584,100,100
30.3575,100,100
30.3566,100,100
30.3557,100,100
30.3547,100,100
30.3538,100,100
30.3529,100,100
30.352,100,100
30.3511,100,100
30.3502,100,100
30.3493,100,100
30.3483,100,100
30.3474,100,100
30.3465,100,100
30.3456,100,100
30.3447,100,100
30.3438,100,100
30.3429,100,100
30.3419,100,100
30.341,100,100
30.3401,100,100
30.3392,100,100
30.3383,100,100
30.3374,100,100
30.3365,100,100
30.3355,100,100
30.3346,100,100
30.3337,100,100
30.3328,100,100
30.3319,100,100
30.331,100,100
30.33,100,100
30.3291,100,100
30.3282,100,100
30.3273,100,100
30.3264,100,100
30.3255,100,100
30.3246,100,100
30.3236,100,100
30.3227,100,100
30.3218,100,100
30.3209,100,100
30.32,100,100
30.3191,100,100
30.3182,100,100
30.3172,100,100
30.3163,100,100
30.3154,100,100
30.3145,100,100
30.3136,100,100
30.3127,100,100
30.3118,100,100
30.3108,100,100
30.3099,100,100
30.309,100,100
30.3081,100,100
30.3072,100,100
30.3063,100,100
30.3053,100,100
30.3044,100,100
30.3035,100,100
30.3026,100,100
30.3016,100,100
30.3007,100,100
30.2997,100,100
30.2987,100,100
30.2978,100,100
30.2968,100,100
30.2958,100,100
30.2949,100,100
30.2939,100,100
30.2929,100,100
30.292,100,100
30.291,100,100
30.29,100,100
30.289,100,100
30.2881,100,100
30.2871,100,100
30.2861,100,100
30.2852,100,100
30.2842,100,100
30.2832,100,100
30.2823,100,100
30.2813,100,100
30.2803,100,100
30.2794,100,100
30.2784,100,100
30.2774,100,100
30.2764,100,100
30.2755,100,100
30.2745,100,100
30.2735,100,100
30.2726,100,100
30.2716,100,100
30.2706,100,100
30.2697,100,100
30.2687,100,100
30.2677,100,100
30.2668,100,100
30.2658,100,100
30.2648,100,100
30.2638,100,100
30.2629,100,100
30.2619,100,100
30.2609,100,100
30.26,100,100
30.259,100,100
30.258,100,100
30.2571,100,100
30.2561,100,100
30.2551,100,100
30.2542,100,100
30.2532,100,100
30.2522,100,100
30.2512,100,100
30.2503,100,100
30.2493,100,100
30.2483,100,100
30.2474,100,100
30.2464,100,100
30.2454,100,100
30.2445,100,100
30.2435,100,100
30.2425,100,100
30.2416,100,100
30.2406,100,100
30.2396,100,100
30.2386,100,100
30.2377,100,100
30.2367,100,100
30.2357,100,100
30.2348,100,100
30.2338,100,100
30.2328,100,100
30.2319,100,100
30.2309,100,100
30.2299,100,100
30.229,100,100
30.228,100,100
30.227,100,100
30.226,100,100
30.2251,100,100
30.2241,100,100
30.2231,100,100
30.2222,100,100
30.2212,100,100
30.2202,100,100
30.2193,100,100
30.2183,100,100
30.2173,100,100
30.2164,100,100
30.2154,100,100
30.2144,100,100
30.2134,100,100
30.2125,100,100
30.2115,100,100
30.2105,100,100
30.2096,100,100
30.2086,100,100
30.2076,100,100
30.2067,100,100
30.2057,100,100
30.2047,100,100
30.2037,100,100
30.2027,100,100
30.2017,100,100
30.2007,100,100
30.1996,100,100
30.1986,100,100
30.1976,100,100
30.1966,100,100
30.1956,100,100
30.1946,100,100
30.1936,100,100
30.1926,100,100
30.1916,100,100
30.1906,100,100
30.1895,100,100
30.1885,100,100
30.1875,100,100
30.1865,100,100
30.1855,100,100
30.1845,100,100
30.1835,100,100
30.1825,100,100
30.1815,100,100
30.1805,100,100
30.1794,100,100
30.1784,100,100
30.1774,100,100
30.1764,100,100
30.1754,100,100
30.1744,100,100
30.1734,100,100
30.1724,100,100
30.1714,100,100
30.1704,100,100
30.1693,100,100
30.1683,100,100
30.1673,100,100
30.1663,100,100
30.1653,100,100
30.1643,100,100
30.1633,100,100
30.1623,100,100
30.1613,100,100
30.1603,100,100
30.1592,100,100
30.1582,100,100
30.1572,100,100
30.1562,100,100
30.1552,100,100
30.1542,100,100
30.1532,100,100
30.1522,100,100
30.1512,100,100
30.1502,100,100
30.1491,100,100
30.1481,100,100
30.1471,100,100
30.1461,100,100
30.1451,100,100
30.1441,100,100
30.1431,100,100
30.1421,100,100
30.1411,100,100
30.1401,100,100
30.1391,100,100
30.138,100,100
30.137,100,100
30.136,100,100
30.135,100,100
30.134,100,100
30.133,100,100
30.132,100,100
30.131,100,100
30.13,100,100
30.129,100,100
30.1279,100,100
30.1269,100,100
30.1259,100,100
30.1249,100,100
30.1239,100,100
30.1229,100,100
30.1219,100,100
30.1209,100,100
30.1199,100,100
30.1189,100,100
30.1178,100,100
30.1168,100,100
30.1158,100,100
30.1148,100,100
30.1138,100,100
30.1128,100,100
30.1118,100,100
30.1108,100,100
30.1098,100,100
30.1088,100,100
30.1077,100,100
30.1067,100,100
30.1057,100,100
30.1047,100,100
30.1037,100,100
30.1026,100,100
30.1016,100,100
30.1006,100,100
30.0995,100,100
30.0985,100,100
30.0974,100,100
30.0964,100,100
30.0954,100,100
30.0943,100,100
30.0933,100,100
30.0922,100,100
30.0912,100,100
30.0902,100,100
30.0891,100,100
30.0881,100,100
30.087,100,100
30.086,100,100
30.085,100,100
30.0839,100,100
30.0829,100,100
30.0818,100,100
30.0808,100,100
30.0798,100,100
30.0787,100,100
30.0777,100,100
30.0767,100,100
30.0756,100,100
30.0746,100,100
30.0735,100,100
30.0725,100,100
30.0715,100,100
30.0704,100,100
30.0694,100,100
30.0683,100,100
30.0673,100,100
30.0663,100,100
30.0652,100,100
30.0642,100,100
30.0631,100,100
30.0621,100,100
30.0611,100,100
30.06,100,100
30.059,100,100
30.0579,100,100
30.0569,100,100
30.0559,100,100
30.0548,100,100
30.0538,100,100
30.0527,100,100
30.0517,100,100
30.0507,100,100
30.0496,100,100
30.0486,100,100
30.0475,100,100
30.0465,100,100
30.0455,100,100
30.0444,100,100
30.0434,100,100
30.0423,100,100
30.0413,100,100
30.0403,100,100
30.0392,100,100
30.0382,100,100
30.0371,100,100
30.0361,100,100
30.0351,100,100
30.034,100,100
30.033,100,100
30.0319,100,100
30.0309,100,100
30.0299,100,100
30.0288,100,100
30.0278,100,100
30.0267,100,100
30.0257,100,100
30.0247,100,100
30.0236,100,100
30.0226,100,100
30.0215,100,100
30.0205,100,100
30.0195,100,100
30.0184,100,100
30.0174,100,100
30.0163,100,100
30.0153,100,100
30.0143,100,100
30.0132,100,100
30.0122,100,100
30.0111,100,100
30.0101,100,100
30.0091,100,100
30.008,100,100
30.007,100,100
30.006,100,100
30.0049,100,100
30.0039,100,100
30.0028,100,100
30.0018,100,100
30.0008,100,100
29.9997,100,100
29.9986,100,100
29.9976,100,100
29.9965,100,100
29.9954,100,100
29.9944,100,100
29.9933,100,100
29.9922,100,100
29.9912,100,100
29.9901,100,100
29.989,100,100
29.988,100,100
29.9869,100,100
29.9858,100,100
29.9848,100,100
29.9837,100,100
29.9826,100,100
29.9816,100,100
29.9805,100,100
29.9794,100,100
29.9784,100,100
29.9773,100,100
29.9762,100,100
29.9752,100,100
29.9741,100,100
29.973,100,100
29.972,100,100
29.9709,100,100
29.9698,100,100
29.9688,100,100
29.9677,100,100
29.9666,100,100
29.9656,100,100
29.9645,100,100
29.9634,100,100
29.9624,100,100
29.9613,100,100
29.9602,100,100
29.9592,100,100
29.9581,100,100
29.957,100,100
29.956,100,100
29.9549,100,100
29.9538,100,100
29.9528,100,100
29.9517,100,100
29.9506,100,100
29.9496,100,100
29.9485,100,100
29.9474,100,100
29.9464,100,100
29.9453,100,100
29.9442,100,100
29.9432,100,100
29.9421,100,100
29.941,100,100
29.94,100,100
29.9389,100,100
29.9378,100,100
29.9368,100,100
29.9357,100,100
29.9346,100,100
29.9336,100,100
29.9325,100,100
29.9314,100,100
29.9304,100,100
29.9293,100,100
29.9282,100,100
29.9272,100,100
29.9261,100,100
29.9251,100,100
29.924,100,100
29.9229,100,100
29.9219,100,100
29.9208,100,100
29.9197,100,100
29.9187,100,100
29.9176,100,100
29.9165,100,100
29.9155,100,100
29.9144,100,100
29.9133,100,100
29.9123,100,100
29.9112,100,100
29.9101,100,100
29.9091,100,100
29.908,100,100
29.9069,100,100
29.9059,100,100
29.9048,100,100
29.9037,100,100
29.9027,100,100
29.9016,100,100
29.9005,100,100
29.8995,100,100
29.8984,100,100
29.8973,100,100
29.8963,100,100
29.8952,100,100
29.8941,100,100
29.893,100,100
29.892,100,100
29.8909,100,100
29.8898,100,100
29.8887,100,100
29.8876,100,100
29.8865,100,100
29.8854,100,100
29.8844,100,100
29.8833,100,100
29.8822,100,100
29.8811,100,100
29.88,100,100
29.8789,100,100
29.8778,100,100
29.8767,100,100
29.8757,100,100
29.8746,100,100
29.8735,100,100
29.8724,100,100
29.8713,100,100
29.8702,100,100
29.8691,100,100
29.8681,100,100
29.867,100,100
29.8659,100,100
29.8648,100,100
29.8637,100,100
29.8626,100,100
29.8615,100,100
29.8604,100,100
29.8594,100,100
29.8583,100,100
29.8572,100,100
29.8561,100,100
29.855,100,100
29.8539,100,100
29.8528,100,100
29.8517,100,100
29.8507,100,100
29.8496,100,100
29.8485,100,100
29.8474,100,100
29.8463,100,100
29.8452,100,100
29.8441,100,100
29.8431,100,100
29.842,100,100
29.8409,100,100
29.8398,100,100
29.8387,100,100
29.8376,100,100
29.8365,100,100
29.8354,100,100
29.8344,100,100
29.8333,100,100
29.8322,100,100
29.8311,100,100
29.83,100,100
29.8289,100,100
29.8278,100,100
29.8268,100,100
29.8257,100,100
29.8246,100,100
29.8235,100,100
29.8224,100,100
29.8213,100,100
29.8202,100,100
29.8191,100,100
29.8181,100,100
29.817,100,100
29.8159,100,100
29.8148,100,100
29.8137,100,100
29.8126,100,100
29.8115,100,100
29.8105,100,100
29.8094,100,100
29.8083,100,100
29.8072,100,100
29.8061,100,100
29.805,100,100
29.8039,100,100
29.8028,100,100
29.8018,100,100
29.8007,100,100
29.7996,100,100
29.7985,100,100
29.7974,100,100
29.7963,100,100
29.7952,100,100
29.7942,100,100
29.7931,100,100
29.792,100,100
29.7909,100,100
29.7898,100,100
29.7887,100,100
29.7876,100,100
29.7865,100,100
29.7855,100,100
29.7844,100,100
29.7833,100,100
29.7822,100,100
29.7811,100,100
29.78,100,100
29.7789,100,100
29.7777,100,100
29.7766,100,100
29.7755,100,100
29.7744,100,100
29.7733,100,100
29.7722,100,100
29.7711,100,100
29.77,100,100
29.7689,100,100
29.7678,100,100
29.7667,100,100
29.7656,100,100
29.7645,100,100
29.7634,100,100
29.7623,100,100
29.7612,100,100
29.7601,100,100
29.759,100,100
29.7579,100,100
29.7568,100,100
29.7557,100,100
29.7546,100,100
29.7535,100,100
29.7524,100,100
29.7513,100,100
29.7502,100,100
29.7491,100,100
29.748,100,100
29.7469,100,100
29.7458,100,100
29.7447,100,100
29.7436,100,100
29.7425,100,100
29.7414,100,100
29.7403,100,100
29.7392,100,100
29.7381,100,100
29.737,100,100
29.7359,100,100
29.7348,100,100
29.7337,100,100
29.7326,100,100
29.7315,100,100
29.7304,100,100
29.7293,100,100
29.7282,100,100
29.7271,100,100
29.726,100,100
29.7249,100,100
29.7238,100,100
29.7227,100,100
29.7216,100,100
29.7205,100,100
29.7194,100,100
29.7183,100,100
29.7172,100,100
29.7161,100,100
29.715,100,100
29.7139,100,100
29.7128,100,100
29.7117,100,100
29.7106,100,100
29.7095,100,100
29.7084,100,100
29.7073,100,100
29.7062,100,100
29.7051,100,100
29.704,100,100
29.7029,100,100
29.7018,100,100
29.7007,100,100
29.6996,100,100
29.6985,100,100
29.6974,100,100
29.6963,100,100
29.6952,100,100
29.6941,100,100
29.693,100,100
29.6919,100,100
29.6907,100,100
29.6896,100,100
29.6885,100,100
29.6874,100,100
29.6863,100,100
29.6852,100,100
29.6841,100,100
29.683,100,100
29.6819,100,100
29.6808,100,100
29.6797,100,100
29.6786,100,100
29.6775,100,100
29.6764,100,100
29.6753,100,100
29.6742,100,100
29.6731,100,100
29.672,100,100
29.6709,100,100
29.6697,100,100
29.6686,100,100
29.6675,100,100
29.6664,100,100
29.6653,100,100
29.6642,100,100
29.663,100,100
29.6619,100,100
29.6608,100,100
29.6597,100,100
29.6586,100,100
29.6575,100,100
29.6563,100,100
29.6552,100,100
29.6541,100,100
29.653,100,100
29.6519,100,100
29.6508,100,100
29.6496,100,100
29.6485,100,100
29.6474,100,100
29.6463,100,100
29.6452,100,100
29.6441,100,100
29.6429,100,100
29.6418,100,100
29.6407,100,100
29.6396,100,100
29.6385,100,100
29.6374,100,100
29.6362,100,100
29.6351,100,100
29.634,100,100
29.6329,100,100
29.6318,100,100
29.6307,100,100
29.6295,100,100
29.6284,100,100
29.6273,100,100
29.6262,100,100
29.6251,100,100
29.624,100,100
29.6228,100,100
29.6217,100,100
29.6206,100,100
29.6195,100,100
29.6184,100,100
29.6173,100,100
29.6161,100,100
29.615,100,100
29.6139,100,100
29.6128,100,100
29.6117,100,100
29.6106,100,100
29.6094,100,100
29.6083,100,100
29.6072,100,100
29.6061,100,100
29.605,100,100
29.6038,100,100
29.6027,100,100
29.6016,100,100
29.6005,100,100
29.5994,100,100
29.5983,100,100
29.5971,100,100
29.596,100,100
29.5949,100,100
29.5938,100,100
29.5927,100,100
29.5916,100,100
29.5904,100,100
29.5893,100,100
29.5882,100,100
29.5871,100,100
29.586,100,100
29.5849,100,100
29.5837,100,100
29.5826,100,100
29.5815,100,100
29.5804,100,100
29.5793,100,100
29.5782,100,100
29.577,100,100
29.5759,100,100
29.5748,100,100
29.5737,100,100
29.5726,100,100
29.5715,100,100
29.5703,100,100
29.5692,100,100
29.5681,100,100
29.567,100,100
29.5659,100,100
29.5648,100,100
29.5636,100,100
29.5625,100,100
29.5614,100,100
29.5603,100,100
29.5591,100,100
29.558,100,100
29.5569,100,100
29.5558,100,100
29.5546,100,100
29.5535,100,100
29.5524,100,100
29.5512,100,100
29.5501,100,100
29.549,100,100
29.5479,100,100
29.5467,100,100
29.5456,100,100
29.5445,100,100
29.5434,100,100
29.5422,100,100
29.5411,100,100
29.54,100,100
29.5388,100,100
29.5377,100,100
29.5366,100,100
29.5355,100,100
29.5343,100,100
29.5332,100,100
29.5321,100,100
29.531,100,100
29.5298,100,100
29.5287,100,100
29.5276,100,100
29.5265,100,100
29.5253,100,100
29.5242,100,100
29.5231,100,100
29.5219,100,100
29.5208,100,100
29.5197,100,100
29.5186,100,100
29.5174,100,100
29.5163,100,100
29.5152,100,100
29.5141,100,100
29.5129,100,100
29.5118,100,100
29.5107,100,100
29.5095,100,100
29.5084,100,100
29.5073,100,100
29.5062,100,100
29.505,100,100
29.5039,100,100
29.5028,100,100
29.5017,100,100
29.5005,100,100
29.4994,100,100
29.4983,100,100
29.4972,100,100
29.496,100,100
29.4949,100,100
29.4938,100,100
29.4926,100,100
29.4915,100,100
29.4904,100,100
29.4893,100,100
29.4881,100,100
29.487,100,100
29.4859,100,100
29.4848,100,100
29.4836,100,100
29.4825,100,100
29.4814,100,100
29.4802,100,100
29.4791,100,100
29.478,100,100
29.4769,100,100
29.4757,100,100
29.4746,100,100
29.4735,100,100
29.4724,100,100
29.4712,100,100
29.4701,100,100
29.469,100,100
29.4679,100,100
29.4667,100,100
29.4656,100,100
29.4645,100,100
29.4633,100,100
29.4622,100,100
29.4611,100,100
29.46,100,100
29.4588,100,100
29.4577,100,100
29.4566,100,100
29.4555,100,100
29.4543,100,100
29.4532,100,100
29.4521,100,100
29.4509,100,100
29.4498,100,100
29.4487,100,100
29.4475,100,100
29.4464,100,100
29.4453,100,100
29.4441,100,100
29.443,100,100
29.4419,100,100
29.4407,100,100
29.4396,100,100
29.4385,100,100
29.4373,100,100
29.4362,100,100
29.4351,100,100
29.4339,100,100
29.4328,100,100
29.4316,100,100
29.4305,100,100
29.4294,100,100
29.4282,100,100
29.4271,100,100
29.426,100,100
29.4248,100,100
29.4237,100,100
29.4226,100,100
29.4214,100,100
29.4203,100,100
29.4192,100,100
29.418,100,100
29.4169,100,100
29.4158,100,100
29.4146,100,100
29.4135,100,100
29.4123,100,100
29.4112,100,100
29.4101,100,100
29.4089,100,100
29.4078,100,100
29.4067,100,100
29.4055,100,100
29.4044,100,100
29.4033,100,100
29.4021,100,100
29.401,100,100
29.3999,100,100
29.3987,100,100
29.3976,100,100
29.3965,100,100
29.3953,100,100
29.3942,100,100
29.393,100,100
29.3919,100,100
29.3908,100,100
29.3896,100,100
29.3885,100,100
29.3874,100,100
29.3862,100,100
29.3851,100,100
29.384,100,100
29.3828,100,100
29.3817,100,100
29.3806,100,100
29.3794,100,100
29.3783,100,100
29.3772,100,100
29.376,100,100
29.3749,100,100
29.3737,100,100
29.3726,100,100
29.3715,100,100
29.3703,100,100
29.3692,100,100
29.3681,100,100
29.3669,100,100
29.3658,100,100
29.3647,100,100
29.3635,100,100
29.3624,100,100
29.3613,100,100
29.3601,100,100
29.359,100,100
29.3579,100,100
29.3567,100,100
29.3556,100,100
29.3544,100,100
29.3533,100,100
29.3522,100,100
29.351,100,100
29.3499,100,100
29.3488,100,100
29.3476,100,100
29.3465,100,100
29.3454,100,100
29.3442,100,100
29.3431,100,100
29.342,100,100
29.3408,100,100
29.3397,100,100
29.3386,100,100
29.3374,100,100
29.3363,100,100
29.3351,100,100
29.334,100,100
29.3329,100,100
29.3317,100,100
29.3306,100,100
29.3294,100,100
29.3283,100,100
29.3272,100,100
29.326,100,100
29.3249,100,100
29.3237,100,100
29.3226,100,100
29.3215,100,100
29.3203,100,100
29.3192,100,100
29.318,100,100
29.3169,100,100
29.3158,100,100
29.3146,100,100
29.3135,100,100
29.3123,100,100
29.3112,100,100
29.31,100,100
29.3089,100,100
29.3078,100,100
29.3066,100,100
29.3055,100,100
29.3043,100,100
29.3032,100,100
29.3021,100,100
29.3009,100,100
29.2998,100,100
29.2986,100,100
29.2975,100,100
29.2964,100,100
29.2952,100,100
29.2941,100,100
29.2929,100,100
29.2918,100,100
29.2907,100,100
29.2895,100,100
29.2884,100,100
29.2872,100,100
29.2861,100,100
29.285,100,100
29.2838,100,100
29.2827,100,100
29.2815,100,100
29.2804,100,100
29.2793,100,100
29.2781,100,100
29.277,100,100
29.2758,100,100
29.2747,100,100
29.2736,100,100
29.2724,100,100
29.2713,100,100
29.2701,100,100
29.269,100,100
29.2678,100,100
29.2667,100,100
29.2656,100,100
29.2644,100,100
29.2633,100,100
29.2621,100,100
29.261,100,100
29.2599,100,100
29.2587,100,100
29.2576,100,100
29.2564,100,100
29.2553,100,100
29.2542,100,100
29.253,100,100
29.2519,100,100
29.2507,100,100
29.2496,100,100
29.2485,100,100
29.2473,100,100
29.2462,100,100
29.245,100,100
29.2439,100,100
29.2428,100,100
29.2416,100,100
29.2405,100,100
29.2393,100,100
29.2382,100,100
29.2371,100,100
29.2359,100,100
29.2348,100,100
29.2336,100,100
29.2325,100,100
29.2314,100,100
29.2302,100,100
29.2291,100,100
29.2279,100,100
29.2268,100,100
29.2257,100,100
29.2245,100,100
29.2234,100,100
29.2222,100,100
29.2211,100,100
29.2199,100,100
29.2188,100,100
29.2177,100,100
29.2165,100,100
29.2154,100,100
29.2142,100,100
29.2131,100,100
29.212,100,100
29.2108,100,100
29.2097,100,100
29.2085,100,100
29.2074,100,100
29.2062,100,100
29.2051,100,100
29.204,100,100
29.2028,100,100
29.2017,100,100
29.2005,100,100
29.1994,100,100
29.1983,100,100
29.1971,100,100
29.196,100,100
29.1948,100,100
29.1937,100,100
29.1925,100,100
29.1914,100,100
29.1903,100,100
29.1891,100,100
29.188,100,100
29.1868,100,100
29.1857,100,100
29.1845,100,100
29.1834,100,100
29.1823,100,100
29.1811,100,100
29.18,100,100
29.1788,100,100
29.1777,100,100
29.1766,100,100
29.1754,100,100
29.1743,100,100
29.1731,100,100
29.172,100,100
29.1708,100,100
29.1697,100,100
29.1686,100,100
29.1674,100,100
29.1663,100,100
29.1651,100,100
29.164,100,100
29.1629,100,100
29.1617,100,100
29.1606,100,100
29.1594,100,100
29.1583,100,100
29.1571,100,100
29.156,100,100
29.1549,100,100
29.1537,100,100
29.1526,100,100
29.1514,100,100
29.1503,100,100
29.1492,100,100
29.148,100,100
29.1469,100,100
29.1457,100,100
29.1446,100,100
29.1434,100,100
29.1423,100,100
29.1412,100,100
29.14,100,100
29.1389,100,100
29.1377,100,100
29.1366,100,100
29.1355,100,100
29.1343,100,100
29.1332,100,100
29.132,100,100
29.1309,100,100
29.1297,100,100
29.1286,100,100
29.1275,100,100
29.1263,100,100
29.1252,100,100
29.124,100,100
29.1229,100,100
29.1218,100,100
29.1206,100,100
29.1195,100,100
29.1183,100,100
29.1172,100,100
29.116,100,100
29.1149,100,100
29.1138,100,100
29.1126,100,100
29.1115,100,100
29.1103,100,100
29.1092,100,100
29.1081,100,100
29.1069,100,100
29.1058,100,100
29.1046,100,100
29.1035,100,100
29.1023,100,100
29.1012,100,100
29.1,100,100
29.0989,100,100
29.0978,100,100
29.0966,100,100
29.0955,100,100
29.0943,100,100
29.0932,100,100
29.092,100,100
29.0909,100,100
29.0898,100,100
29.0886,100,100
29.0875,100,100
29.0863,100,100
29.0852,100,100
29.084,100,100
29.0829,100,100
29.0817,100,100
29.0806,100,100
29.0795,100,100
29.0783,100,100
29.0772,100,100
29.076,100,100
29.0749,100,100
29.0737,100,100
29.0726,100,100
29.0715,100,100
29.0703,100,100
29.0692,100,100
29.068,100,100
29.0669,100,100
29.0657,100,100
29.0646,100,100
29.0634,100,100
29.0623,100,100
29.0612,100,100
29.06,100,100
29.0589,100,100
29.0577,100,100
29.0566,100,100
29.0554,100,100
29.0543,100,100
29.0532,100,100
29.052,100,100
29.0509,100,100
29.0497,100,100
29.0486,100,100
29.0474,100,100
29.0463,100,100
29.0451,100,100
29.044,100,100
29.0429,100,100
29.0417,100,100
29.0406,100,100
29.0394,100,100
29.0383,100,100
29.0371,100,100
29.036,100,100
29.0349,100,100
29.0337,100,100
29.0326,100,100
29.0314,100,100
29.0303,100,100
29.0291,100,100
29.028,100,100
29.0268,100,100
29.0257,100,100
29.0246,100,100
29.0234,100,100
29.0223,100,100
29.0211,100,100
29.02,100,100
29.0188,100,100
29.0177,100,100
29.0166,100,100
29.0154,100,100
29.0143,100,100
29.0131,100,100
29.012,100,100
29.0108,100,100
29.0097,100,100
29.0085,100,100
29.0074,100,100
29.0063,100,100
29.0051,100,100
29.004,100,100
29.0028,100,100
29.0017,100,100
29.0005,100,100
28.9994,100,100
28.9983,100,100
28.9971,100,100
28.996,100,100
28.9948,100,100
28.9937,100,100
28.9925,100,100
28.9914,100,100
28.9902,100,100
28.9891,100,100
28.9879,100,100
28.9868,100,100
28.9856,100,100
28.9845,100,100
28.9833,100,100
28.9822,100,100
28.981,100,100
28.9799,100,100
28.9787,100,100
28.9776,100,100
28.9765,100,100
28.9753,100,100
28.9742,100,100
28.973,100,100
28.9719,100,100
28.9707,100,100
28.9696,100,100
28.9684,100,100
28.9673,100,100
28.9661,100,100
28.965,100,100
28.9638,100,100
28.9627,100,100
28.9615,100,100
28.9604,100,100
28.9592,100,100
28.9581,100,100
28.9569,100,100
28.9558,100,100
28.9546,100,100
28.9535,100,100
28.9523,100,100
28.9512,100,100
28.95,100,100
28.9489,100,100
28.9478,100,100
28.9466,100,100
28.9455,100,100
28.9443,100,100
28.9432,100,100
28.942,100,100
28.9409,100,100
28.9397,100,100
28.9386,100,100
28.9374,100,100
28.9363,100,100
28.9351,100,100
28.934,100,100
28.9328,100,100
28.9317,100,100
28.9305,100,100
28.9294,100,100
28.9282,100,100
28.9271,100,100
28.9259,100,100
28.9248,100,100
28.9236,100,100
28.9225,100,100
28.9213,100,100
28.9202,100,100
28.9191,100,100
28.9179,100,100
28.9168,100,100
28.9156,100,100
28.9145,100,100
28.9133,100,100
28.9122,100,100
28.911,100,100
28.9099,100,100
28.9087,100,100
28.9076,100,100
28.9064,100,100
28.9053,100,100
28.9041,100,100
28.903,100,100
28.9018,100,100
28.9007,100,100
28.8995,100,100
28.8984,100,100
28.8972,100,100
28.8961,100,100
28.8949,100,100
28.8938,100,100
28.8926,100,100
28.8915,100,100
28.8903,100,100
28.8892,100,100
28.8881,100,100
28.8869,100,100
28.8858,100,100
28.8846,100,100
28.8835,100,100
28.8823,100,100
28.8812,100,100
28.88,100,100
28.8789,100,100
28.8777,100,100
28.8766,100,100
28.8754,100,100
28.8743,100,100
28.8731,100,100
28.872,100,100
28.8708,100,100
28.8697,100,100
28.8685,100,100
28.8673,100,100
28.8662,100,100
28.865,100,100
28.8639,100,100
28.8627,100,100
28.8616,100,100
28.8604,100,100
28.8593,100,100
28.8581,100,100
28.857,100,100
28.8558,100,100
28.8547,100,100
28.8535,100,100
28.8524,100,100
28.8512,100,100
28.8501,100,100
28.8489,100,100
28.8478,100,100
28.8466,100,100
28.8455,100,100
28.8443,100,100
28.8432,100,100
28.842,100,100
28.8409,100,100
28.8397,100,100
28.8386,100,100
28.8374,100,100
28.8362,100,100
28.8351,100,100
28.8339,100,100
28.8328,100,100
28.8316,100,100
28.8305,100,100
28.8293,100,100
28.8282,100,100
28.827,100,100
28.8259,100,100
28.8247,100,100
28.8236,100,100
28.8224,100,100
28.8213,100,100
28.8201,100,100
28.819,100,100
28.8178,100,100
28.8167,100,100
28.8155,100,100
28.8144,100,100
28.8132,100,100
28.8121,100,100
28.8109,100,100
28.8098,100,100
28.8086,100,100
28.8075,100,100
28.8063,100,100
28.8051,100,100
28.804,100,100
28.8028,100,100
28.8017,100,100
28.8005,100,100
28.7994,100,100
28.7982,100,100
28.7971,100,100
28.7959,100,100
28.7948,100,100
28.7936,100,100
28.7925,100,100
28.7913,100,100
28.7902,100,100
28.789,100,100
28.7879,100,100
28.7867,100,100
28.7856,100,100
28.7844,100,100
28.7833,100,100
28.7821,100,100
28.781,100,100
28.7798,100,100
28.7787,100,100
28.7775,100,100
28.7764,100,100
28.7752,100,100
28.774,100,100
28.7729,100,100
28.7717,100,100
28.7706,100,100
28.7694,100,100
28.7683,100,100
28.7671,100,100
28.766,100,100
28.7648,100,100
28.7637,100,100
28.7625,100,100
28.7614,100,100
28.7602,100,100
28.7591,100,100
28.7579,100,100
28.7568,100,100
28.7556,100,100
28.7544,100,100
28.7533,100,100
28.7521,100,100
28.751,100,100
28.7498,100,100
28.7487,100,100
28.7475,100,100
28.7464,100,100
28.7452,100,100
28.7441,100,100
28.7429,100,100
28.7417,100,100
28.7406,100,100
28.7394,100,100
28.7383,100,100
28.7371,100,100
28.736,100,100
28.7348,100,100
28.7337,100,100
28.7325,100,100
28.7314,100,100
28.7302,100,100
28.7291,100,100
28.7279,100,100
28.7267,100,100
28.7256,100,100
28.7244,100,100
28.7233,100,100
28.7221,100,100
28.721,100,100
28.7198,100,100
28.7187,100,100
28.7175,100,100
28.7164,100,100
28.7152,100,100
28.714,100,100
28.7129,100,100
28.7117,100,100
28.7106,100,100
28.7094,100,100
28.7083,100,100
28.7071,100,100
28.706,100,100
28.7048,100,100
28.7037,100,100
28.7025,100,100
28.7014,100,100
28.7002,100,100
28.699,100,100
28.6979,100,100
28.6967,100,100
28.6956,100,100
28.6944,100,100
28.6933,100,100
28.6921,100,100
28.691,100,100
28.6898,100,100
28.6887,100,100
28.6875,100,100
28.6863,100,100
28.6852,100,100
28.684,100,100
28.6829,100,100
28.6817,100,100
28.6806,100,100
28.6794,100,100
28.6783,100,100
28.6771,100,100
28.676,100,100
28.6748,100,100
28.6736,100,100
28.6725,100,100
28.6713,100,100
28.6702,100,100
28.669,100,100
28.6679,100,100
28.6667,100,100
28.6656,100,100
28.6644,100,100
28.6633,100,100
28.6621,100,100
28.661,100,100
28.6598,100,100
28.6586,100,100
28.6575,100,100
28.6563,100,100
28.6552,100,100
28.654,100,100
28.6529,100,100
28.6517,100,100
28.6506,100,100
28.6494,100,100
28.6483,100,100
28.6471,100,100
28.6459,100,100
28.6448,100,100
28.6436,100,100
28.6425,100,100
28.6413,100,100
28.6401,100,100
28.639,100,100
28.6378,100,100
28.6367,100,100
28.6355,100,100
28.6344,100,100
28.6332,100,100
28.632,100,100
28.6309,100,100
28.6297,100,100
28.6286,100,100
28.6274,100,100
28.6263,100,100
28.6251,100,100
28.6239,100,100
28.6228,100,100
28.6216,100,100
28.6205,100,100
28.6193,100,100
28.6181,100,100
28.617,100,100
28.6158,100,100
28.6147,100,100
28.6135,100,100
28.6124,100,100
28.6112,100,100
28.61,100,100
28.6089,100,100
28.6077,100,100
28.6066,100,100
28.6054,100,100
28.6042,100,100
28.6031,100,100
28.6019,100,100
28.6008,100,100
28.5996,100,100
28.5985,100,100
28.5973,100,100
28.5961,100,100
28.595,100,100
28.5938,100,100
28.5927,100,100
28.5915,100,100
28.5904,100,100
28.5892,100,100
28.588,100,100
28.5869,100,100
28.5857,100,100
28.5846,100,100
28.5834,100,100
28.5822,100,100
28.5811,100,100
28.5799,100,100
28.5788,100,100
28.5776,100,100
28.5765,100,100
28.5753,100,100
28.5741,100,100
28.573,100,100
28.5718,100,100
28.5707,100,100
28.5695,100,100
28.5683,100,100
28.5672,100,100
28.566,100,100
28.5649,100,100
28.5637,100,100
28.5626,100,100
28.5614,100,100
28.5602,100,100
28.5591,100,100
28.5579,100,100
28.5568,100,100
28.5556,100,100
28.5545,100,100
28.5533,100,100
28.5521,100,100
28.551,100,100
28.5498,100,100
28.5487,100,100
28.5475,100,100
28.5463,100,100
28.5452,100,100
28.544,100,100
28.5429,100,100
28.5417,100,100
28.5406,100,100
28.5394,100,100
28.5382,100,100
28.5371,100,100
28.5359,100,100
28.5348,100,100
28.5336,100,100
28.5324,100,100
28.5313,100,100
28.5301,100,100
28.529,100,100
28.5278,100,100
28.5267,100,100
28.5255,100,100
28.5243,100,100
28.5232,100,100
28.522,100,100
28.5209,100,100
28.5197,100,100
28.5185,100,100
28.5174,100,100
28.5162,100,100
28.5151,100,100
28.5139,100,100
28.5127,100,100
28.5116,100,100
28.5104,100,100
28.5093,100,100
28.5081,100,100
28.5069,100,100
28.5058,100,100
28.5046,100,100
28.5035,100,100
28.5023,100,100
28.5011,100,100
28.5,100,100
28.4988,100,100
28.4977,100,100
28.4965,100,100
28.4953,100,100
28.4942,100,100
28.493,100,100
28.4919,100,100
28.4907,100,100
28.4895,100,100
28.4884,100,100
28.4872,100,100
28.4861,100,100
28.4849,100,100
28.4838,100,100
28.4826,100,100
28.4814,100,100
28.4803,100,100
28.4791,100,100
28.478,100,100
28.4768,100,100
28.4756,100,100
28.4745,100,100
28.4733,100,100
28.4722,100,100
28.471,100,100
28.4698,100,100
28.4687,100,100
28.4675,100,100
28.4664,100,100
28.4652,100,100
28.464,100,100
28.4629,100,100
28.4617,100,100
28.4606,100,100
28.4594,100,100
28.4582,100,100
28.4571,100,100
28.4559,100,100
28.4548,100,100
28.4536,100,100
28.4524,100,100
28.4513,100,100
28.4501,100,100
28.449,100,100
28.4478,100,100
28.4466,100,100
28.4455,100,100
28.4443,100,100
28.4432,100,100
28.442,100,100
28.4408,100,100
28.4397,100,100
28.4385,100,100
28.4374,100,100
28.4362,100,100
28.4351,100,100
28.4339,100,100
28.4327,100,100
28.4316,100,100
28.4304,100,100
28.4293,100,100
28.4281,100,100
28.4269,100,100
28.4258,100,100
28.4246,100,100
28.4235,100,100
28.4223,100,100
28.4211,100,100
28.42,100,100
28.4188,100,100
28.4177,100,100
28.4165,100,100
28.4153,100,100
28.4142,100,100
28.413,100,100
28.4118,100,100
28.4107,100,100
28.4095,100,100
28.4084,100,100
28.4072,100,100
28.406,100,100
28.4049,100,100
28.4037,100,100
28.4025,100,100
28.4014,100,100
28.4002,100,100
28.399,100,100
28.3979,100,100
28.3967,100,100
28.3956,100,100
28.3944,100,100
28.3932,100,100
28.3921,100,100
28.3909,100,100
28.3897,100,100
28.3886,100,100
28.3874,100,100
28.3862,100,100
28.3851,100,100
28.3839,100,100
28.3828,100,100
28.3816,100,100
28.3804,100,100
28.3793,100,100
28.3781,100,100
28.3769,100,100
28.3758,100,100
28.3746,100,100
28.3734,100,100
28.3723,100,100
28.3711,100,100
28.37,100,100
28.3688,100,100
28.3676,100,100
28.3665,100,100
28.3653,100,100
28.3641,100,100
28.363,100,100
28.3618,100,100
28.3607,100,100
28.3595,100,100
28.3583,100,100
28.3572,100,100
28.356,100,100
28.3548,100,100
28.3537,100,100
28.3525,100,100
28.3513,100,100
28.3502,100,100
28.349,100,100
28.3479,100,100
28.3467,100,100
28.3455,100,100
28.3444,100,100
28.3432,100,100
28.342,100,100
28.3409,100,100
28.3397,100,100
28.3385,100,100
28.3374,100,100
28.3362,100,100
28.3351,100,100
28.3339,100,100
28.3327,100,100
28.3316,100,100
28.3304,100,100
28.3292,100,100
28.3281,100,100
28.3269,100,100
28.3257,100,100
28.3246,100,100
28.3234,100,100
28.3223,100,100
28.3211,100,100
28.3199,100,100
28.3188,100,100
28.3176,100,100
28.3164,100,100
28.3153,100,100
28.3141,100,100
28.313,100,100
28.3118,100,100
28.3106,100,100
28.3095,100,100
28.3083,100,100
28.3071,100,100
28.306,100,100
28.3048,100,100
28.3036,100,100
28.3025,100,100
28.3013,100,100
28.3002,100,100
28.299,100,100
28.2978,100,100
28.2967,100,100
28.2955,100,100
28.2943,100,100
28.2932,100,100
28.292,100,100
28.2908,100,100
28.2897,100,100
28.2885,100,100
28.2873,100,100
28.2862,100,100
28.285,100,100
28.2838,100,100
28.2827,100,100
28.2815,100,100
28.2804,100,100
28.2792,100,100
28.278,100,100
28.2769,100,100
28.2757,100,100
28.2745,100,100
28.2734,100,100
28.2722,100,100
28.271,100,100
28.2699,100,100
28.2687,100,100
28.2675,100,100
28.2664,100,100
28.2652,100,100
28.264,100,100
28.2629,100,100
28.2617,100,100
28.2606,100,100
28.2594,100,100
28.2582,100,100
28.2571,100,100
28.2559,100,100
28.2547,100,100
28.2536,100,100
28.2524,100,100
28.2512,100,100
28.2501,100,100
28.2489,100,100
28.2477,100,100
28.2466,100,100
28.2454,100,100
28.2443,100,100
28.2431,100,100
28.2419,100,100
28.2408,100,100
28.2396,100,100
28.2384,100,100
28.2373,100,100
28.2361,100,100
28.2349,100,100
28.2338,100,100
28.2326,100,100
28.2314,100,100
28.2303,100,100
28.2291,100,100
28.2279,100,100
28.2268,100,100
28.2256,100,100
28.2245,100,100
28.2233,100,100
28.2221,100,100
28.221,100,100
28.2198,100,100
28.2186,100,100
28.2175,100,100
28.2163,100,100
28.2151,100,100
28.214,100,100
28.2128,100,100
28.2116,100,100
28.2105,100,100
28.2093,100,100
28.2081,100,100
28.207,100,100
28.2058,100,100
28.2047,100,100
28.2035,100,100
28.2023,100,100
28.2012,100,100
28.2,100,100
28.1988,100,100
28.1977,100,100
28.1965,100,100
28.1953,100,100
28.1942,100,100
28.193,100,100
28.1918,100,100
28.1907,100,100
28.1895,100,100
28.1883,100,100
28.1872,100,100
28.186,100,100
28.1849,100,100
28.1837,100,100
28.1825,100,100
28.1814,100,100
28.1802,100,100
28.179,100,100
28.1779,100,100
28.1767,100,100
28.1755,100,100
28.1744,100,100
28.1732,100,100
28.172,100,100
28.1709,100,100
28.1697,100,100
28.1685,100,100
28.1674,100,100
28.1662,100,100
28.1651,100,100
28.1639,100,100
28.1627,100,100
28.1616,100,100
28.1604,100,100
28.1592,100,100
28.1581,100,100
28.1569,100,100
28.1557,100,100
28.1546,100,100
28.1534,100,100
28.1522,100,100
28.1511,100,100
28.1499,100,100
28.1487,100,100
28.1476,100,100
28.1464,100,100
28.1453,100,100
28.1441,100,100
28.1429,100,100
28.1418,100,100
28.1406,100,100
28.1394,100,100
28.1383,100,100
28.1371,100,100
28.1359,100,100
28.1348,100,100
28.1336,100,100
28.1324,100,100
28.1313,100,100
28.1301,100,100
28.129,100,100
28.1278,100,100
28.1266,100,100
28.1255,100,100
28.1243,100,100
28.1231,100,100
28.122,100,100
28.1208,100,100
28.1196,100,100
28.1185,100,100
28.1173,100,100
28.1161,100,100
28.115,100,100
28.1138,100,100
28.1126,100,100
28.1115,100,100
28.1103,100,100
28.1092,100,100
28.108,100,100
28.1068,100,100
28.1057,100,100
28.1045,100,100
28.1033,100,100
28.1022,100,100
28.101,100,100
28.0998,100,100
28.0987,100,100
28.0975,100,100
28.0963,100,100
28.0952,100,100
28.094,100,100
28.0928,100,100
28.0917,100,100
28.0905,100,100
28.0894,100,100
28.0882,100,100
28.087,100,100
28.0859,100,100
28.0847,100,100
28.0835,100,100
28.0824,100,100
28.0812,100,100
28.08,100,100
28.0789,100,100
28.0777,100,100
28.0765,100,100
28.0754,100,100
28.0742,100,100
28.073,100,100
28.0719,100,100
28.0707,100,100
28.0696,100,100
28.0684,100,100
28.0672,100,100
28.0661,100,100
28.0649,100,100
28.0637,100,100
28.0626,100,100
28.0614,100,100
28.0602,100,100
28.0591,100,100
28.0579,100,100
28.0567,100,100
28.0556,100,100
28.0544,100,100
28.0532,100,100
28.0521,100,100
28.0509,100,100
28.0498,100,100
28.0486,100,100
28.0474,100,100
28.0463,100,100
28.0451,100,100
28.0439,100,100
28.0428,100,100
28.0416,100,100
28.0404,100,100
28.0393,100,100
28.0381,100,100
28.0369,100,100
28.0358,100,100
28.0346,100,100
28.0334,100,100
28.0323,100,100
28.0311,100,100
28.03,100,100
28.0288,100,100
28.0276,100,100
28.0265,100,100
28.0253,100,100
28.0241,100,100
28.023,100,100
28.0218,100,100
28.0206,100,100
28.0195,100,100
28.0183,100,100
28.0171,100,100
28.016,100,100
28.0148,100,100
28.0136,100,100
28.0125,100,100
28.0113,100,100
28.0102,100,100
28.009,100,100
28.0078,100,100
28.0067,100,100
28.0055,100,100
28.0043,100,100
28.0032,100,100
28.002,100,100
28.0008,100,100
27.9997,100,100
27.9985,100,100
27.9973,100,100
27.9962,100,100
27.995,100,100
27.9939,100,100
27.9927,100,100
27.9915,100,100
27.9904,100,100
27.9892,100,100
27.988,100,100
27.9869,100,100
27.9857,100,100
27.9845,100,100
27.9834,100,100
27.9822,100,100
27.981,100,100
27.9799,100,100
27.9787,100,100
27.9775,100,100
27.9764,100,100
27.9752,100,100
27.9741,100,100
27.9729,100,100
27.9717,100,100
27.9706,100,100
27.9694,100,100
27.9682,100,100
27.9671,100,100
27.9659,100,100
27.9647,100,100
27.9636,100,100
27.9624,100,100
27.9612,100,100
27.9601,100,100
27.9589,100,100
27.9577,100,100
27.9566,100,100
27.9554,100,100
27.9543,100,100
27.9531,100,100
27.9519,100,100
27.9508,100,100
27.9496,100,100
27.9484,100,100
27.9473,100,100
27.9461,100,100
27.9449,100,100
27.9438,100,100
27.9426,100,100
27.9414,100,100
27.9403,100,100
27.9391,100,100
27.9379,100,100
27.9368,100,100
27.9356,100,100
27.9345,100,100
27.9333,100,100
27.9321,100,100
27.931,100,100
27.9298,100,100
27.9286,100,100
27.9275,100,100
27.9263,100,100
27.9251,100,100
27.924,100,100
27.9228,100,100
27.9216,100,100
27.9205,100,100
27.9193,100,100
27.9181,100,100
27.917,100,100
27.9158,100,100
27.9147,100,100
27.9135,100,100
27.9123,100,100
27.9112,100,100
27.91,100,100
27.9088,100,100
27.9077,100,100
27.9065,100,100
27.9053,100,100
27.9042,100,100
27.903,100,100
27.9018,100,100
27.9007,100,100
27.8995,100,100
27.8983,100,100
27.8972,100,100
27.896,100,100
27.8949,100,100
27.8937,100,100
27.8925,100,100
27.8914,100,100
27.8902,100,100
27.889,100,100
27.8879,100,100
27.8867,100,100
27.8855,100,100
27.8844,100,100
27.8832,100,100
27.882,100,100
27.8809,100,100
27.8797,100,100
27.8786,100,100
27.8774,100,100
27.8762,100,100
27.8751,100,100
27.8739,100,100
27.8727,100,100
27.8716,100,100
27.8704,100,100
27.8692,100,100
27.8681,100,100
27.8669,100,100
27.8657,100,100
27.8646,100,100
27.8634,100,100
27.8622,100,100
27.8611,100,100
27.8599,100,100
27.8588,100,100
27.8576,100,100
27.8564,100,100
27.8553,100,100
27.8541,100,100
27.8529,100,100
27.8518,100,100
27.8506,100,100
27.8494,100,100
27.8483,100,100
27.8471,100,100
27.8459,100,100
27.8448,100,100
27.8436,100,100
27.8424,100,100
27.8413,100,100
27.8401,100,100
27.839,100,100
27.8378,100,100
27.8366,100,100
27.8355,100,100
27.8343,100,100
27.8331,100,100
27.832,100,100
27.8308,100,100
27.8296,100,100
27.8285,100,100
27.8273,100,100
27.8261,100,100
27.825,100,100
27.8238,100,100
27.8226,100,100
27.8215,100,100
27.8203,100,100
27.8192,100,100
27.818,100,100
27.8168,100,100
27.8157,100,100
27.8145,100,100
27.8133,100,100
27.8122,100,100
27.811,100,100
27.8098,100,100
27.8087,100,100
27.8075,100,100
27.8063,100,100
27.8052,100,100
27.804,100,100
27.8028,100,100
27.8017,100,100
27.8005,100,100
27.7994,100,100
27.7982,100,100
27.797,100,100
27.7959,100,100
27.7947,100,100
27.7935,100,100
27.7924,100,100
27.7912,100,100
27.79,100,100
27.7889,100,100
27.7877,100,100
27.7865,100,100
27.7854,100,100
27.7842,100,100
27.783,100,100
27.7819,100,100
27.7807,100,100
27.7796,100,100
27.7784,100,100
27.7772,100,100
27.7761,100,100
27.7749,100,100
27.7737,100,100
27.7726,100,100
27.7714,100,100
27.7702,100,100
27.7691,100,100
27.7679,100,100
27.7667,100,100
27.7656,100,100
27.7644,100,100
27.7632,100,100
27.7621,100,100
27.7609,100,100
27.7598,100,100
27.7586,100,100
27.7574,100,100
27.7563,100,100
27.7551,100,100
27.7539,100,100
27.7528,100,100
27.7516,100,100
27.7504,100,100
27.7493,100,100
27.7481,100,100
27.7469,100,100
27.7458,100,100
27.7446,100,100
27.7434,100,100
27.7423,100,100
27.7411,100,100
27.74,100,100
27.7388,100,100
27.7376,100,100
27.7365,100,100
27.7353,100,100
27.7341,100,100
27.733,100,100
27.7318,100,100
27.7306,100,100
27.7295,100,100
27.7283,100,100
27.7271,100,100
27.726,100,100
27.7248,100,100
27.7236,100,100
27.7225,100,100
27.7213,100,100
27.7202,100,100
27.719,100,100
27.7178,100,100
27.7167,100,100
27.7155,100,100
27.7143,100,100
27.7132,100,100
27.712,100,100
27.7108,100,100
27.7097,100,100
27.7085,100,100
27.7073,100,100
27.7062,100,100
27.705,100,100
27.7038,100,100
27.7027,100,100
27.7015,100,100
27.7004,100,100
27.6992,100,100
27.698,100,100
27.6969,100,100
27.6957,100,100
27.6945,100,100
27.6934,100,100
27.6922,100,100
27.691,100,100
27.6899,100,100
27.6887,100,100
27.6875,100,100
27.6864,100,100
27.6852,100,100
27.684,100,100
27.6829,100,100
27.6817,100,100
27.6806,100,100
27.6794,100,100
27.6782,100,100
27.6771,100,100
27.6759,100,100
27.6747,100,100
27.6736,100,100
27.6724,100,100
27.6712,100,100
27.6701,100,100
27.6689,100,100
27.6677,100,100
27.6666,100,100
27.6654,100,100
27.6642,100,100
27.6631,100,100
27.6619,100,100
27.6608,100,100
27.6596,100,100
27.6584,100,100
27.6573,100,100
27.6561,100,100
27.6549,100,100
27.6538,100,100
27.6526,100,100
27.6514,100,100
27.6503,100,100
27.6491,100,100
27.6479,100,100
27.6468,100,100
27.6456,100,100
27.6445,100,100
27.6433,100,100
27.6421,100,100
27.641,100,100
27.6398,100,100
27.6386,100,100
27.6375,100,100
27.6363,100,100
27.6351,100,100
27.634,100,100
27.6328,100,100
27.6316,100,100
27.6305,100,100
27.6293,100,100
27.6281,100,100
27.627,100,100
27.6258,100,100
27.6247,100,100
27.6235,100,100
27.6223,100,100
27.6212,100,100
27.62,100,100
27.6188,100,100
27.6177,100,100
27.6165,100,100
27.6153,100,100
27.6142,100,100
27.613,100,100
27.6118,100,100
27.6107,100,100
27.6095,100,100
27.6083,100,100
27.6072,100,100
27.606,100,100
27.6049,100,100
27.6037,100,100
27.6025,100,100
27.6014,100,100
27.6002,100,100
27.599,100,100
27.5979,100,100
27.5967,100,100
27.5955,100,100
27.5944,100,100
27.5932,100,100
27.592,100,100
27.5909,100,100
27.5897,100,100
27.5885,100,100
27.5874,100,100
27.5862,100,100
27.5851,100,100
27.5839,100,100
27.5827,100,100
27.5816,100,100
27.5804,100,100
27.5792,100,100
27.5781,100,100
27.5769,100,100
27.5757,100,100
27.5746,100,100
27.5734,100,100
27.5722,100,100
27.5711,100,100
27.5699,100,100
27.5687,100,100
27.5676,100,100
27.5664,100,100
27.5653,100,100
27.5641,100,100
27.5629,100,100
27.5618,100,100
27.5606,100,100
27.5594,100,100
27.5583,100,100
27.5571,100,100
27.5559,100,100
27.5548,100,100
27.5536,100,100
27.5524,100,100
27.5513,100,100
27.5501,100,100
27.5489,100,100
27.5478,100,100
27.5466,100,100
27.5455,100,100
27.5443,100,100
27.5431,100,100
27.542,100,100
27.5408,100,100
27.5396,100,100
27.5385,100,100
27.5373,100,100
27.5361,100,100
27.535,100,100
27.5338,100,100
27.5326,100,100
27.5315,100,100
27.5303,100,100
27.5292,100,100
27.528,100,100
27.5268,100,100
27.5257,100,100
27.5245,100,100
27.5233,100,100
27.5222,100,100
27.521,100,100
27.5198,100,100
27.5187,100,100
27.5175,100,100
27.5163,100,100
27.5152,100,100
27.514,100,100
27.5128,100,100
27.5117,100,100
27.5105,100,100
27.5094,100,100
27.5082,100,100
27.507,100,100
27.5059,100,100
27.5047,100,100
27.5035,100,100
27.5024,100,100
27.5012,100,100
27.5,100,100
27.4989,100,100
27.4977,100,100
27.4965,100,100
27.4954,100,100
27.4942,100,100
27.493,100,100
27.4919,100,100
27.4907,100,100
27.4896,100,100
27.4884,100,100
27.4872,100,100
27.4861,100,100
27.4849,100,100
27.4837,100,100
27.4826,100,100
27.4814,100,100
27.4802,100,100
27.4791,100,100
27.4779,100,100
27.4767,100,100
27.4756,100,100
27.4744,100,100
27.4732,100,100
27.4721,100,100
27.4709,100,100
27.4697,100,100
27.4686,100,100
27.4674,100,100
27.4662,100,100
27.4651,100,100
27.4639,100,100
27.4627,100,100
27.4616,100,100
27.4604,100,100
27.4592,100,100
27.4581,100,100
27.4569,100,100
27.4558,100,100
27.4546,100,100
27.4534,100,100
27.4523,100,100
27.4511,100,100
27.4499,100,100
27.4488,100,100
27.4476,100,100
27.4464,100,100
27.4453,100,100
27.4441,100,100
27.4429,100,100
27.4418,100,100
27.4406,100,100
27.4394,100,100
27.4383,100,100
27.4371,100,100
27.4359,100,100
27.4348,100,100
27.4336,100,100
27.4324,100,100
27.4313,100,100
27.4301,100,100
27.4289,100,100
27.4278,100,100
27.4266,100,100
27.4254,100,100
27.4243,100,100
27.4231,100,100
27.4219,100,100
27.4208,100,100
27.4196,100,100
27.4185,100,100
27.4173,100,100
27.4161,100,100
27.415,100,100
27.4138,100,100
27.4126,100,100
27.4115,100,100
27.4103,100,100
27.4091,100,100
27.408,100,100
27.4068,100,100
27.4056,100,100
27.4045,100,100
27.4033,100,100
27.4021,100,100
27.401,100,100
27.3998,100,100
27.3986,100,100
27.3975,100,100
27.3963,100,100
27.3951,100,100
27.394,100,100
27.3928,100,100
27.3916,100,100
27.3905,100,100
27.3893,100,100
27.3881,100,100
27.387,100,100
27.3858,100,100
27.3846,100,100
27.3835,100,100
27.3823,100,100
27.3812,100,100
27.38,100,100
27.3788,100,100
27.3777,100,100
27.3765,100,100
27.3753,100,100
27.3742,100,100
27.373,100,100
27.3718,100,100
27.3707,100,100
27.3695,100,100
27.3683,100,100
27.3672,100,100
27.366,100,100
27.3648,100,100
27.3637,100,100
27.3625,100,100
27.3613,100,100
27.3602,100,100
27.359,100,100
27.3578,100,100
27.3567,100,100
27.3555,100,100
27.3543,100,100
27.3532,100,100
27.352,100,100
27.3508,100,100
27.3497,100,100
27.3485,100,100
27.3473,100,100
27.3461,100,100
27.345,100,100
27.3438,100,100
27.3426,100,100
27.3415,100,100
27.3403,100,100
27.3391,100,100
27.338,100,100
27.3368,100,100
27.3356,100,100
27.3345,100,100
27.3333,100,100
27.3321,100,100
27.331,100,100
27.3298,100,100
27.3286,100,100
27.3275,100,100
27.3263,100,100
27.3251,100,100
27.324,100,100
27.3228,100,100
27.3216,100,100
27.3205,100,100
27.3193,100,100
27.3181,100,100
27.317,100,100
27.3158,100,100
27.3146,100,100
27.3135,100,100
27.3123,100,100
27.3111,100,100
27.31,100,100
27.3088,100,100
27.3076,100,100
27.3065,100,100
27.3053,100,100
27.3041,100,100
27.303,100,100
27.3018,100,100
27.3006,100,100
27.2995,100,100
27.2983,100,100
27.2971,100,100
27.296,100,100
27.2948,100,100
27.2936,100,100
27.2924,100,100
27.2913,100,100
27.2901,100,100
27.2889,100,100
27.2878,100,100
27.2866,100,100
27.2854,100,100
27.2843,100,100
27.2831,100,100
27.2819,100,100
27.2808,100,100
27.2796,100,100
27.2784,100,100
27.2773,100,100
27.2761,100,100
27.2749,100,100
27.2738,100,100
27.2726,100,100
27.2714,100,100
27.2703,100,100
27.2691,100,100
27.2679,100,100
27.2668,100,100
27.2656,100,100
27.2644,100,100
27.2633,100,100
27.2621,100,100
27.2609,100,100
27.2598,100,100
27.2586,100,100
27.2574,100,100
27.2563,100,100
27.2551,100,100
27.2539,100,100
27.2528,100,100
27.2516,100,100
27.2504,100,100
27.2493,100,100
27.2481,100,100
27.2469,100,100
27.2458,100,100
27.2446,100,100
27.2434,100,100
27.2423,100,100
27.2411,100,100
27.2399,100,100
27.2388,100,100
27.2376,100,100
27.2365,100,100
27.2353,100,100
27.2341,100,100
27.233,100,100
27.2318,100,100
27.2306,100,100
27.2295,100,100
27.2283,100,100
27.2271,100,100
27.226,100,100
27.2248,100,100
27.2236,100,100
27.2225,100,100
27.2213,100,100
27.2201,100,100
27.219,100,100
27.2178,100,100
27.2167,100,100
27.2155,100,100
27.2143,100,100
27.2132,100,100
27.212,100,100
27.2108,100,100
27.2097,100,100
27.2085,100,100
27.2073,100,100
27.2062,100,100
27.205,100,100
27.2038,100,100
27.2027,100,100
27.2015,100,100
27.2003,100,100
27.1992,100,100
27.198,100,100
27.1968,100,100
27.1957,100,100
27.1945,100,100
27.1934,100,100
27.1922,100,100
27.191,100,100
27.1899,100,100
27.1887,100,100
27.1875,100,100
27.1864,100,100
27.1852,100,100
27.184,100,100
27.1829,100,100
27.1817,100,100
27.1805,100,100
27.1794,100,100
27.1782,100,100
27.177,100,100
27.1759,100,100
27.1747,100,100
27.1736,100,100
27.1724,100,100
27.1712,100,100
27.1701,100,100
27.1689,100,100
27.1677,100,100
27.1666,100,100
27.1654,100,100
27.1642,100,100
27.1631,100,100
27.1619,100,100
27.1607,100,100
27.1596,100,100
27.1584,100,100
27.1572,100,100
27.1561,100,100
27.1549,100,100
27.1538,100,100
27.1526,100,100
27.1514,100,100
27.1503,100,100
27.1491,100,100
27.1479,100,100
27.1468,100,100
27.1456,100,100
27.1444,100,100
27.1433,100,100
27.1421,100,100
27.1409,100,100
27.1398,100,100
27.1386,100,100
27.1374,100,100
27.1363,100,100
27.1351,100,100
27.134,100,100
27.1328,100,100
27.1316,100,100
27.1305,100,100
27.1293,100,100
27.1281,100,100
27.127,100,100
27.1258,100,100
27.1246,100,100
27.1235,100,100
27.1223,100,100
27.1211,100,100
27.12,100,100
27.1188,100,100
27.1176,100,100
27.1165,100,100
27.1153,100,100
27.1142,100,100
27.113,100,100
27.1118,100,100
27.1107,100,100
27.1095,100,100
27.1083,100,100
27.1072,100,100
27.106,100,100
27.1048,100,100
27.1037,100,100
27.1025,100,100
27.1013,100,100
27.1002,100,100
27.099,100,100
27.0978,100,100
27.0967,100,100
27.0955,100,100
27.0944,100,100
27.0932,100,100
27.092,100,100
27.0909,100,100
27.0897,100,100
27.0885,100,100
27.0874,100,100
27.0862,100,100
27.085,100,100
27.0839,100,100
27.0827,100,100
27.0815,100,100
27.0804,100,100
27.0792,100,100
27.078,100,100
27.0769,100,100
27.0757,100,100
27.0746,100,100
27.0734,100,100
27.0722,100,100
27.0711,100,100
27.0699,100,100
27.0687,100,100
27.0676,100,100
27.0664,100,100
27.0652,100,100
27.0641,100,100
27.0629,100,100
27.0617,100,100
27.0606,100,100
27.0594,100,100
27.0583,100,100
27.0571,100,100
27.0559,100,100
27.0548,100,100
27.0536,100,100
27.0524,100,100
27.0513,100,100
27.0501,100,100
27.0489,100,100
27.0478,100,100
27.0466,100,100
27.0454,100,100
27.0443,100,100
27.0431,100,100
27.0419,100,100
27.0408,100,100
27.0396,100,100
27.0385,100,100
27.0373,100,100
27.0361,100,100
27.035,100,100
27.0338,100,100
27.0326,100,100
27.0315,100,100
27.0303,100,100
27.0291,100,100
27.028,100,100
27.0268,100,100
27.0256,100,100
27.0245,100,100
27.0233,100,100
27.0221,100,100
27.021,100,100
27.0198,100,100
27.0187,100,100
27.0175,100,100
27.0163,100,100
27.0152,100,100
27.014,100,100
27.0128,100,100
27.0117,100,100
27.0105,100,100
27.0093,100,100
27.0082,100,100
27.007,100,100
27.0058,100,100
27.0047,100,100
27.0035,100,100
27.0023,100,100
27.0012,100,100
27,100,100
26.9989,100,100
26.9977,100,100
26.9965,100,100
26.9954,100,100
26.9942,100,100
26.993,100,100
26.9919,100,100
26.9907,100,100
26.9895,100,100
26.9884,100,100
26.9872,100,100
26.986,100,100
26.9849,100,100
26.9837,100,100
26.9825,100,100
26.9814,100,100
26.9802,100,100
26.9791,100,100
26.9779,100,100
26.9767,100,100
26.9756,100,100
26.9744,100,100
26.9732,100,100
26.9721,100,100
26.9709,100,100
26.9697,100,100
26.9686,100,100
26.9674,100,100
26.9662,100,100
26.9651,100,100
26.9639,100,100
26.9627,100,100
26.9616,100,100
26.9604,100,100
26.9593,100,100
26.9581,100,100
26.9569,100,100
26.9558,100,100
26.9546,100,100
26.9534,100,100
26.9523,100,100
26.9511,100,100
26.9499,100,100
26.9488,100,100
26.9476,100,100
26.9464,100,100
26.9453,100,100
26.9441,100,100
26.943,100,100
26.9418,100,100
26.9406,100,100
26.9395,100,100
26.9383,100,100
26.9371,100,100
26.936,100,100
26.9348,100,100
26.9336,100,100
26.9325,100,100
26.9313,100,100
26.9301,100,100
26.929,100,100
26.9278,100,100
26.9266,100,100
26.9255,100,100
26.9243,100,100
26.9232,100,100
26.922,100,100
26.9208,100,100
26.9197,100,100
26.9185,100,100
26.9173,100,100
26.9162,100,100
26.915,100,100
26.9138,100,100
26.9127,100,100
26.9115,100,100
26.9103,100,100
26.9092,100,100
26.908,100,100
26.9068,100,100
26.9057,100,100
26.9045,100,100
26.9034,100,100
26.9022,100,100
26.901,100,100
26.8999,100,100
26.8987,100,100
26.8975,100,100
26.8964,100,100
26.8952,100,100
26.894,100,100
26.8929,100,100
26.8917,100,100
26.8905,100,100
26.8894,100,100
26.8882,100,100
26.887,100,100
26.8859,100,100
26.8847,100,100
26.8836,100,100
26.8824,100,100
26.8812,100,100
26.8801,100,100
26.8789,100,100
26.8777,100,100
26.8766,100,100
26.8754,100,100
26.8742,100,100
26.8731,100,100
26.8719,100,100
26.8707,100,100
26.8696,100,100
26.8684,100,100
26.8672,100,100
26.8661,100,100
26.8649,100,100
26.8638,100,100
26.8626,100,100
26.8614,100,100
26.8603,100,100
26.8591,100,100
26.8579,100,100
26.8568,100,100
26.8556,100,100
26.8544,100,100
26.8533,100,100
26.8521,100,100
26.8509,100,100
26.8498,100,100
26.8486,100,100
26.8474,100,100
26.8463,100,100
26.8451,100,100
26.844,100,100
26.8428,100,100
26.8416,100,100
26.8405,100,100
26.8393,100,100
26.8381,100,100
26.837,100,100
26.8358,100,100
26.8346,100,100
26.8335,100,100
26.8323,100,100
26.8311,100,100
26.83,100,100
26.8288,100,100
26.8276,100,100
26.8265,100,100
26.8253,100,100
26.8242,100,100
26.823,100,100
26.8218,100,100
26.8207,100,100
26.8195,100,100
26.8183,100,100
26.8172,100,100
26.816,100,100
26.8148,100,100
26.8137,100,100
26.8125,100,100
26.8113,100,100
26.8102,100,100
26.809,100,100
26.8079,100,100
26.8067,100,100
26.8055,100,100
26.8044,100,100
26.8032,100,100
26.802,100,100
26.8009,100,100
26.7997,100,100
26.7985,100,100
26.7974,100,100
26.7962,100,100
26.795,100,100
26.7939,100,100
26.7927,100,100
26.7915,100,100
26.7904,100,100
26.7892,100,100
26.7881,100,100
26.7869,100,100
26.7857,100,100
26.7846,100,100
26.7834,100,100
26.7822,100,100
26.7811,100,100
26.7799,100,100
26.7787,100,100
26.7776,100,100
26.7764,100,100
26.7752,100,100
26.7741,100,100
26.7729,100,100
26.7717,100,100
26.7706,100,100
26.7694,100,100
26.7683,100,100
26.7671,100,100
26.7659,100,100
26.7648,100,100
26.7636,100,100
26.7624,100,100
26.7613,100,100
26.7601,100,100
26.7589,100,100
26.7578,100,100
26.7566,100,100
26.7554,100,100
26.7543,100,100
26.7531,100,100
26.7519,100,100
26.7508,100,100
26.7496,100,100
26.7485,100,100
26.7473,100,100
26.7461,100,100
26.745,100,100
26.7438,100,100
26.7426,100,100
26.7415,100,100
26.7403,100,100
26.7391,100,100
26.738,100,100
26.7368,100,100
26.7356,100,100
26.7345,100,100
26.7333,100,100
26.7321,100,100
26.731,100,100
26.7298,100,100
26.7287,100,100
26.7275,100,100
26.7263,100,100
26.7252,100,100
26.724,100,100
26.7228,100,100
26.7217,100,100
26.7205,100,100
26.7193,100,100
26.7182,100,100
26.717,100,100
26.7158,100,100
26.7147,100,100
26.7135,100,100
26.7123,100,100
26.7112,100,100
26.71,100,100
26.7089,100,100
26.7077,100,100
26.7065,100,100
26.7054,100,100
26.7042,100,100
26.703,100,100
26.7019,100,100
26.7007,100,100
26.6995,100,100
26.6984,100,100
26.6972,100,100
26.696,100,100
26.6949,100,100
26.6937,100,100
26.6926,100,100
26.6914,100,100
26.6902,100,100
26.6891,100,100
26.6879,100,100
26.6867,100,100
26.6856,100,100
26.6844,100,100
26.6832,100,100
26.6821,100,100
26.6809,100,100
26.6797,100,100
26.6786,100,100
26.6774,100,100
26.6762,100,100
26.6751,100,100
26.6739,100,100
26.6728,100,100
26.6716,100,100
26.6704,100,100
26.6693,100,100
26.6681,100,100
26.6669,100,100
26.6658,100,100
26.6646,100,100
26.6634,100,100
26.6623,100,100
26.6611,100,100
26.6599,100,100
26.6588,100,100
26.6576,100,100
26.6564,100,100
26.6553,100,100
26.6541,100,100
26.653,100,100
26.6518,100,100
26.6506,100,100
26.6495,100,100
26.6483,100,100
26.6471,100,100
26.646,100,100
26.6448,100,100
26.6436,100,100
26.6425,100,100
26.6413,100,100
26.6401,100,100
26.639,100,100
26.6378,100,100
26.6366,100,100
26.6355,100,100
26.6343,100,100
26.6332,100,100
26.632,100,100
26.6308,100,100
26.6297,100,100
26.6285,100,100
26.6273,100,100
26.6262,100,100
26.625,100,100
26.6238,100,100
26.6227,100,100
26.6215,100,100
26.6203,100,100
26.6192,100,100
26.618,100,100
26.6168,100,100
26.6157,100,100
26.6145,100,100
26.6134,100,100
26.6122,100,100
26.611,100,100
26.6099,100,100
26.6087,100,100
26.6075,100,100
26.6064,100,100
26.6052,100,100
26.604,100,100
26.6029,100,100
26.6017,100,100
26.6005,100,100
26.5994,100,100
26.5982,100,100
26.597,100,100
26.5959,100,100
26.5947,100,100
26.5936,100,100
26.5924,100,100
26.5912,100,100
26.5901,100,100
26.5889,100,100
26.5877,100,100
26.5866,100,100
26.5854,100,100
26.5842,100,100
26.5831,100,100
26.5819,100,100
26.5807,100,100
26.5796,100,100
26.5784,100,100
26.5773,100,100
26.5761,100,100
26.5749,100,100
26.5738,100,100
26.5726,100,100
26.5714,100,100
26.5703,100,100
26.5691,100,100
26.5679,100,100
26.5668,100,100
26.5656,100,100
26.5644,100,100
26.5633,100,100
26.5621,100,100
26.5609,100,100
26.5598,100,100
26.5586,100,100
26.5575,100,100
26.5563,100,100
26.5551,100,100
26.554,100,100
26.5528,100,100
26.5516,100,100
26.5505,100,100
26.5493,100,100
26.5481,100,100
26.5469,100,100
26.5458,100,100
26.5446,100,100
26.5434,100,100
26.5423,100,100
26.5411,100,100
26.5399,100,100
26.5388,100,100
26.5376,100,100
26.5364,100,100
26.5353,100,100
26.5341,100,100
26.5329,100,100
26.5317,100,100
26.5306,100,100
26.5294,100,100
26.5282,100,100
26.5271,100,100
26.5259,100,100
26.5247,100,100
26.5236,100,100
26.5224,100,100
26.5212,100,100
26.5201,100,100
26.5189,100,100
26.5177,100,100
26.5165,100,100
26.5154,100,100
26.5142,100,100
26.513,100,100
26.5119,100,100
26.5107,100,100
26.5095,100,100
26.5084,100,100
26.5072,100,100
26.506,100,100
26.5049,100,100
26.5037,100,100
26.5025,100,100
26.5014,100,100
26.5002,100,100
26.499,100,100
26.4978,100,100
26.4967,100,100
26.4955,100,100
26.4943,100,100
26.4932,100,100
26.492,100,100
26.4908,100,100
26.4897,100,100
26.4885,100,100
26.4873,100,100
26.4862,100,100
26.485,100,100
26.4838,100,100
26.4826,100,100
26.4815,100,100
26.4803,100,100
26.4791,100,100
26.478,100,100
26.4768,100,100
26.4756,100,100
26.4745,100,100
26.4733,100,100
26.4721,100,100
26.471,100,100
26.4698,100,100
26.4686,100,100
26.4675,100,100
26.4663,100,100
26.4651,100,100
26.4639,100,100
26.4628,100,100
26.4616,100,100
26.4604,100,100
26.4593,100,100
26.4581,100,100
26.4569,100,100
26.4558,100,100
26.4546,100,100
26.4534,100,100
26.4523,100,100
26.4511,100,100
26.4499,100,100
26.4487,100,100
26.4476,100,100
26.4464,100,100
26.4452,100,100
26.4441,100,100
26.4429,100,100
26.4417,100,100
26.4406,100,100
26.4394,100,100
26.4382,100,100
26.4371,100,100
26.4359,100,100
26.4347,100,100
26.4335,100,100
26.4324,100,100
26.4312,100,100
26.43,100,100
26.4289,100,100
26.4277,100,100
26.4265,100,100
26.4254,100,100
26.4242,100,100
26.423,100,100
26.4218,100,100
26.4207,100,100
26.4195,100,100
26.4183,100,100
26.4172,100,100
26.416,100,100
26.4148,100,100
26.4137,100,100
26.4125,100,100
26.4113,100,100
26.4102,100,100
26.409,100,100
26.4078,100,100
26.4066,100,100
26.4055,100,100
26.4043,100,100
26.4031,100,100
26.402,100,100
26.4008,100,100
26.3996,100,100
26.3985,100,100
26.3973,100,100
26.3961,100,100
26.3949,100,100
26.3938,100,100
26.3926,100,100
26.3914,100,100
26.3903,100,100
26.3891,100,100
26.3879,100,100
26.3868,100,100
26.3856,100,100
26.3844,100,100
26.3832,100,100
26.3821,100,100
26.3809,100,100
26.3797,100,100
26.3786,100,100
26.3774,100,100
26.3762,100,100
26.3751,100,100
26.3739,100,100
26.3727,100,100
26.3715,100,100
26.3704,100,100
26.3692,100,100
26.368,100,100
26.3669,100,100
26.3657,100,100
26.3645,100,100
26.3634,100,100
26.3622,100,100
26.361,100,100
26.3599,100,100
26.3587,100,100
26.3575,100,100
26.3563,100,100
26.3552,100,100
26.354,100,100
26.3528,100,100
26.3517,100,100
26.3505,100,100
26.3493,100,100
26.3482,100,100
26.347,100,100
26.3458,100,100
26.3446,100,100
26.3435,100,100
26.3423,100,100
26.3411,100,100
26.34,100,100
26.3388,100,100
26.3376,100,100
26.3365,100,100
26.3353,100,100
26.3341,100,100
26.3329,100,100
26.3318,100,100
26.3306,100,100
26.3294,100,100
26.3283,100,100
26.3271,100,100
26.3259,100,100
26.3248,100,100
26.3236,100,100
26.3224,100,100
26.3212,100,100
26.3201,100,100
26.3189,100,100
26.3177,100,100
26.3166,100,100
26.3154,100,100
26.3142,100,100
26.313,100,100
26.3119,100,100
26.3107,100,100
26.3095,100,100
26.3083,100,100
26.3072,100,100
26.306,100,100
26.3048,100,100
26.3036,100,100
26.3025,100,100
26.3013,100,100
26.3001,100,100
26.2989,100,100
26.2978,100,100
26.2966,100,100
26.2954,100,100
26.2942,100,100
26.2931,100,100
26.2919,100,100
26.2907,100,100
26.2895,100,100
26.2884,100,100
26.2872,100,100
26.286,100,100
26.2848,100,100
26.2837,100,100
26.2825,100,100
26.2813,100,100
26.2801,100,100
26.279,100,100
26.2778,100,100
26.2766,100,100
26.2754,100,100
26.2743,100,100
26.2731,100,100
26.2719,100,100
26.2707,100,100
26.2696,100,100
26.2684,100,100
26.2672,100,100
26.266,100,100
26.2649,100,100
26.2637,100,100
26.2625,100,100
26.2614,100,100
26.2602,100,100
26.259,100,100
26.2578,100,100
26.2567,100,100
26.2555,100,100
26.2543,100,100
26.2531,100,100
26.252,100,100
26.2508,100,100
26.2496,100,100
26.2484,100,100
26.2473,100,100
26.2461,100,100
26.2449,100,100
26.2437,100,100
26.2426,100,100
26.2414,100,100
26.2402,100,100
26.239,100,100
26.2379,100,100
26.2367,100,100
26.2355,100,100
26.2343,100,100
26.2332,100,100
26.232,100,100
26.2308,100,100
26.2296,100,100
26.2285,100,100
26.2273,100,100
26.2261,100,100
26.2249,100,100
26.2238,100,100
26.2226,100,100
26.2214,100,100
26.2202,100,100
26.2191,100,100
26.2179,100,100
26.2167,100,100
26.2155,100,100
26.2144,100,100
26.2132,100,100
26.212,100,100
26.2108,100,100
26.2097,100,100
26.2085,100,100
26.2073,100,100
26.2061,100,100
26.205,100,100
26.2038,100,100
26.2026,100,100
26.2014,100,100
26.2003,100,100
26.1991,100,100
26.1979,100,100
26.1967,100,100
26.1956,100,100
26.1944,100,100
26.1932,100,100
26.192,100,100
26.1909,100,100
26.1897,100,100
26.1885,100,100
26.1873,100,100
26.1862,100,100
26.185,100,100
26.1838,100,100
26.1826,100,100
26.1815,100,100
26.1803,100,100
26.1791,100,100
26.1779,100,100
26.1768,100,100
26.1756,100,100
26.1744,100,100
26.1732,100,100
26.1721,100,100
26.1709,100,100
26.1697,100,100
26.1685,100,100
26.1674,100,100
26.1662,100,100
26.165,100,100
26.1638,100,100
26.1627,100,100
26.1615,100,100
26.1603,100,100
26.1591,100,100
26.158,100,100
26.1568,100,100
26.1556,100,100
26.1544,100,100
26.1533,100,100
26.1521,100,100
26.1509,100,100
26.1497,100,100
26.1486,100,100
26.1474,100,100
26.1462,100,100
26.145,100,100
26.1439,100,100
26.1427,100,100
26.1415,100,100
26.1403,100,100
26.1392,100,100
26.138,100,100
26.1368,100,100
26.1356,100,100
26.1345,100,100
26.1333,100,100
26.1321,100,100
26.1309,100,100
26.1298,100,100
26.1286,100,100
26.1274,100,100
26.1262,100,100
26.1251,100,100
26.1239,100,100
26.1227,100,100
26.1215,100,100
26.1204,100,100
26.1192,100,100
26.118,100,100
26.1168,100,100
26.1157,100,100
26.1145,100,100
26.1133,100,100
26.1121,100,100
26.111,100,100
26.1098,100,100
26.1086,100,100
26.1074,100,100
26.1063,100,100
26.1051,100,100
26.1039,100,100
26.1027,100,100
26.1016,100,100
26.1004,100,100
26.0992,100,100
26.098,100,100
26.0969,100,100
26.0957,100,100
26.0945,100,100
26.0933,100,100
26.0922,100,100
26.091,100,100
26.0898,100,100
26.0886,100,100
26.0875,100,100
26.0863,100,100
26.0851,100,100
26.0839,100,100
26.0828,100,100
26.0816,100,100
26.0804,100,100
26.0792,100,100
26.0781,100,100
26.0769,100,100
26.0757,100,100
26.0745,100,100
26.0734,100,100
26.0722,100,100
26.071,100,100
26.0698,100,100
26.0687,100,100
26.0675,100,100
26.0663,100,100
26.0651,100,100
26.064,100,100
26.0628,100,100
26.0616,100,100
26.0604,100,100
26.0593,100,100
26.0581,100,100
26.0569,100,100
26.0557,100,100
26.0546,100,100
26.0534,100,100
26.0522,100,100
26.051,100,100
26.0499,100,100
26.0487,100,100
26.0475,100,100
26.0463,100,100
26.0452,100,100
26.044,100,100
26.0428,100,100
26.0416,100,100
26.0405,100,100
26.0393,100,100
26.0381,100,100
26.0369,100,100
26.0358,100,100
26.0346,100,100
26.0334,100,100
26.0322,100,100
26.0311,100,100
26.0299,100,100
26.0287,100,100
26.0275,100,100
26.0264,100,100
26.0252,100,100
26.024,100,100
26.0228,100,100
26.0217,100,100
26.0205,100,100
26.0193,100,100
26.0181,100,100
26.017,100,100
26.0158,100,100
26.0146,100,100
26.0134,100,100
26.0123,100,100
26.0111,100,100
26.0099,100,100
26.0087,100,100
26.0076,100,100
26.0064,100,100
26.0052,100,100
26.004,100,100
26.0029,100,100
26.0017,100,100
26.0005,100,100
25.9993,100,100
25.9982,100,100
25.997,100,100
25.9958,100,100
25.9946,100,100
25.9935,100,100
25.9923,100,100
25.9911,100,100
25.9899,100,100
25.9888,100,100
25.9876,100,100
25.9864,100,100
25.9852,100,100
25.9841,100,100
25.9829,100,100
25.9817,100,100
25.9805,100,100
25.9794,100,100
25.9782,100,100
25.977,100,100
25.9758,100,100
25.9747,100,100
25.9735,100,100
25.9723,100,100
25.9711,100,100
25.97,100,100
25.9688,100,100
25.9676,100,100
25.9664,100,100
25.9653,100,100
25.9641,100,100
25.9629,100,100
25.9617,100,100
25.9606,100,100
25.9594,100,100
25.9582,100,100
25.957,100,100
25.9559,100,100
25.9547,100,100
25.9535,100,100
25.9523,100,100
25.9512,100,100
25.95,100,100
25.9488,100,100
25.9476,100,100
25.9465,100,100
25.9453,100,100
25.9441,100,100
25.9429,100,100
25.9418,100,100
25.9406,100,100
25.9394,100,100
25.9382,100,100
25.9371,100,100
25.9359,100,100
25.9347,100,100
25.9335,100,100
25.9324,100,100
25.9312,100,100
25.93,100,100
25.9288,100,100
25.9277,100,100
25.9265,100,100
25.9253,100,100
25.9241,100,100
25.923,100,100
25.9218,100,100
25.9206,100,100
25.9194,100,100
25.9183,100,100
25.9171,100,100
25.9159,100,100
25.9147,100,100
25.9136,100,100
25.9124,100,100
25.9112,100,100
25.91,100,100
25.9089,100,100
25.9077,100,100
25.9065,100,100
25.9053,100,100
25.9042,100,100
25.903,100,100
25.9018,100,100
25.9006,100,100
25.8995,100,100
25.8983,100,100
25.8971,100,100
25.8959,100,100
25.8948,100,100
25.8936,100,100
25.8924,100,100
25.8912,100,100
25.8901,100,100
25.8889,100,100
25.8877,100,100
25.8865,100,100
25.8854,100,100
25.8842,100,100
25.883,100,100
25.8818,100,100
25.8807,100,100
25.8795,100,100
25.8783,100,100
25.8771,100,100
25.876,100,100
25.8748,100,100
25.8736,100,100
25.8724,100,100
25.8713,100,100
25.8701,100,100
25.8689,100,100
25.8677,100,100
25.8666,100,100
25.8654,100,100
25.8642,100,100
25.863,100,100
25.8619,100,100
25.8607,100,100
25.8595,100,100
25.8583,100,100
25.8572,100,100
25.856,100,100
25.8548,100,100
25.8536,100,100
25.8525,100,100
25.8513,100,100
25.8501,100,100
25.8489,100,100
25.8478,100,100
25.8466,100,100
25.8454,100,100
25.8442,100,100
25.8431,100,100
25.8419,100,100
25.8407,100,100
25.8396,100,100
25.8384,100,100
25.8372,100,100
25.836,100,100
25.8349,100,100
25.8337,100,100
25.8325,100,100
25.8314,100,100
25.8302,100,100
25.829,100,100
25.8279,100,100
25.8267,100,100
25.8255,100,100
25.8243,100,100
25.8232,100,100
25.822,100,100
25.8208,100,100
25.8197,100,100
25.8185,100,100
25.8173,100,100
25.8161,100,100
25.815,100,100
25.8138,100,100
25.8126,100,100
25.8115,100,100
25.8103,100,100
25.8091,100,100
25.8079,100,100
25.8068,100,100
25.8056,100,100
25.8044,100,100
25.8033,100,100
25.8021,100,100
25.8009,100,100
25.7997,100,100
25.7986,100,100
25.7974,100,100
25.7962,100,100
25.7951,100,100
25.7939,100,100
25.7927,100,100
25.7915,100,100
25.7904,100,100
25.7892,100,100
25.788,100,100
25.7869,100,100
25.7857,100,100
25.7845,100,100
25.7833,100,100
25.7822,100,100
25.781,100,100
25.7798,100,100
25.7787,100,100
25.7775,100,100
25.7763,100,100
25.7751,100,100
25.774,100,100
25.7728,100,100
25.7716,100,100
25.7705,100,100
25.7693,100,100
25.7681,100,100
25.7669,100,100
25.7658,100,100
25.7646,100,100
25.7634,100,100
25.7623,100,100
25.7611,100,100
25.7599,100,100
25.7587,100,100
25.7576,100,100
25.7564,100,100
25.7552,100,100
25.7541,100,100
25.7529,100,100
25.7517,100,100
25.7505,100,100
25.7494,100,100
25.7482,100,100
25.747,100,100
25.7459,100,100
25.7447,100,100
25.7435,100,100
25.7423,100,100
25.7412,100,100
25.74,100,100
25.7388,100,100
25.7377,100,100
25.7365,100,100
25.7353,100,100
25.7341,100,100
25.733,100,100
25.7318,100,100
25.7306,100,100
25.7295,100,100
25.7283,100,100
25.7271,100,100
25.726,100,100
25.7248,100,100
25.7236,100,100
25.7224,100,100
25.7213,100,100
25.7201,100,100
25.7189,100,100
25.7178,100,100
25.7166,100,100
25.7154,100,100
25.7143,100,100
25.7131,100,100
25.7119,100,100
25.7108,100,100
25.7096,100,100
25.7084,100,100
25.7072,100,100
25.7061,100,100
25.7049,100,100
25.7037,100,100
25.7026,100,100
25.7014,100,100
25.7002,100,100
25.6991,100,100
25.6979,100,100
25.6967,100,100
25.6955,100,100
25.6944,100,100
25.6932,100,100
25.692,100,100
25.6909,100,100
25.6897,100,100
25.6885,100,100
25.6874,100,100
25.6862,100,100
25.685,100,100
25.6838,100,100
25.6827,100,100
25.6815,100,100
25.6803,100,100
25.6792,100,100
25.678,100,100
25.6768,100,100
25.6757,100,100
25.6745,100,100
25.6733,100,100
25.6721,100,100
25.671,100,100
25.6698,100,100
25.6686,100,100
25.6675,100,100
25.6663,100,100
25.6651,100,100
25.664,100,100
25.6628,100,100
25.6616,100,100
25.6605,100,100
25.6593,100,100
25.6581,100,100
25.6569,100,100
25.6558,100,100
25.6546,100,100
25.6534,100,100
25.6523,100,100
25.6511,100,100
25.6499,100,100
25.6488,100,100
25.6476,100,100
25.6464,100,100
25.6452,100,100
25.6441,100,100
25.6429,100,100
25.6417,100,100
25.6406,100,100
25.6394,100,100
25.6382,100,100
25.6371,100,100
25.6359,100,100
25.6347,100,100
25.6335,100,100
25.6324,100,100
25.6312,100,100
25.63,100,100
25.6289,100,100
25.6277,100,100
25.6265,100,100
25.6254,100,100
25.6242,100,100
25.623,100,100
25.6218,100,100
25.6207,100,100
25.6195,100,100
25.6183,100,100
25.6172,100,100
25.616,100,100
25.6148,100,100
25.6137,100,100
25.6125,100,100
25.6113,100,100
25.6101,100,100
25.609,100,100
25.6078,100,100
25.6066,100,100
25.6055,100,100
25.6043,100,100
25.6031,100,100
25.602,100,100
25.6008,100,100
25.5996,100,100
25.5985,100,100
25.5973,100,100
25.5961,100,100
25.5949,100,100
25.5938,100,100
25.5926,100,100
25.5914,100,100
25.5903,100,100
25.5891,100,100
25.5879,100,100
25.5868,100,100
25.5856,100,100
25.5844,100,100
25.5832,100,100
25.5821,100,100
25.5809,100,100
25.5797,100,100
25.5786,100,100
25.5774,100,100
25.5762,100,100
25.5751,100,100
25.5739,100,100
25.5727,100,100
25.5715,100,100
25.5704,100,100
25.5692,100,100
25.568,100,100
25.5669,100,100
25.5657,100,100
25.5645,100,100
25.5634,100,100
25.5622,100,100
25.561,100,100
25.5598,100,100
25.5587,100,100
25.5575,100,100
25.5563,100,100
25.5552,100,100
25.554,100,100
25.5528,100,100
25.5517,100,100
25.5505,100,100
25.5493,100,100
25.5482,100,100
25.547,100,100
25.5458,100,100
25.5446,100,100
25.5435,100,100
25.5423,100,100
25.5411,100,100
25.54,100,100
25.5388,100,100
25.5376,100,100
25.5365,100,100
25.5353,100,100
25.5341,100,100
25.5329,100,100
25.5318,100,100
25.5306,100,100
25.5294,100,100
25.5283,100,100
25.5271,100,100
25.5259,100,100
25.5248,100,100
25.5236,100,100
25.5224,100,100
25.5212,100,100
25.5201,100,100
25.5189,100,100
25.5177,100,100
25.5166,100,100
25.5154,100,100
25.5142,100,100
25.5131,100,100
25.5119,100,100
25.5107,100,100
25.5095,100,100
25.5084,100,100
25.5072,100,100
25.506,100,100
25.5049,100,100
25.5037,100,100
25.5025,100,100
25.5014,100,100
25.5002,100,100
25.499,100,100
25.4978,100,100
25.4967,100,100
25.4955,100,100
25.4943,100,100
25.4932,100,100
25.492,100,100
25.4908,100,100
25.4897,100,100
25.4885,100,100
25.4873,100,100
25.4862,100,100
25.485,100,100
25.4838,100,100
25.4826,100,100
25.4815,100,100
25.4803,100,100
25.4791,100,100
25.478,100,100
25.4768,100,100
25.4756,100,100
25.4745,100,100
25.4733,100,100
25.4721,100,100
25.4709,100,100
25.4698,100,100
25.4686,100,100
25.4674,100,100
25.4663,100,100
25.4651,100,100
25.4639,100,100
25.4628,100,100
25.4616,100,100
25.4604,100,100
25.4592,100,100
25.4581,100,100
25.4569,100,100
25.4557,100,100
25.4546,100,100
25.4534,100,100
25.4522,100,100
25.4511,100,100
25.4499,100,100
25.4487,100,100
25.4475,100,100
25.4464,100,100
25.4452,100,100
25.444,100,100
25.4429,100,100
25.4417,100,100
25.4405,100,100
25.4394,100,100
25.4382,100,100
25.437,100,100
25.4359,100,100
25.4347,100,100
25.4335,100,100
25.4323,100,100
25.4312,100,100
25.43,100,100
25.4288,100,100
25.4277,100,100
25.4265,100,100
25.4253,100,100
25.4242,100,100
25.423,100,100
25.4218,100,100
25.4206,100,100
25.4195,100,100
25.4183,100,100
25.4171,100,100
25.416,100,100
25.4148,100,100
25.4136,100,100
25.4125,100,100
25.4113,100,100
25.4101,100,100
25.4089,100,100
25.4078,100,100
25.4066,100,100
25.4054,100,100
25.4043,100,100
25.4031,100,100
25.4019,100,100
25.4008,100,100
25.3996,100,100
25.3984,100,100
25.3972,100,100
25.3961,100,100
25.3949,100,100
25.3937,100,100
25.3926,100,100
25.3914,100,100
25.3902,100,100
25.3891,100,100
25.3879,100,100
25.3867,100,100
25.3856,100,100
25.3844,100,100
25.3832,100,100
25.382,100,100
25.3809,100,100
25.3797,100,100
25.3785,100,100
25.3774,100,100
25.3762,100,100
25.375,100,100
25.3739,100,100
25.3727,100,100
25.3715,100,100
25.3703,100,100
25.3692,100,100
25.368,100,100
25.3668,100,100
25.3657,100,100
25.3645,100,100
25.3633,100,100
25.3622,100,100
25.361,100,100
25.3598,100,100
25.3586,100,100
25.3575,100,100
25.3563,100,100
25.3551,100,100
25.354,100,100
25.3528,100,100
25.3516,100,100
25.3505,100,100
25.3493,100,100
25.3481,100,100
25.3469,100,100
25.3458,100,100
25.3446,100,100
25.3434,100,100
25.3423,100,100
25.3411,100,100
25.3399,100,100
25.3388,100,100
25.3376,100,100
25.3364,100,100
25.3352,100,100
25.3341,100,100
25.3329,100,100
25.3317,100,100
25.3306,100,100
25.3294,100,100
25.3282,100,100
25.3271,100,100
25.3259,100,100
25.3247,100,100
25.3236,100,100
25.3224,100,100
25.3212,100,100
25.32,100,100
25.3189,100,100
25.3177,100,100
25.3165,100,100
25.3154,100,100
25.3142,100,100
25.313,100,100
25.3119,100,100
25.3107,100,100
25.3095,100,100
25.3083,100,100
25.3072,100,100
25.306,100,100
25.3048,100,100
25.3037,100,100
25.3025,100,100
25.3013,100,100
25.3002,100,100
25.299,100,100
25.2978,100,100
25.2966,100,100
25.2955,100,100
25.2943,100,100
25.2931,100,100
25.292,100,100
25.2908,100,100
25.2896,100,100
25.2885,100,100
25.2873,100,100
25.2861,100,100
25.2849,100,100
25.2838,100,100
25.2826,100,100
25.2814,100,100
25.2803,100,100
25.2791,100,100
25.2779,100,100
25.2768,100,100
25.2756,100,100
25.2744,100,100
25.2733,100,100
25.2721,100,100
25.2709,100,100
25.2697,100,100
25.2686,100,100
25.2674,100,100
25.2662,100,100
25.2651,100,100
25.2639,100,100
25.2627,100,100
25.2616,100,100
25.2604,100,100
25.2592,100,100
25.258,100,100
25.2569,100,100
25.2557,100,100
25.2545,100,100
25.2534,100,100
25.2522,100,100
25.251,100,100
25.2499,100,100
25.2487,100,100
25.2475,100,100
25.2463,100,100
25.2452,100,100
25.244,100,100
25.2428,100,100
25.2417,100,100
25.2405,100,100
25.2393,100,100
25.2382,100,100
25.237,100,100
25.2358,100,100
25.2346,100,100
25.2335,100,100
25.2323,100,100
25.2311,100,100
25.23,100,100
25.2288,100,100
25.2276,100,100
25.2265,100,100
25.2253,100,100
25.2241,100,100
25.223,100,100
25.2218,100,100
25.2206,100,100
25.2194,100,100
25.2183,100,100
25.2171,100,100
25.2159,100,100
25.2148,100,100
25.2136,100,100
25.2124,100,100
25.2113,100,100
25.2101,100,100
25.2089,100,100
25.2077,100,100
25.2066,100,100
25.2054,100,100
25.2042,100,100
25.2031,100,100
25.2019,100,100
25.2007,100,100
25.1996,100,100
25.1984,100,100
25.1972,100,100
25.196,100,100
25.1949,100,100
25.1937,100,100
25.1925,100,100
25.1914,100,100
25.1902,100,100
25.189,100,100
25.1879,100,100
25.1867,100,100
25.1855,100,100
25.1843,100,100
25.1832,100,100
25.182,100,100
25.1808,100,100
25.1797,100,100
25.1785,100,100
25.1773,100,100
25.1762,100,100
25.175,100,100
25.1738,100,100
25.1726,100,100
25.1715,100,100
25.1703,100,100
25.1691,100,100
25.168,100,100
25.1668,100,100
25.1656,100,100
25.1645,100,100
25.1633,100,100
25.1621,100,100
25.161,100,100
25.1598,100,100
25.1586,100,100
25.1574,100,100
25.1563,100,100
25.1551,100,100
25.1539,100,100
25.1528,100,100
25.1516,100,100
25.1504,100,100
25.1493,100,100
25.1481,100,100
25.1469,100,100
25.1457,100,100
25.1446,100,100
25.1434,100,100
25.1422,100,100
25.1411,100,100
25.1399,100,100
25.1387,100,100
25.1376,100,100
25.1364,100,100
25.1352,100,100
25.134,100,100
25.1329,100,100
25.1317,100,100
25.1305,100,100
25.1294,100,100
25.1282,100,100
25.127,100,100
25.1259,100,100
25.1247,100,100
25.1235,100,100
25.1223,100,100
25.1212,100,100
25.12,100,100
25.1188,100,100
25.1177,100,100
25.1165,100,100
25.1153,100,100
25.1142,100,100
25.113,100,100
25.1118,100,100
25.1107,100,100
25.1095,100,100
25.1083,100,100
25.1071,100,100
25.106,100,100
25.1048,100,100
25.1036,100,100
25.1025,100,100
25.1013,100,100
25.1001,100,100
25.099,100,100
25.0978,100,100
25.0966,100,100
25.0954,100,100
25.0943,100,100
25.0931,100,100
25.0919,100,100
25.0908,100,100
25.0896,100,100
25.0884,100,100
25.0873,100,100
25.0861,100,100
25.0849,100,100
25.0837,100,100
25.0826,100,100
25.0814,100,100
25.0802,100,100
25.0791,100,100
25.0779,100,100
25.0767,100,100
25.0756,100,100
25.0744,100,100
25.0732,100,100
25.072,100,100
25.0709,100,100
25.0697,100,100
25.0685,100,100
25.0674,100,100
25.0662,100,100
25.065,100,100
25.0639,100,100
25.0627,100,100
25.0615,100,100
25.0604,100,100
25.0592,100,100
25.058,100,100
25.0568,100,100
25.0557,100,100
25.0545,100,100
25.0533,100,100
25.0522,100,100
25.051,100,100
25.0498,100,100
25.0487,100,100
25.0475,100,100
25.0463,100,100
25.0451,100,100
25.044,100,100
25.0428,100,100
25.0416,100,100
25.0405,100,100
25.0393,100,100
25.0381,100,100
25.037,100,100
25.0358,100,100
25.0346,100,100
25.0334,100,100
25.0323,100,100
25.0311,100,100
25.0299,100,100
25.0288,100,100
25.0276,100,100
25.0264,100,100
25.0253,100,100
25.0241,100,100
25.0229,100,100
25.0217,100,100
25.0206,100,100
25.0194,100,100
25.0182,100,100
25.0171,100,100
25.0159,100,100
25.0147,100,100
25.0136,100,100
25.0124,100,100
25.0112,100,100
25.01,100,100
25.0089,100,100
25.0077,100,100
25.0065,100,100
25.0054,100,100
25.0042,100,100
25.003,100,100
25.0019,100,100
25.0007,100,100
24.9995,100,100
24.9984,100,100
24.9972,100,100
24.996,100,100
24.9948,100,100
24.9937,100,100
24.9925,100,100
24.9913,100,100
24.9902,100,100
24.989,100,100
24.9878,100,100
24.9867,100,100
24.9855,100,100
24.9843,100,100
24.9831,100,100
24.982,100,100
24.9808,100,100
24.9796,100,100
24.9785,100,100
24.9773,100,100
24.9761,100,100
24.975,100,100
24.9738,100,100
24.9726,100,100
24.9714,100,100
24.9703,100,100
24.9691,100,100
24.9679,100,100
24.9668,100,100
24.9656,100,100
24.9644,100,100
24.9633,100,100
24.9621,100,100
24.9609,100,100
24.9597,100,100
24.9586,100,100
24.9574,100,100
24.9562,100,100
24.9551,100,100
24.9539,100,100
24.9527,100,100
24.9516,100,100
24.9504,100,100
24.9492,100,100
24.9481,100,100
24.9469,100,100
24.9457,100,100
24.9445,100,100
24.9434,100,100
24.9422,100,100
24.941,100,100
24.9399,100,100
24.9387,100,100
24.9375,100,100
24.9364,100,100
24.9352,100,100
24.934,100,100
24.9328,100,100
24.9317,100,100
24.9305,100,100
24.9293,100,100
24.9282,100,100
24.927,100,100
24.9258,100,100
24.9247,100,100
24.9235,100,100
24.9223,100,100
24.9211,100,100
24.92,100,100
24.9188,100,100
24.9176,100,100
24.9165,100,100
24.9153,100,100
24.9141,100,100
24.913,100,100
24.9118,100,100
24.9106,100,100
24.9094,100,100
24.9083,100,100
24.9071,100,100
24.9059,100,100
24.9048,100,100
24.9036,100,100
24.9024,100,100
24.9013,100,100
24.9001,100,100
24.8989,100,100
24.8978,100,100
24.8966,100,100
24.8954,100,100
24.8942,100,100
24.8931,100,100
24.8919,100,100
24.8907,100,100
24.8896,100,100
24.8884,100,100
24.8872,100,100
24.8861,100,100
24.8849,100,100
24.8837,100,100
24.8825,100,100
24.8814,100,100
24.8802,100,100
24.879,100,100
24.8779,100,100
24.8767,100,100
24.8755,100,100
24.8744,100,100
24.8732,100,100
24.872,100,100
24.8708,100,100
24.8697,100,100
24.8685,100,100
24.8673,100,100
24.8662,100,100
24.865,100,100
24.8638,100,100
24.8627,100,100
24.8615,100,100
24.8603,100,100
24.8591,100,100
24.858,100,100
24.8568,100,100
24.8556,100,100
24.8545,100,100
24.8533,100,100
24.8521,100,100
24.851,100,100
24.8498,100,100
24.8486,100,100
24.8474,100,100
24.8463,100,100
24.8451,100,100
24.8439,100,100
24.8428,100,100
24.8416,100,100
24.8404,100,100
24.8393,100,100
24.8381,100,100
24.8369,100,100
24.8358,100,100
24.8346,100,100
24.8334,100,100
24.8322,100,100
24.8311,100,100
24.8299,100,100
24.8287,100,100
24.8276,100,100
24.8264,100,100
24.8252,100,100
24.8241,100,100
24.8229,100,100
24.8217,100,100
24.8205,100,100
24.8194,100,100
24.8182,100,100
24.817,100,100
24.8159,100,100
24.8147,100,100
24.8135,100,100
24.8124,100,100
24.8112,100,100
24.81,100,100
24.8088,100,100
24.8077,100,100
24.8065,100,100
24.8053,100,100
24.8042,100,100
24.803,100,100
24.8018,100,100
24.8007,100,100
24.7995,100,100
24.7983,100,100
24.7971,100,100
24.796,100,100
24.7948,100,100
24.7936,100,100
24.7925,100,100
24.7913,100,100
24.7901,100,100
24.789,100,100
24.7878,100,100
24.7866,100,100
24.7855,100,100
24.7843,100,100
24.7831,100,100
24.7819,100,100
24.7808,100,100
24.7796,100,100
24.7784,100,100
24.7773,100,100
24.7761,100,100
24.7749,100,100
24.7738,100,100
24.7726,100,100
24.7714,100,100
24.7702,100,100
24.7691,100,100
24.7679,100,100
24.7667,100,100
24.7656,100,100
24.7644,100,100
24.7632,100,100
24.7621,100,100
24.7609,100,100
24.7597,100,100
24.7585,100,100
24.7574,100,100
24.7562,100,100
24.755,100,100
24.7539,100,100
24.7527,100,100
24.7515,100,100
24.7504,100,100
24.7492,100,100
24.748,100,100
24.7468,100,100
24.7457,100,100
24.7445,100,100
24.7433,100,100
24.7422,100,100
24.741,100,100
24.7398,100,100
24.7387,100,100
24.7375,100,100
24.7363,100,100
24.7351,100,100
24.734,100,100
24.7328,100,100
24.7316,100,100
24.7305,100,100
24.7293,100,100
24.7281,100,100
24.727,100,100
24.7258,100,100
24.7246,100,100
24.7235,100,100
24.7223,100,100
24.7211,100,100
24.7199,100,100
24.7188,100,100
24.7176,100,100
24.7164,100,100
24.7153,100,100
24.7141,100,100
24.7129,100,100
24.7118,100,100
24.7106,100,100
24.7094,100,100
24.7082,100,100
24.7071,100,100
24.7059,100,100
24.7047,100,100
24.7036,100,100
24.7024,100,100
24.7012,100,100
24.7001,100,100
24.6989,100,100
24.6977,100,100
24.6965,100,100
24.6954,100,100
24.6942,100,100
24.693,100,100
24.6919,100,100
24.6907,100,100
24.6895,100,100
24.6884,100,100
24.6872,100,100
24.686,100,100
24.6848,100,100
24.6837,100,100
24.6825,100,100
24.6813,100,100
24.6802,100,100
24.679,100,100
24.6778,100,100
24.6766,100,100
24.6755,100,100
24.6743,100,100
24.6731,100,100
24.6719,100,100
24.6708,100,100
24.6696,100,100
24.6684,100,100
24.6672,100,100
24.6661,100,100
24.6649,100,100
24.6637,100,100
24.6625,100,100
24.6614,100,100
24.6602,100,100
24.659,100,100
24.6579,100,100
24.6567,100,100
24.6555,100,100
24.6543,100,100
24.6532,100,100
24.652,100,100
24.6508,100,100
24.6496,100,100
24.6485,100,100
24.6473,100,100
24.6461,100,100
24.6449,100,100
24.6438,100,100
24.6426,100,100
24.6414,100,100
24.6402,100,100
24.6391,100,100
24.6379,100,100
24.6367,100,100
24.6355,100,100
24.6344,100,100
24.6332,100,100
24.632,100,100
24.6308,100,100
24.6297,100,100
24.6285,100,100
24.6273,100,100
24.6261,100,100
24.625,100,100
24.6238,100,100
24.6226,100,100
24.6214,100,100
24.6203,100,100
24.6191,100,100
24.6179,100,100
24.6167,100,100
24.6156,100,100
24.6144,100,100
24.6132,100,100
24.612,100,100
24.6109,100,100
24.6097,100,100
24.6085,100,100
24.6073,100,100
24.6062,100,100
24.605,100,100
24.6038,100,100
24.6026,100,100
24.6015,100,100
24.6003,100,100
24.5991,100,100
24.5979,100,100
24.5968,100,100
24.5956,100,100
24.5944,100,100
24.5932,100,100
24.5921,100,100
24.5909,100,100
24.5897,100,100
24.5885,100,100
24.5874,100,100
24.5862,100,100
24.585,100,100
24.5838,100,100
24.5827,100,100
24.5815,100,100
24.5803,100,100
24.5791,100,100
24.578,100,100
24.5768,100,100
24.5756,100,100
24.5744,100,100
24.5733,100,100
24.5721,100,100
24.5709,100,100
24.5697,100,100
24.5686,100,100
24.5674,100,100
24.5662,100,100
24.565,100,100
24.5639,100,100
24.5627,100,100
24.5615,100,100
24.5603,100,100
24.5592,100,100
24.558,100,100
24.5568,100,100
24.5556,100,100
24.5544,100,100
24.5533,100,100
24.5521,100,100
24.5509,100,100
24.5497,100,100
24.5485,100,100
24.5474,100,100
24.5462,100,100
24.545,100,100
24.5438,100,100
24.5426,100,100
24.5415,100,100
24.5403,100,100
24.5391,100,100
24.5379,100,100
24.5367,100,100
24.5356,100,100
24.5344,100,100
24.5332,100,100
24.532,100,100
24.5308,100,100
24.5297,100,100
24.5285,100,100
24.5273,100,100
24.5261,100,100
24.525,100,100
24.5238,100,100
24.5226,100,100
24.5214,100,100
24.5202,100,100
24.5191,100,100
24.5179,100,100
24.5167,100,100
24.5155,100,100
24.5143,100,100
24.5132,100,100
24.512,100,100
24.5108,100,100
24.5096,100,100
24.5084,100,100
24.5073,100,100
24.5061,100,100
24.5049,100,100
24.5037,100,100
24.5025,100,100
24.5014,100,100
24.5002,100,100
24.499,100,100
24.4978,100,100
24.4966,100,100
24.4955,100,100
24.4943,100,100
24.4931,100,100
24.4919,100,100
24.4907,100,100
24.4896,100,100
24.4884,100,100
24.4872,100,100
24.486,100,100
24.4848,100,100
24.4837,100,100
24.4825,100,100
24.4813,100,100
24.4801,100,100
24.479,100,100
24.4778,100,100
24.4766,100,100
24.4754,100,100
24.4742,100,100
24.4731,100,100
24.4719,100,100
24.4707,100,100
24.4695,100,100
24.4683,100,100
24.4672,100,100
24.466,100,100
24.4648,100,100
24.4636,100,100
24.4624,100,100
24.4613,100,100
24.4601,100,100
24.4589,100,100
24.4577,100,100
24.4565,100,100
24.4554,100,100
24.4542,100,100
24.453,100,100
24.4518,100,100
24.4506,100,100
24.4495,100,100
24.4483,100,100
24.4471,100,100
24.4459,100,100
24.4447,100,100
24.4436,100,100
24.4424,100,100
24.4412,100,100
24.44,100,100
24.4388,100,100
24.4377,100,100
24.4365,100,100
24.4353,100,100
24.4341,100,100
24.4329,100,100
24.4317,100,100
24.4306,100,100
24.4294,100,100
24.4282,100,100
24.427,100,100
24.4258,100,100
24.4247,100,100
24.4235,100,100
24.4223,100,100
24.4211,100,100
24.4199,100,100
24.4187,100,100
24.4176,100,100
24.4164,100,100
24.4152,100,100
24.414,100,100
24.4128,100,100
24.4117,100,100
24.4105,100,100
24.4093,100,100
24.4081,100,100
24.4069,100,100
24.4057,100,100
24.4046,100,100
24.4034,100,100
24.4022,100,100
24.401,100,100
24.3998,100,100
24.3987,100,100
24.3975,100,100
24.3963,100,100
24.3951,100,100
24.3939,100,100
24.3928,100,100
24.3916,100,100
24.3904,100,100
24.3892,100,100
24.388,100,100
24.3868,100,100
24.3857,100,100
24.3845,100,100
24.3833,100,100
24.3821,100,100
24.3809,100,100
24.3798,100,100
24.3786,100,100
24.3774,100,100
24.3762,100,100
24.375,100,100
24.3738,100,100
24.3727,100,100
24.3715,100,100
24.3703,100,100
24.3691,100,100
24.3679,100,100
24.3668,100,100
24.3656,100,100
24.3644,100,100
24.3632,100,100
24.362,100,100
24.3608,100,100
24.3597,100,100
24.3585,100,100
24.3573,100,100
24.3561,100,100
24.3549,100,100
24.3538,100,100
24.3526,100,100
24.3514,100,100
24.3502,100,100
24.349,100,100
24.3478,100,100
24.3467,100,100
24.3455,100,100
24.3443,100,100
24.3431,100,100
24.3419,100,100
24.3408,100,100
24.3396,100,100
24.3384,100,100
24.3372,100,100
24.336,100,100
24.3348,100,100
24.3337,100,100
24.3325,100,100
24.3313,100,100
24.3301,100,100
24.3289,100,100
24.3278,100,100
24.3266,100,100
24.3254,100,100
24.3242,100,100
24.323,100,100
24.3219,100,100
24.3207,100,100
24.3195,100,100
24.3183,100,100
24.3171,100,100
24.316,100,100
24.3148,100,100
24.3136,100,100
24.3124,100,100
24.3112,100,100
24.3101,100,100
24.3089,100,100
24.3077,100,100
24.3065,100,100
24.3053,100,100
24.3042,100,100
24.303,100,100
24.3018,100,100
24.3006,100,100
24.2994,100,100
24.2983,100,100
24.2971,100,100
24.2959,100,100
24.2947,100,100
24.2935,100,100
24.2923,100,100
24.2912,100,100
24.29,100,100
24.2888,100,100
24.2876,100,100
24.2864,100,100
24.2853,100,100
24.2841,100,100
24.2829,100,100
24.2817,100,100
24.2805,100,100
24.2794,100,100
24.2782,100,100
24.277,100,100
24.2758,100,100
24.2746,100,100
24.2735,100,100
24.2723,100,100
24.2711,100,100
24.2699,100,100
24.2687,100,100
24.2676,100,100
24.2664,100,100
24.2652,100,100
24.264,100,100
24.2628,100,100
24.2617,100,100
24.2605,100,100
24.2593,100,100
24.2581,100,100
24.2569,100,100
24.2558,100,100
24.2546,100,100
24.2534,100,100
24.2522,100,100
24.251,100,100
24.2499,100,100
24.2487,100,100
24.2475,100,100
24.2463,100,100
24.2451,100,100
24.244,100,100
24.2428,100,100
24.2416,100,100
24.2404,100,100
24.2392,100,100
24.2381,100,100
24.2369,100,100
24.2357,100,100
24.2345,100,100
24.2333,100,100
24.2322,100,100
24.231,100,100
24.2298,100,100
24.2286,100,100
24.2274,100,100
24.2263,100,100
24.2251,100,100
24.2239,100,100
24.2227,100,100
24.2215,100,100
24.2204,100,100
24.2192,100,100
24.218,100,100
24.2168,100,100
24.2156,100,100
24.2145,100,100
24.2133,100,100
24.2121,100,100
24.2109,100,100
24.2097,100,100
24.2086,100,100
24.2074,100,100
24.2062,100,100
24.205,100,100
24.2038,100,100
24.2027,100,100
24.2015,100,100
24.2003,100,100
24.1991,100,100
24.1979,100,100
24.1968,100,100
24.1956,100,100
24.1944,100,100
24.1932,100,100
24.192,100,100
24.1909,100,100
24.1897,100,100
24.1885,100,100
24.1873,100,100
24.1861,100,100
24.185,100,100
24.1838,100,100
24.1826,100,100
24.1814,100,100
24.1802,100,100
24.1791,100,100
24.1779,100,100
24.1767,100,100
24.1755,100,100
24.1743,100,100
24.1731,100,100
24.172,100,100
24.1708,100,100
24.1696,100,100
24.1684,100,100
24.1672,100,100
24.1661,100,100
24.1649,100,100
24.1637,100,100
24.1625,100,100
24.1613,100,100
24.1602,100,100
24.159,100,100
24.1578,100,100
24.1566,100,100
24.1554,100,100
24.1543,100,100
24.1531,100,100
24.1519,100,100
24.1507,100,100
24.1495,100,100
24.1484,100,100
24.1472,100,100
24.146,100,100
24.1448,100,100
24.1436,100,100
24.1425,100,100
24.1413,100,100
24.1401,100,100
24.1389,100,100
24.1377,100,100
24.1366,100,100
24.1354,100,100
24.1342,100,100
24.133,100,100
24.1318,100,100
24.1307,100,100
24.1295,100,100
24.1283,100,100
24.1271,100,100
24.1259,100,100
24.1248,100,100
24.1236,100,100
24.1224,100,100
24.1212,100,100
24.12,100,100
24.1189,100,100
24.1177,100,100
24.1165,100,100
24.1153,100,100
24.1141,100,100
24.113,100,100
24.1118,100,100
24.1106,100,100
24.1094,100,100
24.1082,100,100
24.1071,100,100
24.1059,100,100
24.1047,100,100
24.1035,100,100
24.1023,100,100
24.1012,100,100
24.1,100,100
24.0988,100,100
24.0976,100,100
24.0964,100,100
24.0953,100,100
24.0941,100,100
24.0929,100,100
24.0917,100,100
24.0905,100,100
24.0894,100,100
24.0882,100,100
24.087,100,100
24.0858,100,100
24.0846,100,100
24.0835,100,100
24.0823,100,100
24.0811,100,100
24.0799,100,100
24.0787,100,100
24.0776,100,100
24.0764,100,100
24.0752,100,100
24.074,100,100
24.0728,100,100
24.0717,100,100
24.0705,100,100
24.0693,100,100
24.0681,100,100
24.0669,100,100
24.0658,100,100
24.0646,100,100
24.0634,100,100
24.0622,100,100
24.061,100,100
24.0599,100,100
24.0587,100,100
24.0575,100,100
24.0563,100,100
24.0551,100,100
24.054,100,100
24.0528,100,100
24.0516,100,100
24.0504,100,100
24.0492,100,100
24.048,100,100
24.0469,100,100
24.0457,100,100
24.0445,100,100
24.0433,100,100
24.0421,100,100
24.041,100,100
24.0398,100,100
24.0386,100,100
24.0374,100,100
24.0362,100,100
24.0351,100,100
24.0339,100,100
24.0327,100,100
24.0315,100,100
24.0303,100,100
24.0292,100,100
24.028,100,100
24.0268,100,100
24.0256,100,100
24.0244,100,100
24.0233,100,100
24.0221,100,100
24.0209,100,100
24.0197,100,100
24.0185,100,100
24.0174,100,100
24.0162,100,100
24.015,100,100
24.0138,100,100
24.0126,100,100
24.0115,100,100
24.0103,100,100
24.0091,100,100
24.0079,100,100
24.0067,100,100
24.0056,100,100
24.0044,100,100
24.0032,100,100
24.002,100,100
24.0008,100,100
23.9997,100,100
23.9985,100,100
23.9973,100,100
23.9961,100,100
23.9949,100,100
23.9938,100,100
23.9926,100,100
23.9914,100,100
23.9902,100,100
23.989,100,100
23.9879,100,100
23.9867,100,100
23.9855,100,100
23.9843,100,100
23.9831,100,100
23.982,100,100
23.9808,100,100
23.9796,100,100
23.9784,100,100
23.9772,100,100
23.9761,100,100
23.9749,100,100
23.9737,100,100
23.9725,100,100
23.9713,100,100
23.9702,100,100
23.969,100,100
23.9678,100,100
23.9666,100,100
23.9654,100,100
23.9643,100,100
23.9631,100,100
23.9619,100,100
23.9607,100,100
23.9595,100,100
23.9584,100,100
23.9572,100,100
23.956,100,100
23.9548,100,100
23.9536,100,100
23.9525,100,100
23.9513,100,100
23.9501,100,100
23.9489,100,100
23.9477,100,100
23.9466,100,100
23.9454,100,100
23.9442,100,100
23.943,100,100
23.9418,100,100
23.9407,100,100
23.9395,100,100
23.9383,100,100
23.9371,100,100
23.9359,100,100
23.9348,100,100
23.9336,100,100
23.9324,100,100
23.9312,100,100
23.93,100,100
23.9289,100,100
23.9277,100,100
23.9265,100,100
23.9253,100,100
23.9241,100,100
23.9229,100,100
23.9218,100,100
23.9206,100,100
23.9194,100,100
23.9182,100,100
23.917,100,100
23.9159,100,100
23.9147,100,100
23.9135,100,100
23.9123,100,100
23.9111,100,100
23.91,100,100
23.9088,100,100
23.9076,100,100
23.9064,100,100
23.9052,100,100
23.9041,100,100
23.9029,100,100
23.9017,100,100
23.9005,100,100
23.8993,100,100
23.8982,100,100
23.897,100,100
23.8958,100,100
23.8946,100,100
23.8934,100,100
23.8923,100,100
23.8911,100,100
23.8899,100,100
23.8887,100,100
23.8875,100,100
23.8864,100,100
23.8852,100,100
23.884,100,100
23.8828,100,100
23.8816,100,100
23.8805,100,100
23.8793,100,100
23.8781,100,100
23.8769,100,100
23.8757,100,100
23.8746,100,100
23.8734,100,100
23.8722,100,100
23.871,100,100
23.8698,100,100
23.8687,100,100
23.8675,100,100
23.8663,100,100
23.8651,100,100
23.8639,100,100
23.8628,100,100
23.8616,100,100
23.8604,100,100
23.8592,100,100
23.858,100,100
23.8569,100,100
23.8557,100,100
23.8545,100,100
23.8534,100,100
23.8522,100,100
23.8511,100,100
23.85,100,100
23.8489,100,100
23.8477,100,100
23.8466,100,100
23.8455,100,100
23.8444,100,100
23.8432,100,100
23.8421,100,100
23.841,100,100
23.8399,100,100
23.8387,100,100
23.8376,100,100
23.8365,100,100
23.8353,100,100
23.8342,100,100
23.8331,100,100
23.832,100,100
23.8308,100,100
23.8297,100,100
23.8286,100,100
23.8275,100,100
23.8263,100,100
23.8252,100,100
23.8241,100,100
23.823,100,100
23.8218,100,100
23.8207,100,100
23.8196,100,100
23.8185,100,100
23.8173,100,100
23.8162,100,100
23.8151,100,100
23.814,100,100
23.8128,100,100
23.8117,100,100
23.8106,100,100
23.8095,100,100
23.8083,100,100
23.8072,100,100
23.8061,100,100
23.805,100,100
23.8038,100,100
23.8027,100,100
23.8016,100,100
23.8004,100,100
23.7993,100,100
23.7982,100,100
23.7971,100,100
23.7959,100,100
23.7948,100,100
23.7937,100,100
23.7926,100,100
23.7914,100,100
23.7903,100,100
23.7892,100,100
23.7881,100,100
23.7869,100,100
23.7858,100,100
23.7847,100,100
23.7836,100,100
23.7824,100,100
23.7813,100,100
23.7802,100,100
23.7791,100,100
23.7779,100,100
23.7768,100,100
23.7757,100,100
23.7746,100,100
23.7734,100,100
23.7723,100,100
23.7712,100,100
23.77,100,100
23.7689,100,100
23.7678,100,100
23.7667,100,100
23.7655,100,100
23.7644,100,100
23.7633,100,100
23.7622,100,100
23.761,100,100
23.7599,100,100
23.7588,100,100
23.7577,100,100
23.7565,100,100
23.7554,100,100
23.7543,100,100
23.7532,100,100
23.752,100,100
23.7509,100,100
23.7498,100,100
23.7487,100,100
23.7475,100,100
23.7464,100,100
23.7453,100,100
23.7442,100,100
23.743,100,100
23.7419,100,100
23.7409,100,100
23.7399,100,100
23.7389,100,100
23.7379,100,100
23.7368,100,100
23.7358,100,100
23.7348,100,100
23.7338,100,100
23.7328,100,100
23.7318,100,100
23.7308,100,100
23.7298,100,100
23.7288,100,100
23.7278,100,100
23.7268,100,100
23.7258,100,100
23.7248,100,100
23.7238,100,100
23.7228,100,100
23.7217,100,100
23.7207,100,100
23.7197,100,100
23.7187,100,100
23.7177,100,100
23.7167,100,100
23.7157,100,100
23.7147,100,100
23.7137,100,100
23.7127,100,100
23.7117,100,100
23.7107,100,100
23.7097,100,100
23.7087,100,100
23.7077,100,100
23.7066,100,100
23.7056,100,100
23.7046,100,100
23.7036,100,100
23.7026,100,100
23.7016,100,100
23.7006,100,100
23.6996,100,100
23.6986,100,100
23.6976,100,100
23.6966,100,100
23.6956,100,100
23.6946,100,100
23.6936,100,100
23.6926,100,100
23.6915,100,100
23.6905,100,100
23.6895,100,100
23.6885,100,100
23.6875,100,100
23.6865,100,100
23.6855,100,100
23.6845,100,100
23.6835,100,100
23.6825,100,100
23.6815,100,100
23.6805,100,100
23.6795,100,100
23.6785,100,100
23.6774,100,100
23.6764,100,100
23.6754,100,100
23.6744,100,100
23.6734,100,100
23.6724,100,100
23.6714,100,100
23.6704,100,100
23.6694,100,100
23.6684,100,100
23.6674,100,100
23.6664,100,100
23.6654,100,100
23.6644,100,100
23.6634,100,100
23.6623,100,100
23.6613,100,100
23.6603,100,100
23.6593,100,100
23.6583,100,100
23.6573,100,100
23.6563,100,100
23.6553,100,100
23.6543,100,100
23.6533,100,100
23.6523,100,100
23.6513,100,100
23.6503,100,100
23.6493,100,100
23.6483,100,100
23.6472,100,100
23.6462,100,100
23.6452,100,100
23.6442,100,100
23.6432,100,100
23.6422,100,100
23.6412,100,100
23.6403,100,100
23.6394,100,100
23.6386,100,100
23.6377,100,100
23.6368,100,100
23.6359,100,100
23.6351,100,100
23.6342,100,100
23.6333,100,100
23.6325,100,100
23.6316,100,100
23.6307,100,100
23.6298,100,100
23.629,100,100
23.6281,100,100
23.6272,100,100
23.6263,100,100
23.6255,100,100
23.6246,100,100
23.6237,100,100
23.6229,100,100
23.622,100,100
23.6211,100,100
23.6202,100,100
23.6194,100,100
23.6185,100,100
23.6176,100,100
23.6167,100,100
23.6159,100,100
23.615,100,100
23.6141,100,100
23.6132,100,100
23.6124,100,100
23.6115,100,100
23.6106,100,100
23.6098,100,100
23.6089,100,100
23.608,100,100
23.6071,100,100
23.6063,100,100
23.6054,100,100
23.6045,100,100
23.6036,100,100
23.6028,100,100
23.6019,100,100
23.601,100,100
23.6002,100,100
23.5993,100,100
23.5984,100,100
23.5975,100,100
23.5967,100,100
23.5958,100,100
23.5949,100,100
23.594,100,100
23.5932,100,100
23.5923,100,100
23.5914,100,100
23.5905,100,100
23.5897,100,100
23.5888,100,100
23.5879,100,100
23.5871,100,100
23.5862,100,100
23.5853,100,100
23.5844,100,100
23.5836,100,100
23.5827,100,100
23.5818,100,100
23.5809,100,100
23.5801,100,100
23.5792,100,100
23.5783,100,100
23.5775,100,100
23.5766,100,100
23.5757,100,100
23.5748,100,100
23.574,100,100
23.5731,100,100
23.5722,100,100
23.5713,100,100
23.5705,100,100
23.5696,100,100
23.5687,100,100
23.5678,100,100
23.567,100,100
23.5661,100,100
23.5652,100,100
23.5644,100,100
23.5635,100,100
23.5626,100,100
23.5617,100,100
23.5609,100,100
23.56,100,100
23.5591,100,100
23.5582,100,100
23.5574,100,100
23.5565,100,100
23.5556,100,100
23.5548,100,100
23.5539,100,100
23.5531,100,100
23.5523,100,100
23.5516,100,100
23.5508,100,100
23.5501,100,100
23.5493,100,100
23.5485,100,100
23.5478,100,100
23.547,100,100
23.5462,100,100
23.5455,100,100
23.5447,100,100
23.544,100,100
23.5432,100,100
23.5424,100,100
23.5417,100,100
23.5409,100,100
23.5401,100,100
23.5394,100,100
23.5386,100,100
23.5379,100,100
23.5371,100,100
23.5363,100,100
23.5356,100,100
23.5348,100,100
23.5341,100,100
23.5333,100,100
23.5325,100,100
23.5318,100,100
23.531,100,100
23.5302,100,100
23.5295,100,100
23.5287,100,100
23.528,100,100
23.5272,100,100
23.5264,100,100
23.5257,100,100
23.5249,100,100
23.5242,100,100
23.5234,100,100
23.5226,100,100
23.5219,100,100
23.5211,100,100
23.5203,100,100
23.5196,100,100
23.5188,100,100
23.5181,100,100
23.5173,100,100
23.5165,100,100
23.5158,100,100
23.515,100,100
23.5142,100,100
23.5135,100,100
23.5127,100,100
23.512,100,100
23.5112,100,100
23.5104,100,100
23.5097,100,100
23.5089,100,100
23.5082,100,100
23.5074,100,100
23.5066,100,100
23.5059,100,100
23.5051,100,100
23.5043,100,100
23.5036,100,100
23.5028,100,100
23.5021,100,100
23.5013,100,100
23.5005,100,100
23.4998,100,100
23.499,100,100
23.4983,100,100
23.4975,100,100
23.4967,100,100
23.496,100,100
23.4952,100,100
23.4944,100,100
23.4937,100,100
23.4929,100,100
23.4922,100,100
23.4914,100,100
23.4906,100,100
23.4899,100,100
23.4891,100,100
23.4883,100,100
23.4876,100,100
23.4868,100,100
23.4861,100,100
23.4853,100,100
23.4845,100,100
23.4838,100,100
23.483,100,100
23.4823,100,100
23.4815,100,100
23.4807,100,100
23.48,100,100
23.4792,100,100
23.4784,100,100
23.4777,100,100
23.477,100,100
23.4763,100,100
23.4757,100,100
23.475,100,100
23.4743,100,100
23.4736,100,100
23.473,100,100
23.4723,100,100
23.4716,100,100
23.471,100,100
23.4703,100,100
23.4696,100,100
23.4689,100,100
23.4683,100,100
23.4676,100,100
23.4669,100,100
23.4663,100,100
23.4656,100,100
23.4649,100,100
23.4642,100,100
23.4636,100,100
23.4629,100,100
23.4622,100,100
23.4615,100,100
23.4609,100,100
23.4602,100,100
23.4595,100,100
23.4589,100,100
23.4582,100,100
23.4575,100,100
23.4568,100,100
23.4562,100,100
23.4555,100,100
23.4548,100,100
23.4542,100,100
23.4535,100,100
23.4528,100,100
23.4521,100,100
23.4515,100,100
23.4508,100,100
23.4501,100,100
23.4495,100,100
23.4488,100,100
23.4481,100,100
23.4474,100,100
23.4468,100,100
23.4461,100,100
23.4454,100,100
23.4448,100,100
23.4441,100,100
23.4434,100,100
23.4427,100,100
23.4421,100,100
23.4414,100,100
23.4407,100,100
23.4401,100,100
23.4394,100,100
23.4387,100,100
23.438,100,100
23.4374,100,100
23.4367,100,100
23.436,100,100
23.4354,100,100
23.4347,100,100
23.434,100,100
23.4333,100,100
23.4327,100,100
23.432,100,100
23.4313,100,100
23.4307,100,100
23.43,100,100
23.4293,100,100
23.4286,100,100
23.428,100,100
23.4273,100,100
23.4266,100,100
23.4259,100,100
23.4253,100,100
23.4246,100,100
23.4239,100,100
23.4233,100,100
23.4226,100,100
23.4219,100,100
23.4212,100,100
23.4206,100,100
23.4199,100,100
23.4192,100,100
23.4186,100,100
23.4179,100,100
23.4172,100,100
23.4165,100,100
23.4159,100,100
23.4152,100,100
23.4145,100,100
23.4139,100,100
23.4132,100,100
23.4125,100,100
23.4118,100,100
23.4112,100,100
23.4105,100,100
23.4099,100,100
23.4093,100,100
23.4087,100,100
23.4081,100,100
23.4075,100,100
23.4069,100,100
23.4063,100,100
23.4057,100,100
23.4051,100,100
23.4045,100,100
23.4039,100,100
23.4033,100,100
23.4027,100,100
23.4021,100,100
23.4015,100,100
23.4009,100,100
23.4002,100,100
23.3996,100,100
23.399,100,100
23.3984,100,100
23.3978,100,100
23.3972,100,100
23.3966,100,100
23.396,100,100
23.3954,100,100
23.3948,100,100
23.3942,100,100
23.3936,100,100
23.393,100,100
23.3924,100,100
23.3918,100,100
23.3912,100,100
23.3906,100,100
23.39,100,100
23.3894,100,100
23.3888,100,100
23.3882,100,100
23.3876,100,100
23.387,100,100
23.3864,100,100
23.3858,100,100
23.3852,100,100
23.3846,100,100
23.384,100,100
23.3834,100,100
23.3828,100,100
23.3822,100,100
23.3816,100,100
23.381,100,100
23.3804,100,100
23.3798,100,100
23.3792,100,100
23.3786,100,100
23.378,100,100
23.3774,100,100
23.3768,100,100
23.3762,100,100
23.3756,100,100
23.3749,100,100
23.3743,100,100
23.3737,100,100
23.3731,100,100
23.3725,100,100
23.3719,100,100
23.3713,100,100
23.3707,100,100
23.3701,100,100
23.3695,100,100
23.3689,100,100
23.3683,100,100
23.3677,100,100
23.3671,100,100
23.3665,100,100
23.3659,100,100
23.3653,100,100
23.3647,100,100
23.3641,100,100
23.3635,100,100
23.3629,100,100
23.3623,100,100
23.3617,100,100
23.3611,100,100
23.3605,100,100
23.3599,100,100
23.3593,100,100
23.3587,100,100
23.3581,100,100
23.3575,100,100
23.3569,100,100
23.3563,100,100
23.3557,100,100
23.3551,100,100
23.3545,100,100
23.3539,100,100
23.3533,100,100
23.3527,100,100
23.3521,100,100
23.3515,100,100
23.3509,100,100
23.3503,100,100
23.3497,100,100
23.3492,100,100
23.3486,100,100
23.3481,100,100
23.3475,100,100
23.347,100,100
23.3464,100,100
23.3459,100,100
23.3453,100,100
23.3448,100,100
23.3442,100,100
23.3437,100,100
23.3432,100,100
23.3426,100,100
23.3421,100,100
23.3415,100,100
23.341,100,100
23.3404,100,100
23.3399,100,100
23.3393,100,100
23.3388,100,100
23.3382,100,100
23.3377,100,100
23.3372,100,100
23.3366,100,100
23.3361,100,100
23.3355,100,100
23.335,100,100
23.3344,100,100
23.3339,100,100
23.3333,100,100
23.3328,100,100
23.3323,100,100
23.3317,100,100
23.3312,100,100
23.3306,100,100
23.3301,100,100
23.3295,100,100
23.329,100,100
23.3284,100,100
23.3279,100,100
23.3273,100,100
23.3268,100,100
23.3263,100,100
23.3257,100,100
23.3252,100,100
23.3246,100,100
23.3241,100,100
23.3235,100,100
23.323,100,100
23.3224,100,100
23.3219,100,100
23.3213,100,100
23.3208,100,100
23.3203,100,100
23.3197,100,100
23.3192,100,100
23.3186,100,100
23.3181,100,100
23.3175,100,100
23.317,100,100
23.3164,100,100
23.3159,100,100
23.3154,100,100
23.3148,100,100
23.3143,100,100
23.3137,100,100
23.3132,100,100
23.3126,100,100
23.3121,100,100
23.3115,100,100
23.311,100,100
23.3104,100,100
23.3099,100,100
23.3094,100,100
23.3088,100,100
23.3083,100,100
23.3077,100,100
23.3072,100,100
23.3066,100,100
23.3061,100,100
23.3055,100,100
23.305,100,100
23.3044,100,100
23.3039,100,100
23.3034,100,100
23.3028,100,100
23.3023,100,100
23.3017,100,100
23.3012,100,100
23.3006,100,100
23.3001,100,100
23.2995,100,100
23.299,100,100
23.2985,100,100
23.2979,100,100
23.2974,100,100
23.2968,100,100
23.2963,100,100
23.2957,100,100
23.2952,100,100
23.2947,100,100
23.2942,100,100
23.2937,100,100
23.2932,100,100
23.2927,100,100
23.2922,100,100
23.2917,100,100
23.2912,100,100
23.2907,100,100
23.2902,100,100
23.2897,100,100
23.2892,100,100
23.2887,100,100
23.2882,100,100
23.2877,100,100
23.2872,100,100
23.2867,100,100
23.2862,100,100
23.2857,100,100
23.2852,100,100
23.2847,100,100
23.2842,100,100
23.2837,100,100
23.2832,100,100
23.2827,100,100
23.2822,100,100
23.2817,100,100
23.2812,100,100
23.2807,100,100
23.2802,100,100
23.2797,100,100
23.2792,100,100
23.2787,100,100
23.2782,100,100
23.2777,100,100
23.2772,100,100
23.2767,100,100
23.2762,100,100
23.2757,100,100
23.2752,100,100
23.2747,100,100
23.2742,100,100
23.2737,100,100
23.2732,100,100
23.2727,100,100
23.2722,100,100
23.2717,100,100
23.2712,100,100
23.2707,100,100
23.2702,100,100
23.2697,100,100
23.2692,100,100
23.2687,100,100
23.2682,100,100
23.2677,100,100
23.2672,100,100
23.2667,100,100
23.2662,100,100
23.2657,100,100
23.2652,100,100
23.2647,100,100
23.2642,100,100
23.2637,100,100
23.2632,100,100
23.2627,100,100
23.2622,100,100
23.2617,100,100
23.2612,100,100
23.2607,100,100
23.2602,100,100
23.2597,100,100
23.2592,100,100
23.2587,100,100
23.2582,100,100
23.2577,100,100
23.2572,100,100
23.2567,100,100
23.2562,100,100
23.2557,100,100
23.2552,100,100
23.2547,100,100
23.2542,100,100
23.2538,100,100
23.2533,100,100
23.2528,100,100
23.2523,100,100
23.2518,100,100
23.2513,100,100
23.2508,100,100
23.2503,100,100
23.2498,100,100
23.2493,100,100
23.2488,100,100
23.2483,100,100
23.2478,100,100
23.2473,100,100
23.2468,100,100
23.2463,100,100
23.2458,100,100
23.2453,100,100
23.2448,100,100
23.2444,100,100
23.2439,100,100
23.2434,100,100
23.243,100,100
23.2425,100,100
23.242,100,100
23.2416,100,100
23.2411,100,100
23.2406,100,100
23.2402,100,100
23.2397,100,100
23.2392,100,100
23.2388,100,100
23.2383,100,100
23.2379,100,100
23.2374,100,100
23.2369,100,100
23.2365,100,100
23.236,100,100
23.2355,100,100
23.2351,100,100
23.2346,100,100
23.2341,100,100
23.2337,100,100
23.2332,100,100
23.2327,100,100
23.2323,100,100
23.2318,100,100
23.2313,100,100
23.2309,100,100
23.2304,100,100
23.23,100,100
23.2295,100,100
23.229,100,100
23.2286,100,100
23.2281,100,100
23.2276,100,100
23.2272,100,100
23.2267,100,100
23.2262,100,100
23.2258,100,100
23.2253,100,100
23.2248,100,100
23.2244,100,100
23.2239,100,100
23.2234,100,100
23.223,100,100
23.2225,100,100
23.2221,100,100
23.2216,100,100
23.2211,100,100
23.2207,100,100
23.2202,100,100
23.2197,100,100
23.2193,100,100
23.2188,100,100
23.2183,100,100
23.2179,100,100
23.2174,100,100
23.2169,100,100
23.2165,100,100
23.216,100,100
23.2155,100,100
23.2151,100,100
23.2146,100,100
23.2142,100,100
23.2137,100,100
23.2132,100,100
23.2128,100,100
23.2123,100,100
23.2118,100,100
23.2114,100,100
23.2109,100,100
23.2104,100,100
23.21,100,100
23.2095,100,100
23.209,100,100
23.2086,100,100
23.2081,100,100
23.2076,100,100
23.2072,100,100
23.2067,100,100
23.2063,100,100
23.2058,100,100
23.2053,100,100
23.2049,100,100
23.2044,100,100
23.2039,100,100
23.2035,100,100
23.203,100,100
23.2025,100,100
23.2021,100,100
23.2016,100,100
23.2011,100,100
23.2007,100,100
23.2002,100,100
23.1997,100,100
23.1993,100,100
23.1988,100,100
23.1984,100,100
23.198,100,100
23.1975,100,100
23.1971,100,100
23.1966,100,100
23.1962,100,100
23.1958,100,100
23.1953,100,100
23.1949,100,100
23.1945,100,100
23.194,100,100
23.1936,100,100
23.1931,100,100
23.1927,100,100
23.1923,100,100
23.1918,100,100
23.1914,100,100
23.1909,100,100
23.1905,100,100
23.1901,100,100
23.1896,100,100
23.1892,100,100
23.1887,100,100
23.1883,100,100
23.1879,100,100
23.1874,100,100
23.187,100,100
23.1866,100,100
23.1861,100,100
23.1857,100,100
23.1852,100,100
23.1848,100,100
23.1844,100,100
23.1839,100,100
23.1835,100,100
23.183,100,100
23.1826,100,100
23.1822,100,100
23.1817,100,100
23.1813,100,100
23.1809,100,100
23.1804,100,100
23.18,100,100
23.1795,100,100
23.1791,100,100
23.1787,100,100
23.1782,100,100
23.1778,100,100
23.1773,100,100
23.1769,100,100
23.1765,100,100
23.176,100,100
23.1756,100,100
23.1751,100,100
23.1747,100,100
23.1743,100,100
23.1738,100,100
23.1734,100,100
23.173,100,100
23.1725,100,100
23.1721,100,100
23.1716,100,100
23.1712,100,100
23.1708,100,100
23.1703,100,100
23.1699,100,100
23.1694,100,100
23.169,100,100
23.1686,100,100
23.1681,100,100
23.1677,100,100
23.1672,100,100
23.1668,100,100
23.1664,100,100
23.1659,100,100
23.1655,100,100
23.1651,100,100
23.1646,100,100
23.1642,100,100
23.1637,100,100
23.1633,100,100
23.1629,100,100
23.1624,100,100
23.162,100,100
23.1615,100,100
23.1611,100,100
23.1607,100,100
23.1602,100,100
23.1598,100,100
23.1593,100,100
23.1589,100,100
23.1585,100,100
23.158,100,100
23.1576,100,100
23.1572,100,100
23.1567,100,100
23.1563,100,100
23.1558,100,100
23.1554,100,100
23.155,100,100
23.1546,100,100
23.1541,100,100
23.1537,100,100
23.1533,100,100
23.1529,100,100
23.1525,100,100
23.1521,100,100
23.1517,100,100
23.1512,100,100
23.1508,100,100
23.1504,100,100
23.15,100,100
23.1496,100,100
23.1492,100,100
23.1487,100,100
23.1483,100,100
23.1479,100,100
23.1475,100,100
23.1471,100,100
23.1467,100,100
23.1462,100,100
23.1458,100,100
23.1454,100,100
23.145,100,100
23.1446,100,100
23.1442,100,100
23.1438,100,100
23.1433,100,100
23.1429,100,100
23.1425,100,100
23.1421,100,100
23.1417,100,100
23.1413,100,100
23.1408,100,100
23.1404,100,100
23.14,100,100
23.1396,100,100
23.1392,100,100
23.1388,100,100
23.1383,100,100
23.1379,100,100
23.1375,100,100
23.1371,100,100
23.1367,100,100
23.1363,100,100
23.1359,100,100
23.1354,100,100
23.135,100,100
23.1346,100,100
23.1342,100,100
23.1338,100,100
23.1334,100,100
23.1329,100,100
23.1325,100,100
23.1321,100,100
23.1317,100,100
23.1313,100,100
23.1309,100,100
23.1304,100,100
23.13,100,100
23.1296,100,100
23.1292,100,100
23.1288,100,100
23.1284,100,100
23.128,100,100
23.1275,100,100
23.1271,100,100
23.1267,100,100
23.1263,100,100
23.1259,100,100
23.1255,100,100
23.125,100,100
23.1246,100,100
23.1242,100,100
23.1238,100,100
23.1234,100,100
23.123,100,100
23.1225,100,100
23.1221,100,100
23.1217,100,100
23.1213,100,100
23.1209,100,100
23.1205,100,100
23.1201,100,100
23.1196,100,100
23.1192,100,100
23.1188,100,100
23.1184,100,100
23.118,100,100
23.1176,100,100
23.1171,100,100
23.1167,100,100
23.1163,100,100
23.1159,100,100
23.1155,100,100
23.1151,100,100
23.1146,100,100
23.1142,100,100
23.1138,100,100
23.1134,100,100
23.113,100,100
23.1126,100,100
23.1122,100,100
23.1118,100,100
23.1114,100,100
23.111,100,100
23.1106,100,100
23.1102,100,100
23.1098,100,100
23.1094,100,100
23.109,100,100
23.1086,100,100
23.1082,100,100
23.1078,100,100
23.1075,100,100
23.1071,100,100
23.1067,100,100
23.1063,100,100
23.1059,100,100
23.1055,100,100
23.1051,100,100
23.1047,100,100
23.1043,100,100
23.1039,100,100
23.1035,100,100
23.1031,100,100
23.1027,100,100
23.1023,100,100
23.1019,100,100
23.1015,100,100
23.1011,100,100
23.1007,100,100
23.1003,100,100
23.0999,100,100
23.0995,100,100
23.0991,100,100
23.0987,100,100
23.0983,100,100
23.0979,100,100
23.0975,100,100
23.0971,100,100
23.0967,100,100
23.0963,100,100
23.0959,100,100
23.0955,100,100
23.0951,100,100
23.0947,100,100
23.0943,100,100
23.0939,100,100
23.0935,100,100
23.0931,100,100
23.0927,100,100
23.0923,100,100
23.0919,100,100
23.0915,100,100
23.0912,100,100
23.0908,100,100
23.0904,100,100
23.09,100,100
23.0896,100,100
23.0892,100,100
23.0888,100,100
23.0884,100,100
23.088,100,100
23.0876,100,100
23.0872,100,100
23.0868,100,100
23.0864,100,100
23.086,100,100
23.0856,100,100
23.0852,100,100
23.0848,100,100
23.0844,100,100
23.084,100,100
23.0836,100,100
23.0832,100,100
23.0828,100,100
23.0824,100,100
23.082,100,100
23.0816,100,100
23.0812,100,100
23.0808,100,100
23.0804,100,100
23.08,100,100
23.0796,100,100
23.0792,100,100
23.0788,100,100
23.0784,100,100
23.078,100,100
23.0776,100,100
23.0772,100,100
23.0768,100,100
23.0764,100,100
23.076,100,100
23.0756,100,100
23.0752,100,100
23.0748,100,100
23.0745,100,100
23.0741,100,100
23.0737,100,100
23.0733,100,100
23.0729,100,100
23.0725,100,100
23.0721,100,100
23.0718,100,100
23.0714,100,100
23.071,100,100
23.0706,100,100
23.0702,100,100
23.0698,100,100
23.0695,100,100
23.0691,100,100
23.0687,100,100
23.0683,100,100
23.0679,100,100
23.0675,100,100
23.0672,100,100
23.0668,100,100
23.0664,100,100
23.066,100,100
23.0656,100,100
23.0652,100,100
23.0649,100,100
23.0645,100,100
23.0641,100,100
23.0637,100,100
23.0633,100,100
23.0629,100,100
23.0626,100,100
23.0622,100,100
23.0618,100,100
23.0614,100,100
23.061,100,100
23.0606,100,100
23.0603,100,100
23.0599,100,100
23.0595,100,100
23.0591,100,100
23.0587,100,100
23.0583,100,100
23.058,100,100
23.0576,100,100
23.0572,100,100
23.0568,100,100
23.0564,100,100
23.056,100,100
23.0557,100,100
23.0553,100,100
23.0549,100,100
23.0545,100,100
23.0541,100,100
23.0537,100,100
23.0534,100,100
23.053,100,100
23.0526,100,100
23.0522,100,100
23.0518,100,100
23.0514,100,100
23.0511,100,100
23.0507,100,100
23.0503,100,100
23.0499,100,100
23.0495,100,100
23.0491,100,100
23.0488,100,100
23.0484,100,100
23.048,100,100
23.0476,100,100
23.0472,100,100
23.0468,100,100
23.0465,100,100
23.0461,100,100
23.0457,100,100
23.0453,100,100
23.0449,100,100
23.0445,100,100
23.0442,100,100
23.0438,100,100
23.0434,100,100
23.043,100,100
23.0426,100,100
23.0422,100,100
23.0419,100,100
23.0415,100,100
23.0411,100,100
23.0407,100,100
23.0403,100,100
23.0399,100,100
23.0396,100,100
23.0392,100,100
23.0388,100,100
23.0384,100,100
23.038,100,100
23.0376,100,100
23.0373,100,100
23.0369,100,100
23.0365,100,100
23.0361,100,100
23.0357,100,100
23.0354,100,100
23.035,100,100
23.0346,100,100
23.0342,100,100
23.0339,100,100
23.0335,100,100
23.0331,100,100
23.0327,100,100
23.0324,100,100
23.032,100,100
23.0316,100,100
23.0313,100,100
23.0309,100,100
23.0305,100,100
23.0301,100,100
23.0298,100,100
23.0294,100,100
23.029,100,100
23.0287,100,100
23.0283,100,100
23.0279,100,100
23.0275,100,100
23.0272,100,100
23.0268,100,100
23.0264,100,100
23.0261,100,100
23.0257,100,100
23.0253,100,100
23.0249,100,100
23.0246,100,100
23.0242,100,100
23.0238,100,100
23.0234,100,100
23.0231,100,100
23.0227,100,100
23.0223,100,100
23.022,100,100
23.0216,100,100
23.0212,100,100
23.0208,100,100
23.0205,100,100
23.0201,100,100
23.0197,100,100
23.0194,100,100
23.019,100,100
23.0186,100,100
23.0182,100,100
23.0179,100,100
23.0175,100,100
23.0171,100,100
23.0167,100,100
23.0164,100,100
23.016,100,100
23.0156,100,100
23.0153,100,100
23.0149,100,100
23.0145,100,100
23.0141,100,100
23.0138,100,100
23.0134,100,100
23.013,100,100
23.0127,100,100
23.0123,100,100
23.0119,100,100
23.0115,100,100
23.0112,100,100
23.0108,100,100
23.0104,100,100
23.0101,100,100
23.0097,100,100
23.0093,100,100
23.0089,100,100
23.0086,100,100
23.0082,100,100
23.0078,100,100
23.0074,100,100
23.0071,100,100
23.0067,100,100
23.0063,100,100
23.006,100,100
23.0056,100,100
23.0052,100,100
23.0048,100,100
23.0045,100,100
23.0041,100,100
23.0037,100,100
23.0034,100,100
23.003,100,100
23.0026,100,100
23.0022,100,100
23.0019,100,100
23.0015,100,100
23.0011,100,100
23.0008,100,100
23.0004,100,100
23,100,100
22.9996,100,100
22.9993,100,100
22.9989,100,100
22.9985,100,100
22.9982,100,100
22.9978,100,100
22.9974,100,100
22.9971,100,100
22.9967,100,100
22.9963,100,100
22.996,100,100
22.9956,100,100
22.9953,100,100
22.9949,100,100
22.9945,100,100
22.9942,100,100
22.9938,100,100
22.9934,100,100
22.9931,100,100
22.9927,100,100
22.9924,100,100
22.992,100,100
22.9916,100,100
22.9913,100,100
22.9909,100,100
22.9905,100,100
22.9902,100,100
22.9898,100,100
22.9895,100,100
22.9891,100,100
22.9887,100,100
22.9884,100,100
22.988,100,100
22.9876,100,100
22.9873,100,100
22.9869,100,100
22.9866,100,100
22.9862,100,100
22.9858,100,100
22.9855,100,100
22.9851,100,100
22.9847,100,100
22.9844,100,100
22.984,100,100
22.9837,100,100
22.9833,100,100
22.9829,100,100
22.9826,100,100
22.9822,100,100
22.9818,100,100
22.9815,100,100
22.9811,100,100
22.9808,100,100
22.9804,100,100
22.98,100,100
22.9797,100,100
22.9793,100,100
22.9789,100,100
22.9786,100,100
22.9782,100,100
22.9779,100,100
22.9775,100,100
22.9771,100,100
22.9768,100,100
22.9764,100,100
22.976,100,100
22.9757,100,100
22.9753,100,100
22.975,100,100
22.9746,100,100
22.9742,100,100
22.9739,100,100
22.9735,100,100
22.9731,100,100
22.9728,100,100
22.9724,100,100
22.9721,100,100
22.9717,100,100
22.9713,100,100
22.971,100,100
22.9706,100,100
22.9702,100,100
22.9699,100,100
22.9695,100,100
22.9692,100,100
22.9688,100,100
22.9684,100,100
22.9681,100,100
22.9677,100,100
22.9673,100,100
22.967,100,100
22.9666,100,100
22.9663,100,100
22.9659,100,100
22.9655,100,100
22.9652,100,100
22.9648,100,100
22.9644,100,100
22.9641,100,100
22.9637,100,100
22.9634,100,100
22.963,100,100
22.9626,100,100
22.9623,100,100
22.9619,100,100
22.9616,100,100
22.9612,100,100
22.9609,100,100
22.9605,100,100
22.9602,100,100
22.9598,100,100
22.9595,100,100
22.9591,100,100
22.9588,100,100
22.9584,100,100
22.9581,100,100
22.9577,100,100
22.9574,100,100
22.957,100,100
22.9567,100,100
22.9563,100,100
22.956,100,100
22.9557,100,100
22.9553,100,100
22.955,100,100
22.9546,100,100
22.9543,100,100
22.9539,100,100
22.9536,100,100
22.9532,100,100
22.9529,100,100
22.9525,100,100
22.9522,100,100
22.9518,100,100
22.9515,100,100
22.9511,100,100
22.9508,100,100
22.9504,100,100
22.9501,100,100
22.9497,100,100
22.9494,100,100
22.949,100,100
22.9487,100,100
22.9484,100,100
22.948,100,100
22.9477,100,100
22.9473,100,100
22.947,100,100
22.9466,100,100
22.9463,100,100
22.9459,100,100
22.9456,100,100
22.9452,100,100
22.9449,100,100
22.9445,100,100
22.9442,100,100
22.9438,100,100
22.9435,100,100
22.9431,100,100
22.9428,100,100
22.9424,100,100
22.9421,100,100
22.9417,100,100
22.9414,100,100
22.941,100,100
22.9407,100,100
22.9404,100,100
22.94,100,100
22.9397,100,100
22.9393,100,100
22.939,100,100
22.9386,100,100
22.9383,100,100
22.9379,100,100
22.9376,100,100
22.9372,100,100
22.9369,100,100
22.9365,100,100
22.9362,100,100
22.9358,100,100
22.9355,100,100
22.9351,100,100
22.9348,100,100
22.9344,100,100
22.9341,100,100
22.9337,100,100
22.9334,100,100
22.9331,100,100
22.9327,100,100
22.9324,100,100
22.932,100,100
22.9317,100,100
22.9313,100,100
22.931,100,100
22.9306,100,100
22.9303,100,100
22.9299,100,100
22.9296,100,100
22.9292,100,100
22.9289,100,100
22.9285,100,100
22.9282,100,100
22.9278,100,100
22.9275,100,100
22.9272,100,100
22.9268,100,100
22.9265,100,100
22.9262,100,100
22.9258,100,100
22.9255,100,100
22.9252,100,100
22.9248,100,100
22.9245,100,100
22.9242,100,100
22.9238,100,100
22.9235,100,100
22.9232,100,100
22.9229,100,100
22.9225,100,100
22.9222,100,100
22.9219,100,100
22.9215,100,100
22.9212,100,100
22.9209,100,100
22.9205,100,100
22.9202,100,100
22.9199,100,100
22.9195,100,100
22.9192,100,100
22.9189,100,100
22.9186,100,100
22.9182,100,100
22.9179,100,100
22.9176,100,100
22.9172,100,100
22.9169,100,100
22.9166,100,100
22.9162,100,100
22.9159,100,100
22.9156,100,100
22.9152,100,100
22.9149,100,100
22.9146,100,100
22.9143,100,100
22.9139,100,100
22.9136,100,100
22.9133,100,100
22.9129,100,100
22.9126,100,100
22.9123,100,100
22.9119,100,100
22.9116,100,100
22.9113,100,100
22.911,100,100
22.9106,100,100
22.9103,100,100
22.91,100,100
22.9096,100,100
22.9093,100,100
22.909,100,100
22.9086,100,100
22.9083,100,100
22.908,100,100
22.9076,100,100
22.9073,100,100
22.907,100,100
22.9067,100,100
22.9063,100,100
22.906,100,100
22.9057,100,100
22.9053,100,100
22.905,100,100
22.9047,100,100
22.9043,100,100
22.904,100,100
22.9037,100,100
22.9033,100,100
22.903,100,100
22.9027,100,100
22.9024,100,100
22.902,100,100
22.9017,100,100
22.9014,100,100
22.901,100,100
22.9007,100,100
22.9004,100,100
22.9,100,100
22.8997,100,100
22.8994,100,100
22.899,100,100
22.8987,100,100
22.8984,100,100
22.8981,100,100
22.8977,100,100
22.8974,100,100
22.8971,100,100
22.8967,100,100
22.8964,100,100
22.8961,100,100
22.8957,100,100
22.8954,100,100
22.8951,100,100
22.8947,100,100
22.8944,100,100
22.8941,100,100
22.8938,100,100
22.8935,100,100
22.8932,100,100
22.8928,100,100
22.8925,100,100
22.8922,100,100
22.8919,100,100
22.8916,100,100
22.8913,100,100
22.8909,100,100
22.8906,100,100
22.8903,100,100
22.89,100,100
22.8897,100,100
22.8894,100,100
22.889,100,100
22.8887,100,100
22.8884,100,100
22.8881,100,100
22.8878,100,100
22.8875,100,100
22.8872,100,100
22.8868,100,100
22.8865,100,100
22.8862,100,100
22.8859,100,100
22.8856,100,100
22.8853,100,100
22.8849,100,100
22.8846,100,100
22.8843,100,100
22.884,100,100
22.8837,100,100
22.8834,100,100
22.883,100,100
22.8827,100,100
22.8824,100,100
22.8821,100,100
22.8818,100,100
22.8815,100,100
22.8811,100,100
22.8808,100,100
22.8805,100,100
22.8802,100,100
22.8799,100,100
22.8796,100,100
22.8793,100,100
22.8789,100,100
22.8786,100,100
22.8783,100,100
22.878,100,100
22.8777,100,100
22.8774,100,100
22.877,100,100
22.8767,100,100
22.8764,100,100
22.8761,100,100
22.8758,100,100
22.8755,100,100
22.8751,100,100
22.8748,100,100
22.8745,100,100
22.8742,100,100
22.8739,100,100
22.8736,100,100
22.8733,100,100
22.8729,100,100
22.8726,100,100
22.8723,100,100
22.872,100,100
22.8717,100,100
22.8714,100,100
22.871,100,100
22.8707,100,100
22.8704,100,100
22.8701,100,100
22.8698,100,100
22.8695,100,100
22.8691,100,100
22.8688,100,100
22.8685,100,100
22.8682,100,100
22.8679,100,100
22.8676,100,100
22.8673,100,100
22.8669,100,100
22.8666,100,100
22.8663,100,100
22.866,100,100
22.8657,100,100
22.8654,100,100
22.865,100,100
22.8647,100,100
22.8644,100,100
22.8641,100,100
22.8638,100,100
22.8635,100,100
22.8631,100,100
22.8628,100,100
22.8625,100,100
22.8622,100,100
22.8619,100,100
22.8616,100,100
22.8613,100,100
22.861,100,100
22.8607,100,100
22.8604,100,100
22.8601,100,100
22.8598,100,100
22.8595,100,100
22.8592,100,100
22.8589,100,100
22.8586,100,100
22.8583,100,100
22.858,100,100
22.8577,100,100
22.8573,100,100
22.857,100,100
22.8567,100,100
22.8564,100,100
22.8561,100,100
22.8558,100,100
22.8555,100,100
22.8552,100,100
22.8549,100,100
22.8546,100,100
22.8543,100,100
22.854,100,100
22.8537,100,100
22.8534,100,100
22.8531,100,100
22.8528,100,100
22.8525,100,100
22.8522,100,100
22.8519,100,100
22.8516,100,100
22.8513,100,100
22.8509,100,100
22.8506,100,100
22.8503,100,100
22.85,100,100
22.8497,100,100
22.8494,100,100
22.8491,100,100
22.8488,100,100
22.8485,100,100
22.8482,100,100
22.8479,100,100
22.8476,100,100
22.8473,100,100
22.847,100,100
22.8467,100,100
22.8464,100,100
22.8461,100,100
22.8458,100,100
22.8455,100,100
22.8452,100,100
22.8449,100,100
22.8446,100,100
22.8442,100,100
22.8439,100,100
22.8436,100,100
22.8433,100,100
22.843,100,100
22.8427,100,100
22.8424,100,100
22.8421,100,100
22.8418,100,100
22.8415,100,100
22.8412,100,100
22.8409,100,100
22.8406,100,100
22.8403,100,100
22.84,100,100
22.8397,100,100
22.8394,100,100
22.8391,100,100
22.8388,100,100
22.8385,100,100
22.8382,100,100
22.8378,100,100
22.8375,100,100
22.8372,100,100
22.8369,100,100
22.8366,100,100
22.8363,100,100
22.836,100,100
22.8357,100,100
22.8354,100,100
22.8351,100,100
22.8348,100,100
22.8345,100,100
22.8342,100,100
22.8339,100,100
22.8336,100,100
22.8333,100,100
22.833,100,100
22.8327,100,100
22.8324,100,100
22.8321,100,100
22.8318,100,100
22.8315,100,100
22.8312,100,100
22.8309,100,100
22.8306,100,100
22.8303,100,100
22.83,100,100
22.8297,100,100
22.8294,100,100
22.8291,100,100
22.8288,100,100
22.8285,100,100
22.8282,100,100
22.8279,100,100
22.8276,100,100
22.8273,100,100
22.827,100,100
22.8267,100,100
22.8264,100,100
22.8261,100,100
22.8258,100,100
22.8255,100,100
22.8252,100,100
22.825,100,100
22.8247,100,100
22.8244,100,100
22.8241,100,100
22.8238,100,100
22.8235,100,100
22.8232,100,100
22.8229,100,100
22.8226,100,100
22.8223,100,100
22.822,100,100
22.8217,100,100
22.8214,100,100
22.8211,100,100
22.8208,100,100
22.8205,100,100
22.8202,100,100
22.8199,100,100
22.8196,100,100
22.8193,100,100
22.819,100,100
22.8187,100,100
22.8184,100,100
22.8181,100,100
22.8178,100,100
22.8175,100,100
22.8172,100,100
22.8169,100,100
22.8167,100,100
22.8164,100,100
22.8161,100,100
22.8158,100,100
22.8155,100,100
22.8152,100,100
22.8149,100,100
22.8146,100,100
22.8143,100,100
22.814,100,100
22.8137,100,100
22.8134,100,100
22.8131,100,100
22.8128,100,100
22.8125,100,100
22.8122,100,100
22.8119,100,100
22.8116,100,100
22.8113,100,100
22.811,100,100
22.8107,100,100
22.8104,100,100
22.8101,100,100
22.8098,100,100
22.8095,100,100
22.8092,100,100
22.8089,100,100
22.8086,100,100
22.8083,100,100
22.8081,100,100
22.8078,100,100
22.8075,100,100
22.8072,100,100
22.8069,100,100
22.8066,100,100
22.8063,100,100
22.806,100,100
22.8057,100,100
22.8054,100,100
22.8051,100,100
22.8048,100,100
22.8045,100,100
22.8042,100,100
22.8039,100,100
22.8036,100,100
22.8033,100,100
22.803,100,100
22.8027,100,100
22.8024,100,100
22.8021,100,100
22.8019,100,100
22.8016,100,100
22.8013,100,100
22.801,100,100
22.8007,100,100
22.8004,100,100
22.8001,100,100
22.7998,100,100
22.7996,100,100
22.7993,100,100
22.799,100,100
22.7987,100,100
22.7984,100,100
22.7981,100,100
22.7978,100,100
22.7975,100,100
22.7972,100,100
22.797,100,100
22.7967,100,100
22.7964,100,100
22.7961,100,100
22.7958,100,100
22.7955,100,100
22.7952,100,100
22.7949,100,100
22.7947,100,100
22.7944,100,100
22.7941,100,100
22.7938,100,100
22.7935,100,100
22.7932,100,100
22.7929,100,100
22.7926,100,100
22.7924,100,100
22.7921,100,100
22.7918,100,100
22.7915,100,100
22.7912,100,100
22.7909,100,100
22.7906,100,100
22.7903,100,100
22.7901,100,100
22.7898,100,100
22.7895,100,100
22.7892,100,100
22.7889,100,100
22.7886,100,100
22.7883,100,100
22.788,100,100
22.7878,100,100
22.7875,100,100
22.7872,100,100
22.7869,100,100
22.7866,100,100
22.7863,100,100
22.786,100,100
22.7857,100,100
22.7855,100,100
22.7852,100,100
22.7849,100,100
22.7846,100,100
22.7843,100,100
22.784,100,100
22.7837,100,100
22.7834,100,100
22.7832,100,100
22.7829,100,100
22.7826,100,100
22.7823,100,100
22.782,100,100
22.7817,100,100
22.7814,100,100
22.7811,100,100
22.7808,100,100
22.7806,100,100
22.7803,100,100
22.78,100,100
22.7797,100,100
22.7794,100,100
22.7791,100,100
22.7788,100,100
22.7785,100,100
22.7783,100,100
22.778,100,100
22.7777,100,100
22.7774,100,100
22.7771,100,100
22.7768,100,100
22.7765,100,100
22.7762,100,100
22.776,100,100
22.7757,100,100
22.7754,100,100
22.7751,100,100
22.7748,100,100
22.7745,100,100
22.7742,100,100
22.7739,100,100
22.7737,100,100
22.7734,100,100
22.7731,100,100
22.7728,100,100
22.7725,100,100
22.7723,100,100
22.772,100,100
22.7717,100,100
22.7714,100,100
22.7711,100,100
22.7709,100,100
22.7706,100,100
22.7703,100,100
22.77,100,100
22.7697,100,100
22.7695,100,100
22.7692,100,100
22.7689,100,100
22.7686,100,100
22.7683,100,100
22.768,100,100
22.7678,100,100
22.7675,100,100
22.7672,100,100
22.7669,100,100
22.7666,100,100
22.7664,100,100
22.7661,100,100
22.7658,100,100
22.7655,100,100
22.7652,100,100
22.765,100,100
22.7647,100,100
22.7644,100,100
22.7641,100,100
22.7638,100,100
22.7636,100,100
22.7633,100,100
22.763,100,100
22.7627,100,100
22.7624,100,100
22.7622,100,100
22.7619,100,100
22.7616,100,100
22.7613,100,100
22.761,100,100
22.7608,100,100
22.7605,100,100
22.7602,100,100
22.7599,100,100
22.7596,100,100
22.7593,100,100
22.7591,100,100
22.7588,100,100
22.7585,100,100
22.7582,100,100
22.7579,100,100
22.7577,100,100
22.7574,100,100
22.7571,100,100
22.7568,100,100
22.7565,100,100
22.7563,100,100
22.756,100,100
22.7557,100,100
22.7554,100,100
22.7551,100,100
22.7549,100,100
22.7546,100,100
22.7543,100,100
22.754,100,100
22.7537,100,100
22.7535,100,100
22.7532,100,100
22.7529,100,100
22.7526,100,100
22.7523,100,100
22.7521,100,100
22.7518,100,100
22.7515,100,100
22.7512,100,100
22.7509,100,100
22.7506,100,100
22.7504,100,100
22.7501,100,100
22.7498,100,100
22.7495,100,100
22.7492,100,100
22.749,100,100
22.7487,100,100
22.7484,100,100
22.7481,100,100
22.7478,100,100
22.7476,100,100
22.7473,100,100
22.747,100,100
22.7467,100,100
22.7464,100,100
22.7462,100,100
22.7459,100,100
22.7456,100,100
22.7453,100,100
22.7451,100,100
22.7448,100,100
22.7445,100,100
22.7442,100,100
22.744,100,100
22.7437,100,100
22.7434,100,100
22.7432,100,100
22.7429,100,100
22.7426,100,100
22.7423,100,100
22.7421,100,100
22.7418,100,100
22.7415,100,100
22.7412,100,100
22.741,100,100
22.7407,100,100
22.7404,100,100
22.7402,100,100
22.7399,100,100
22.7396,100,100
22.7393,100,100
22.7391,100,100
22.7388,100,100
22.7385,100,100
22.7383,100,100
22.738,100,100
22.7377,100,100
22.7374,100,100
22.7372,100,100
22.7369,100,100
22.7366,100,100
22.7363,100,100
22.7361,100,100
22.7358,100,100
22.7355,100,100
22.7353,100,100
22.735,100,100
22.7347,100,100
22.7344,100,100
22.7342,100,100
22.7339,100,100
22.7336,100,100
22.7333,100,100
22.7331,100,100
22.7328,100,100
22.7325,100,100
22.7323,100,100
22.732,100,100
22.7317,100,100
22.7314,100,100
22.7312,100,100
22.7309,100,100
22.7306,100,100
22.7304,100,100
22.7301,100,100
22.7298,100,100
22.7295,100,100
22.7293,100,100
22.729,100,100
22.7287,100,100
22.7284,100,100
22.7282,100,100
22.7279,100,100
22.7276,100,100
22.7274,100,100
22.7271,100,100
22.7268,100,100
22.7265,100,100
22.7263,100,100
22.726,100,100
22.7257,100,100
22.7255,100,100
22.7252,100,100
22.7249,100,100
22.7246,100,100
22.7244,100,100
22.7241,100,100
22.7238,100,100
22.7235,100,100
22.7233,100,100
22.723,100,100
22.7227,100,100
22.7225,100,100
22.7222,100,100
22.7219,100,100
22.7216,100,100
22.7214,100,100
22.7211,100,100
22.7208,100,100
22.7206,100,100
22.7203,100,100
22.72,100,100
22.7197,100,100
22.7195,100,100
22.7192,100,100
22.7189,100,100
22.7186,100,100
22.7184,100,100
22.7181,100,100
22.7179,100,100
22.7176,100,100
22.7173,100,100
22.7171,100,100
22.7168,100,100
22.7165,100,100
22.7163,100,100
22.716,100,100
22.7157,100,100
22.7155,100,100
22.7152,100,100
22.715,100,100
22.7147,100,100
22.7144,100,100
22.7142,100,100
22.7139,100,100
22.7136,100,100
22.7134,100,100
22.7131,100,100
22.7128,100,100
22.7126,100,100
22.7123,100,100
22.7121,100,100
22.7118,100,100
22.7115,100,100
22.7113,100,100
22.711,100,100
22.7107,100,100
22.7105,100,100
22.7102,100,100
22.7099,100,100
22.7097,100,100
22.7094,100,100
22.7092,100,100
22.7089,100,100
22.7086,100,100
22.7084,100,100
22.7081,100,100
22.7078,100,100
22.7076,100,100
22.7073,100,100
22.707,100,100
22.7068,100,100
22.7065,100,100
22.7063,100,100
22.706,100,100
22.7057,100,100
22.7055,100,100
22.7052,100,100
22.7049,100,100
22.7047,100,100
22.7044,100,100
22.7041,100,100
22.7039,100,100
22.7036,100,100
22.7034,100,100
22.7031,100,100
22.7028,100,100
22.7026,100,100
22.7023,100,100
22.702,100,100
22.7018,100,100
22.7015,100,100
22.7012,100,100
22.701,100,100
22.7007,100,100
22.7005,100,100
22.7002,100,100
22.6999,100,100
22.6997,100,100
22.6994,100,100
22.6991,100,100
22.6989,100,100
22.6986,100,100
22.6983,100,100
22.6981,100,100
22.6978,100,100
22.6976,100,100
22.6973,100,100
22.697,100,100
22.6968,100,100
22.6965,100,100
22.6962,100,100
22.696,100,100
22.6957,100,100
22.6954,100,100
22.6952,100,100
22.6949,100,100
22.6947,100,100
22.6944,100,100
22.6941,100,100
22.6939,100,100
22.6936,100,100
22.6933,100,100
22.6931,100,100
22.6928,100,100
22.6925,100,100
22.6923,100,100
22.692,100,100
22.6918,100,100
22.6915,100,100
22.6913,100,100
22.691,100,100
22.6908,100,100
22.6905,100,100
22.6903,100,100
22.69,100,100
22.6898,100,100
22.6895,100,100
22.6893,100,100
22.689,100,100
22.6888,100,100
22.6885,100,100
22.6883,100,100
22.688,100,100
22.6878,100,100
22.6875,100,100
22.6873,100,100
22.687,100,100
22.6868,100,100
22.6865,100,100
22.6863,100,100
22.686,100,100
22.6858,100,100
22.6855,100,100
22.6853,100,100
22.685,100,100
22.6848,100,100
22.6845,100,100
22.6843,100,100
22.684,100,100
22.6838,100,100
22.6835,100,100
22.6833,100,100
22.683,100,100
22.6828,100,100
22.6825,100,100
22.6823,100,100
22.682,100,100
22.6818,100,100
22.6815,100,100
22.6813,100,100
22.681,100,100
22.6808,100,100
22.6805,100,100
22.6803,100,100
22.68,100,100
22.6798,100,100
22.6795,100,100
22.6793,100,100
22.679,100,100
22.6788,100,100
22.6785,100,100
22.6783,100,100
22.678,100,100
22.6778,100,100
22.6775,100,100
22.6773,100,100
22.677,100,100
22.6768,100,100
22.6765,100,100
22.6763,100,100
22.676,100,100
22.6758,100,100
22.6756,100,100
22.6753,100,100
22.6751,100,100
22.6748,100,100
22.6746,100,100
22.6743,100,100
22.6741,100,100
22.6738,100,100
22.6736,100,100
22.6733,100,100
22.6731,100,100
22.6728,100,100
22.6726,100,100
22.6723,100,100
22.6721,100,100
22.6718,100,100
22.6716,100,100
22.6713,100,100
22.6711,100,100
22.6708,100,100
22.6706,100,100
22.6703,100,100
22.6701,100,100
22.6698,100,100
22.6696,100,100
22.6693,100,100
22.6691,100,100
22.6688,100,100
22.6686,100,100
22.6683,100,100
22.6681,100,100
22.6678,100,100
22.6676,100,100
22.6673,100,100
22.6671,100,100
22.6668,100,100
22.6666,100,100
22.6664,100,100
22.6661,100,100
22.6659,100,100
22.6656,100,100
22.6654,100,100
22.6652,100,100
22.6649,100,100
22.6647,100,100
22.6645,100,100
22.6642,100,100
22.664,100,100
22.6637,100,100
22.6635,100,100
22.6633,100,100
22.663,100,100
22.6628,100,100
22.6625,100,100
22.6623,100,100
22.6621,100,100
22.6618,100,100
22.6616,100,100
22.6614,100,100
22.6611,100,100
22.6609,100,100
22.6606,100,100
22.6604,100,100
22.6602,100,100
22.6599,100,100
22.6597,100,100
22.6595,100,100
22.6592,100,100
22.659,100,100
22.6587,100,100
22.6585,100,100
22.6583,100,100
22.658,100,100
22.6578,100,100
22.6575,100,100
22.6573,100,100
22.6571,100,100
22.6568,100,100
22.6566,100,100
22.6564,100,100
22.6561,100,100
22.6559,100,100
22.6556,100,100
22.6554,100,100
22.6552,100,100
22.6549,100,100
22.6547,100,100
22.6545,100,100
22.6542,100,100
22.654,100,100
22.6537,100,100
22.6535,100,100
22.6533,100,100
22.653,100,100
22.6528,100,100
22.6525,100,100
22.6523,100,100
22.6521,100,100
22.6518,100,100
22.6516,100,100
22.6514,100,100
22.6511,100,100
22.6509,100,100
22.6506,100,100
22.6504,100,100
22.6502,100,100
22.6499,100,100
22.6497,100,100
22.6495,100,100
22.6492,100,100
22.649,100,100
22.6487,100,100
22.6485,100,100
22.6483,100,100
22.648,100,100
22.6478,100,100
22.6475,100,100
22.6473,100,100
22.6471,100,100
22.6468,100,100
22.6466,100,100
22.6464,100,100
22.6461,100,100
22.6459,100,100
22.6456,100,100
22.6454,100,100
22.6452,100,100
22.6449,100,100
22.6447,100,100
22.6445,100,100
22.6442,100,100
22.644,100,100
22.6437,100,100
22.6435,100,100
22.6433,100,100
22.643,100,100
22.6428,100,100
22.6426,100,100
22.6424,100,100
22.6421,100,100
22.6419,100,100
22.6417,100,100
22.6414,100,100
22.6412,100,100
22.641,100,100
22.6407,100,100
22.6405,100,100
22.6403,100,100
22.6401,100,100
22.6398,100,100
22.6396,100,100
22.6394,100,100
22.6391,100,100
22.6389,100,100
22.6387,100,100
22.6384,100,100
22.6382,100,100
22.638,100,100
22.6378,100,100
22.6375,100,100
22.6373,100,100
22.6371,100,100
22.6368,100,100
22.6366,100,100
22.6364,100,100
22.6362,100,100
22.6359,100,100
22.6357,100,100
22.6355,100,100
22.6352,100,100
22.635,100,100
22.6348,100,100
22.6345,100,100
22.6343,100,100
22.6341,100,100
22.6339,100,100
22.6336,100,100
22.6334,100,100
22.6332,100,100
22.6329,100,100
22.6327,100,100
22.6325,100,100
22.6322,100,100
22.632,100,100
22.6318,100,100
22.6316,100,100
22.6313,100,100
22.6311,100,100
22.6309,100,100
22.6306,100,100
22.6304,100,100
22.6302,100,100
22.63,100,100
22.6297,100,100
22.6295,100,100
22.6293,100,100
22.629,100,100
22.6288,100,100
22.6286,100,100
22.6283,100,100
22.6281,100,100
22.6279,100,100
22.6277,100,100
22.6274,100,100
22.6272,100,100
22.627,100,100
22.6267,100,100
22.6265,100,100
22.6263,100,100
22.626,100,100
22.6258,100,100
22.6256,100,100
22.6254,100,100
22.6251,100,100
22.6249,100,100
22.6247,100,100
22.6244,100,100
22.6242,100,100
22.624,100,100
22.6238,100,100
22.6235,100,100
22.6233,100,100
22.6231,100,100
22.6228,100,100
22.6226,100,100
22.6224,100,100
22.6221,100,100
22.6219,100,100
22.6217,100,100
22.6215,100,100
22.6212,100,100
22.621,100,100
22.6208,100,100
22.6205,100,100
22.6203,100,100
22.6201,100,100
22.6199,100,100
22.6196,100,100
22.6194,100,100
22.6192,100,100
22.619,100,100
22.6187,100,100
22.6185,100,100
22.6183,100,100
22.618,100,100
22.6178,100,100
22.6176,100,100
22.6174,100,100
22.6171,100,100
22.6169,100,100
22.6167,100,100
22.6165,100,100
22.6162,100,100
22.616,100,100
22.6158,100,100
22.6156,100,100
22.6153,100,100
22.6151,100,100
22.6149,100,100
22.6146,100,100
22.6144,100,100
22.6142,100,100
22.614,100,100
22.6137,100,100
22.6135,100,100
22.6133,100,100
22.6131,100,100
22.6128,100,100
22.6126,100,100
22.6124,100,100
22.6122,100,100
22.6119,100,100
22.6117,100,100
22.6115,100,100
22.6112,100,100
22.611,100,100
22.6108,100,100
22.6106,100,100
22.6103,100,100
22.6101,100,100
22.6099,100,100
22.6097,100,100
22.6094,100,100
22.6092,100,100
22.609,100,100
22.6088,100,100
22.6085,100,100
22.6083,100,100
22.6081,100,100
22.6078,100,100
22.6076,100,100
22.6074,100,100
22.6072,100,100
22.6069,100,100
22.6067,100,100
22.6065,100,100
22.6063,100,100
22.606,100,100
22.6058,100,100
22.6056,100,100
22.6054,100,100
22.6051,100,100
22.6049,100,100
22.6047,100,100
22.6044,100,100
22.6042,100,100
22.604,100,100
22.6038,100,100
22.6035,100,100
22.6033,100,100
22.6031,100,100
22.6029,100,100
22.6026,100,100
22.6024,100,100
22.6022,100,100
22.602,100,100
22.6017,100,100
22.6015,100,100
22.6013,100,100
22.601,100,100
22.6008,100,100
22.6006,100,100
22.6004,100,100
22.6001,100,100
22.5999,100,100
22.5997,100,100
22.5995,100,100
22.5992,100,100
22.599,100,100
22.5988,100,100
22.5986,100,100
22.5983,100,100
22.5981,100,100
22.5979,100,100
22.5976,100,100
22.5974,100,100
22.5972,100,100
22.597,100,100
22.5968,100,100
22.5965,100,100
22.5963,100,100
22.5961,100,100
22.5959,100,100
22.5957,100,100
22.5954,100,100
22.5952,100,100
22.595,100,100
22.5948,100,100
22.5946,100,100
22.5943,100,100
22.5941,100,100
22.5939,100,100
22.5937,100,100
22.5935,100,100
22.5932,100,100
22.593,100,100
22.5928,100,100
22.5926,100,100
22.5924,100,100
22.5921,100,100
22.5919,100,100
22.5917,100,100
22.5915,100,100
22.5913,100,100
22.591,100,100
22.5908,100,100
22.5906,100,100
22.5904,100,100
22.5901,100,100
22.5899,100,100
22.5897,100,100
22.5895,100,100
22.5893,100,100
22.589,100,100
22.5888,100,100
22.5886,100,100
22.5884,100,100
22.5882,100,100
22.5879,100,100
22.5877,100,100
22.5875,100,100
22.5873,100,100
22.5871,100,100
22.5868,100,100
22.5866,100,100
22.5864,100,100
22.5862,100,100
22.586,100,100
22.5857,100,100
22.5855,100,100
22.5853,100,100
22.5851,100,100
22.5849,100,100
22.5846,100,100
22.5844,100,100
22.5842,100,100
22.584,100,100
22.5838,100,100
22.5835,100,100
22.5833,100,100
22.5831,100,100
22.5829,100,100
22.5826,100,100
22.5824,100,100
22.5822,100,100
22.582,100,100
22.5818,100,100
22.5815,100,100
22.5813,100,100
22.5811,100,100
22.5809,100,100
22.5807,100,100
22.5804,100,100
22.5802,100,100
22.58,100,100
22.5798,100,100
22.5796,100,100
22.5793,100,100
22.5791,100,100
22.5789,100,100
22.5787,100,100
22.5785,100,100
22.5782,100,100
22.578,100,100
22.5778,100,100
22.5776,100,100
22.5774,100,100
22.5771,100,100
22.5769,100,100
22.5767,100,100
22.5765,100,100
22.5763,100,100
22.576,100,100
22.5758,100,100
22.5756,100,100
22.5754,100,100
22.5752,100,100
22.5749,100,100
22.5747,100,100
22.5745,100,100
22.5743,100,100
22.5741,100,100
22.5739,100,100
22.5737,100,100
22.5734,100,100
22.5732,100,100
22.573,100,100
22.5728,100,100
22.5726,100,100
22.5724,100,100
22.5721,100,100
22.5719,100,100
22.5717,100,100
22.5715,100,100
22.5713,100,100
22.5711,100,100
22.5709,100,100
22.5706,100,100
22.5704,100,100
22.5702,100,100
22.57,100,100
22.5698,100,100
22.5696,100,100
22.5694,100,100
22.5691,100,100
22.5689,100,100
22.5687,100,100
22.5685,100,100
22.5683,100,100
22.5681,100,100
22.5678,100,100
22.5676,100,100
22.5674,100,100
22.5672,100,100
22.567,100,100
22.5668,100,100
22.5666,100,100
22.5663,100,100
22.5661,100,100
22.5659,100,100
22.5657,100,100
22.5655,100,100
22.5653,100,100
22.565,100,100
22.5648,100,100
22.5646,100,100
22.5644,100,100
22.5642,100,100
22.564,100,100
22.5638,100,100
22.5635,100,100
22.5633,100,100
22.5631,100,100
22.5629,100,100
22.5627,100,100
22.5625,100,100
22.5622,100,100
22.562,100,100
22.5618,100,100
22.5616,100,100
22.5614,100,100
22.5612,100,100
22.561,100,100
22.5607,100,100
22.5605,100,100
22.5603,100,100
22.5601,100,100
22.5599,100,100
22.5597,100,100
22.5594,100,100
22.5592,100,100
22.559,100,100
22.5588,100,100
22.5586,100,100
22.5584,100,100
22.5582,100,100
22.5579,100,100
22.5577,100,100
22.5575,100,100
22.5573,100,100
22.5571,100,100
22.5569,100,100
22.5566,100,100
22.5564,100,100
22.5562,100,100
22.556,100,100
22.5558,100,100
22.5556,100,100
22.5554,100,100
22.5551,100,100
22.5549,100,100
22.5547,100,100
22.5545,100,100
22.5543,100,100
22.5541,100,100
22.5539,100,100
22.5536,100,100
22.5534,100,100
22.5532,100,100
22.553,100,100
22.5528,100,100
22.5526,100,100
22.5524,100,100
22.5522,100,100
22.5519,100,100
22.5517,100,100
22.5515,100,100
22.5513,100,100
22.5511,100,100
22.5509,100,100
22.5507,100,100
22.5505,100,100
22.5503,100,100
22.55,100,100
22.5498,100,100
22.5496,100,100
22.5494,100,100
22.5492,100,100
22.549,100,100
22.5488,100,100
22.5486,100,100
22.5483,100,100
22.5481,100,100
22.5479,100,100
22.5477,100,100
22.5475,100,100
22.5473,100,100
22.5471,100,100
22.5469,100,100
22.5467,100,100
22.5464,100,100
22.5462,100,100
22.546,100,100
22.5458,100,100
22.5456,100,100
22.5454,100,100
22.5452,100,100
22.545,100,100
22.5447,100,100
22.5445,100,100
22.5443,100,100
22.5441,100,100
22.5439,100,100
22.5437,100,100
22.5435,100,100
22.5433,100,100
22.5431,100,100
22.5428,100,100
22.5426,100,100
22.5424,100,100
22.5422,100,100
22.542,100,100
22.5418,100,100
22.5416,100,100
22.5414,100,100
22.5412,100,100
22.5409,100,100
22.5407,100,100
22.5405,100,100
22.5403,100,100
22.5401,100,100
22.5399,100,100
22.5397,100,100
22.5395,100,100
22.5392,100,100
22.539,100,100
22.5388,100,100
22.5386,100,100
22.5384,100,100
22.5382,100,100
22.538,100,100
22.5378,100,100
22.5376,100,100
22.5373,100,100
22.5371,100,100
22.5369,100,100
22.5367,100,100
22.5365,100,100
22.5363,100,100
22.5361,100,100
22.5359,100,100
22.5356,100,100
22.5354,100,100
22.5352,100,100
22.535,100,100
22.5348,100,100
22.5346,100,100
22.5344,100,100
22.5342,100,100
22.534,100,100
22.5337,100,100
22.5335,100,100
22.5333,100,100
22.5331,100,100
22.5329,100,100
22.5327,100,100
22.5325,100,100
22.5323,100,100
22.5321,100,100
22.5319,100,100
22.5317,100,100
22.5314,100,100
22.5312,100,100
22.531,100,100
22.5308,100,100
22.5306,100,100
22.5304,100,100
22.5302,100,100
22.53,100,100
22.5298,100,100
22.5296,100,100
22.5294,100,100
22.5292,100,100
22.529,100,100
22.5288,100,100
22.5285,100,100
22.5283,100,100
22.5281,100,100
22.5279,100,100
22.5277,100,100
22.5275,100,100
22.5273,100,100
22.5271,100,100
22.5269,100,100
22.5267,100,100
22.5265,100,100
22.5263,100,100
22.5261,100,100
22.5258,100,100
22.5256,100,100
22.5254,100,100
22.5252,100,100
22.525,100,100
22.5248,100,100
22.5246,100,100
22.5244,100,100
22.5242,100,100
22.524,100,100
22.5238,100,100
22.5236,100,100
22.5234,100,100
22.5231,100,100
22.5229,100,100
22.5227,100,100
22.5225,100,100
22.5223,100,100
22.5221,100,100
22.5219,100,100
22.5217,100,100
22.5215,100,100
22.5213,100,100
22.5211,100,100
22.5209,100,100
22.5207,100,100
22.5205,100,100
22.5202,100,100
22.52,100,100
22.5198,100,100
22.5196,100,100
22.5194,100,100
22.5192,100,100
22.519,100,100
22.5188,100,100
22.5186,100,100
22.5184,100,100
22.5182,100,100
22.518,100,100
22.5178,100,100
22.5175,100,100
22.5173,100,100
22.5171,100,100
22.5169,100,100
22.5167,100,100
22.5165,100,100
22.5163,100,100
22.5161,100,100
22.5159,100,100
22.5157,100,100
22.5155,100,100
22.5153,100,100
22.5151,100,100
22.5149,100,100
22.5146,100,100
22.5144,100,100
22.5142,100,100
22.514,100,100
22.5138,100,100
22.5136,100,100
22.5134,100,100
22.5132,100,100
22.513,100,100
22.5128,100,100
22.5126,100,100
22.5124,100,100
22.5122,100,100
22.5119,100,100
22.5117,100,100
22.5115,100,100
22.5113,100,100
22.5111,100,100
22.5109,100,100
22.5107,100,100
22.5105,100,100
22.5103,100,100
22.5101,100,100
22.5099,100,100
22.5097,100,100
22.5095,100,100
22.5093,100,100
22.509,100,100
22.5088,100,100
22.5086,100,100
22.5084,100,100
22.5082,100,100
22.508,100,100
22.5078,100,100
22.5076,100,100
22.5074,100,100
22.5072,100,100
22.507,100,100
22.5068,100,100
22.5066,100,100
22.5063,100,100
22.5061,100,100
22.5059,100,100
22.5057,100,100
22.5055,100,100
22.5053,100,100
22.5051,100,100
22.5049,100,100
22.5047,100,100
22.5045,100,100
22.5043,100,100
22.5041,100,100
22.5039,100,100
22.5036,100,100
22.5034,100,100
22.5032,100,100
22.503,100,100
22.5028,100,100
22.5026,100,100
22.5024,100,100
22.5022,100,100
22.502,100,100
22.5018,100,100
22.5016,100,100
22.5014,100,100
22.5012,100,100
22.5009,100,100
22.5007,100,100
22.5005,100,100
22.5003,100,100
22.5001,100,100
22.4999,100,100
22.4997,100,100
22.4995,100,100
22.4993,100,100
22.4991,100,100
22.4989,100,100
22.4987,100,100
22.4985,100,100
22.4983,100,100
22.498,100,100
22.4978,100,100
22.4976,100,100
22.4974,100,100
22.4972,100,100
22.497,100,100
22.4968,100,100
22.4966,100,100
22.4964,100,100
22.4962,100,100
22.496,100,100
22.4958,100,100
22.4956,100,100
22.4953,100,100
22.4951,100,100
22.4949,100,100
22.4947,100,100
22.4945,100,100
22.4943,100,100
22.4941,100,100
22.4939,100,100
22.4937,100,100
22.4935,100,100
22.4933,100,100
22.4931,100,100
22.4929,100,100
22.4926,100,100
22.4924,100,100
22.4922,100,100
22.492,100,100
22.4918,100,100
22.4916,100,100
22.4914,100,100
22.4912,100,100
22.491,100,100
22.4908,100,100
22.4906,100,100
22.4903,100,100
22.4901,100,100
22.4899,100,100
22.4897,100,100
22.4895,100,100
22.4893,100,100
22.4891,100,100
22.4889,100,100
22.4887,100,100
22.4884,100,100
22.4882,100,100
22.488,100,100
22.4878,100,100
22.4876,100,100
22.4874,100,100
22.4872,100,100
22.487,100,100
22.4868,100,100
22.4865,100,100
22.4863,100,100
22.4861,100,100
22.4859,100,100
22.4857,100,100
22.4855,100,100
22.4853,100,100
22.4851,100,100
22.4849,100,100
22.4846,100,100
22.4844,100,100
22.4842,100,100
22.484,100,100
22.4838,100,100
22.4836,100,100
22.4834,100,100
22.4832,100,100
22.483,100,100
22.4828,100,100
22.4825,100,100
22.4823,100,100
22.4821,100,100
22.4819,100,100
22.4817,100,100
22.4815,100,100
22.4813,100,100
22.4811,100,100
22.4809,100,100
22.4806,100,100
22.4804,100,100
22.4802,100,100
22.48,100,100
22.4798,100,100
22.4796,100,100
22.4794,100,100
22.4792,100,100
22.479,100,100
22.4787,100,100
22.4785,100,100
22.4783,100,100
22.4781,100,100
22.4779,100,100
22.4777,100,100
22.4775,100,100
22.4773,100,100
22.4771,100,100
22.4768,100,100
22.4766,100,100
22.4764,100,100
22.4762,100,100
22.476,100,100
22.4758,100,100
22.4756,100,100
22.4754,100,100
22.4752,100,100
22.4749,100,100
22.4747,100,100
22.4745,100,100
22.4743,100,100
22.4741,100,100
22.4739,100,100
22.4737,100,100
22.4735,100,100
22.4733,100,100
22.473,100,100
22.4728,100,100
22.4726,100,100
22.4724,100,100
22.4722,100,100
22.472,100,100
22.4718,100,100
22.4716,100,100
22.4714,100,100
22.4711,100,100
22.4709,100,100
22.4707,100,100
22.4705,100,100
22.4703,100,100
22.4701,100,100
22.4699,100,100
22.4697,100,100
22.4695,100,100
22.4693,100,100
22.4691,100,100
22.4689,100,100
22.4686,100,100
22.4684,100,100
22.4682,100,100
22.468,100,100
22.4678,100,100
22.4676,100,100
22.4674,100,100
22.4672,100,100
22.467,100,100
22.4668,100,100
22.4666,100,100
22.4664,100,100
22.4662,100,100
22.4659,100,100
22.4657,100,100
22.4655,100,100
22.4653,100,100
22.4651,100,100
22.4649,100,100
22.4647,100,100
22.4645,100,100
22.4643,100,100
22.4641,100,100
22.4639,100,100
22.4637,100,100
22.4635,100,100
22.4633,100,100
22.463,100,100
22.4628,100,100
22.4626,100,100
22.4624,100,100
22.4622,100,100
22.462,100,100
22.4618,100,100
22.4616,100,100
22.4614,100,100
22.4612,100,100
22.461,100,100
22.4608,100,100
22.4606,100,100
22.4603,100,100
22.4601,100,100
22.4599,100,100
22.4597,100,100
22.4595,100,100
22.4593,100,100
22.4591,100,100
22.4589,100,100
22.4587,100,100
22.4585,100,100
22.4583,100,100
22.4581,100,100
22.4579,100,100
22.4577,100,100
22.4574,100,100
22.4572,100,100
22.457,100,100
22.4568,100,100
22.4566,100,100
22.4564,100,100
22.4562,100,100
22.456,100,100
22.4558,100,100
22.4556,100,100
22.4554,100,100
22.4552,100,100
22.455,100,100
22.4547,100,100
22.4545,100,100
22.4543,100,100
22.4541,100,100
22.4539,100,100
22.4537,100,100
22.4535,100,100
22.4533,100,100
22.4531,100,100
22.4529,100,100
22.4527,100,100
22.4525,100,100
22.4523,100,100
22.4521,100,100
22.4518,100,100
22.4516,100,100
22.4514,100,100
22.4512,100,100
22.451,100,100
22.4508,100,100
22.4506,100,100
22.4504,100,100
22.4502,100,100
22.45,100,100
22.4498,100,100
22.4496,100,100
22.4494,100,100
22.4491,100,100
22.4489,100,100
22.4487,100,100
22.4485,100,100
22.4483,100,100
22.4481,100,100
22.4479,100,100
22.4477,100,100
22.4475,100,100
22.4473,100,100
22.4471,100,100
22.4469,100,100
22.4467,100,100
22.4465,100,100
22.4462,100,100
22.446,100,100
22.4458,100,100
22.4456,100,100
22.4454,100,100
22.4452,100,100
22.445,100,100
22.4448,100,100
22.4446,100,100
22.4444,100,100
22.4442,100,100
22.444,100,100
22.4438,100,100
22.4435,100,100
22.4433,100,100
22.4431,100,100
22.4429,100,100
22.4427,100,100
22.4425,100,100
22.4423,100,100
22.4421,100,100
22.4419,100,100
22.4417,100,100
22.4415,100,100
22.4413,100,100
22.4411,100,100
22.4408,100,100
22.4406,100,100
22.4404,100,100
22.4402,100,100
22.44,100,100
22.4398,100,100
22.4396,100,100
22.4394,100,100
22.4392,100,100
22.439,100,100
22.4388,100,100
22.4386,100,100
22.4384,100,100
22.4382,100,100
22.4379,100,100
22.4377,100,100
22.4375,100,100
22.4373,100,100
22.4371,100,100
22.4369,100,100
22.4367,100,100
22.4365,100,100
22.4363,100,100
22.4361,100,100
22.4359,100,100
22.4357,100,100
22.4355,100,100
22.4352,100,100
22.435,100,100
22.4348,100,100
22.4346,100,100
22.4344,100,100
22.4342,100,100
22.434,100,100
22.4338,100,100
22.4336,100,100
22.4334,100,100
22.4332,100,100
22.433,100,100
22.4328,100,100
22.4326,100,100
22.4323,100,100
22.4321,100,100
22.4319,100,100
22.4317,100,100
22.4315,100,100
22.4313,100,100
22.4311,100,100
22.4309,100,100
22.4307,100,100
22.4305,100,100
22.4303,100,100
22.4301,100,100
22.4299,100,100
22.4296,100,100
22.4294,100,100
22.4292,100,100
22.429,100,100
22.4288,100,100
22.4286,100,100
22.4284,100,100
22.4282,100,100
22.428,100,100
22.4278,100,100
22.4276,100,100
22.4274,100,100
22.4272,100,100
22.427,100,100
22.4268,100,100
22.4266,100,100
22.4264,100,100
22.4262,100,100
22.426,100,100
22.4258,100,100
22.4256,100,100
22.4254,100,100
22.4252,100,100
22.425,100,100
22.4248,100,100
22.4246,100,100
22.4244,100,100
22.4242,100,100
22.4239,100,100
22.4237,100,100
22.4235,100,100
22.4233,100,100
22.4231,100,100
22.4229,100,100
22.4227,100,100
22.4225,100,100
22.4223,100,100
22.4221,100,100
22.4219,100,100
22.4217,100,100
22.4215,100,100
22.4213,100,100
22.4211,100,100
22.4209,100,100
22.4207,100,100
22.4205,100,100
22.4203,100,100
22.4201,100,100
22.4199,100,100
22.4197,100,100
22.4195,100,100
22.4193,100,100
22.4191,100,100
22.4189,100,100
22.4187,100,100
22.4185,100,100
22.4183,100,100
22.4181,100,100
22.4179,100,100
22.4177,100,100
22.4174,100,100
22.4172,100,100
22.417,100,100
22.4168,100,100
22.4166,100,100
22.4164,100,100
22.4162,100,100
22.416,100,100
22.4158,100,100
22.4156,100,100
22.4154,100,100
22.4152,100,100
22.415,100,100
22.4148,100,100
22.4146,100,100
22.4144,100,100
22.4142,100,100
22.414,100,100
22.4138,100,100
22.4136,100,100
22.4134,100,100
22.4132,100,100
22.413,100,100
22.4128,100,100
22.4126,100,100
22.4124,100,100
22.4122,100,100
22.412,100,100
22.4118,100,100
22.4116,100,100
22.4114,100,100
22.4112,100,100
22.411,100,100
22.4107,100,100
22.4105,100,100
22.4103,100,100
22.4101,100,100
22.4099,100,100
22.4097,100,100
22.4095,100,100
22.4093,100,100
22.4091,100,100
22.4089,100,100
22.4087,100,100
22.4085,100,100
22.4083,100,100
22.4081,100,100
22.4079,100,100
22.4077,100,100
22.4075,100,100
22.4073,100,100
22.4071,100,100
22.4069,100,100
22.4067,100,100
22.4065,100,100
22.4063,100,100
22.4061,100,100
22.4059,100,100
22.4057,100,100
22.4055,100,100
22.4053,100,100
22.4051,100,100
22.4049,100,100
22.4047,100,100
22.4045,100,100
22.4043,100,100
22.4041,100,100
22.4039,100,100
22.4037,100,100
22.4035,100,100
22.4033,100,100
22.4031,100,100
22.4029,100,100
22.4027,100,100
22.4024,100,100
22.4022,100,100
22.402,100,100
22.4018,100,100
22.4016,100,100
22.4014,100,100
22.4012,100,100
22.401,100,100
22.4008,100,100
22.4006,100,100
22.4004,100,100
22.4002,100,100
22.4,100,100
22.3998,100,100
22.3996,100,100
22.3994,100,100
22.3992,100,100
22.399,100,100
22.3988,100,100
22.3986,100,100
22.3984,100,100
22.3982,100,100
22.398,100,100
22.3978,100,100
22.3976,100,100
22.3974,100,100
22.3972,100,100
22.397,100,100
22.3968,100,100
22.3966,100,100
22.3964,100,100
22.3962,100,100
22.396,100,100
22.3958,100,100
22.3956,100,100
22.3954,100,100
22.3952,100,100
22.395,100,100
22.3948,100,100
22.3946,100,100
22.3944,100,100
22.3942,100,100
22.394,100,100
22.3938,100,100
22.3936,100,100
22.3934,100,100
22.3931,100,100
22.3929,100,100
22.3927,100,100
22.3925,100,100
22.3923,100,100
22.3921,100,100
22.3919,100,100
22.3917,100,100
22.3915,100,100
22.3913,100,100
22.3911,100,100
22.3909,100,100
22.3907,100,100
22.3905,100,100
22.3903,100,100
22.3901,100,100
22.3899,100,100
22.3897,100,100
22.3895,100,100
22.3893,100,100
22.3891,100,100
22.3889,100,100
22.3887,100,100
22.3885,100,100
22.3883,100,100
22.3881,100,100
22.3879,100,100
22.3877,100,100
22.3875,100,100
22.3873,100,100
22.3871,100,100
22.3869,100,100
22.3867,100,100
22.3865,100,100
22.3863,100,100
22.3861,100,100
22.3859,100,100
22.3857,100,100
22.3855,100,100
22.3853,100,100
22.3851,100,100
22.3849,100,100
22.3847,100,100
22.3845,100,100
22.3843,100,100
22.3841,100,100
22.3839,100,100
22.3836,100,100
22.3834,100,100
22.3832,100,100
22.383,100,100
22.3828,100,100
22.3826,100,100
22.3824,100,100
22.3822,100,100
22.382,100,100
22.3818,100,100
22.3816,100,100
22.3814,100,100
22.3812,100,100
22.381,100,100
22.3808,100,100
22.3806,100,100
22.3804,100,100
22.3802,100,100
22.38,100,100
22.3798,100,100
22.3796,100,100
22.3794,100,100
22.3792,100,100
22.379,100,100
22.3788,100,100
22.3786,100,100
22.3784,100,100
22.3782,100,100
22.378,100,100
22.3778,100,100
22.3776,100,100
22.3774,100,100
22.3772,100,100
22.377,100,100
22.3768,100,100
22.3766,100,100
22.3764,100,100
22.3762,100,100
22.376,100,100
22.3758,100,100
22.3756,100,100
22.3754,100,100
22.3752,100,100
22.375,100,100
22.3748,100,100
22.3746,100,100
22.3743,100,100
22.3741,100,100
22.3739,100,100
22.3737,100,100
22.3735,100,100
22.3733,100,100
22.3731,100,100
22.3729,100,100
22.3727,100,100
22.3725,100,100
22.3723,100,100
22.3721,100,100
22.3719,100,100
22.3717,100,100
22.3715,100,100
22.3713,100,100
22.3711,100,100
22.3709,100,100
22.3707,100,100
22.3705,100,100
22.3703,100,100
22.3701,100,100
22.3699,100,100
22.3697,100,100
22.3695,100,100
22.3693,100,100
22.3691,100,100
22.3689,100,100
22.3687,100,100
22.3685,100,100
22.3683,100,100
22.3681,100,100
22.3679,100,100
22.3677,100,100
22.3675,100,100
22.3673,100,100
22.3671,100,100
22.3669,100,100
22.3667,100,100
22.3664,100,100
22.3662,100,100
22.366,100,100
22.3658,100,100
22.3656,100,100
22.3654,100,100
22.3652,100,100
22.365,100,100
22.3648,100,100
22.3646,100,100
22.3644,100,100
22.3642,100,100
22.364,100,100
22.3638,100,100
22.3636,100,100
22.3634,100,100
22.3632,100,100
22.363,100,100
22.3628,100,100
22.3626,100,100
22.3624,100,100
22.3622,100,100
22.362,100,100
22.3617,100,100
22.3615,100,100
22.3613,100,100
22.3611,100,100
22.3609,100,100
22.3607,100,100
22.3605,100,100
22.3603,100,100
22.3601,100,100
22.3599,100,100
22.3597,100,100
22.3595,100,100
22.3593,100,100
22.3591,100,100
22.3589,100,100
22.3587,100,100
22.3585,100,100
22.3583,100,100
22.3581,100,100
22.3579,100,100
22.3577,100,100
22.3575,100,100
22.3573,100,100
22.3571,100,100
22.3568,100,100
22.3566,100,100
22.3564,100,100
22.3562,100,100
22.356,100,100
22.3558,100,100
22.3556,100,100
22.3554,100,100
22.3552,100,100
22.355,100,100
22.3548,100,100
22.3546,100,100
22.3544,100,100
22.3542,100,100
22.354,100,100
22.3538,100,100
22.3536,100,100
22.3534,100,100
22.3532,100,100
22.353,100,100
22.3528,100,100
22.3526,100,100
22.3524,100,100
22.3522,100,100
22.3519,100,100
22.3517,100,100
22.3515,100,100
22.3513,100,100
22.3511,100,100
22.3509,100,100
22.3507,100,100
22.3505,100,100
22.3503,100,100
22.3501,100,100
22.3499,100,100
22.3497,100,100
22.3495,100,100
22.3493,100,100
22.3491,100,100
22.3489,100,100
22.3487,100,100
22.3485,100,100
22.3483,100,100
22.3481,100,100
22.3479,100,100
22.3477,100,100
22.3475,100,100
22.3473,100,100
22.3471,100,100
22.3469,100,100
22.3467,100,100
22.3464,100,100
22.3462,100,100
22.346,100,100
22.3458,100,100
22.3456,100,100
22.3454,100,100
22.3452,100,100
22.345,100,100
22.3448,100,100
22.3446,100,100
22.3444,100,100
22.3442,100,100
22.344,100,100
22.3438,100,100
22.3436,100,100
22.3434,100,100
22.3432,100,100
22.343,100,100
22.3428,100,100
22.3426,100,100
22.3424,100,100
22.3422,100,100
22.342,100,100
22.3418,100,100
22.3416,100,100
22.3414,100,100
22.3412,100,100
22.341,100,100
22.3408,100,100
22.3406,100,100
22.3404,100,100
22.3402,100,100
22.34,100,100
22.3398,100,100
22.3396,100,100
22.3394,100,100
22.3392,100,100
22.339,100,100
22.3388,100,100
22.3386,100,100
22.3384,100,100
22.3382,100,100
22.338,100,100
22.3378,100,100
22.3376,100,100
22.3374,100,100
22.3371,100,100
22.3369,100,100
22.3367,100,100
22.3365,100,100
22.3363,100,100
22.3361,100,100
22.3359,100,100
22.3357,100,100
22.3355,100,100
22.3353,100,100
22.3351,100,100
22.3349,100,100
22.3347,100,100
22.3345,100,100
22.3343,100,100
22.3341,100,100
22.3339,100,100
22.3337,100,100
22.3335,100,100
22.3333,100,100
22.3331,100,100
22.3329,100,100
22.3327,100,100
22.3325,100,100
22.3323,100,100
22.3321,100,100
22.3319,100,100
22.3317,100,100
22.3315,100,100
22.3313,100,100
22.3311,100,100
22.3309,100,100
22.3307,100,100
22.3305,100,100
22.3303,100,100
22.3301,100,100
22.3299,100,100
22.3297,100,100
22.3295,100,100
22.3293,100,100
22.3291,100,100
22.3289,100,100
22.3287,100,100
22.3285,100,100
22.3283,100,100
22.3281,100,100
22.3278,100,100
22.3276,100,100
22.3274,100,100
22.3272,100,100
22.327,100,100
22.3268,100,100
22.3266,100,100
22.3264,100,100
22.3262,100,100
22.326,100,100
22.3258,100,100
22.3256,100,100
22.3254,100,100
22.3252,100,100
22.325,100,100
22.3248,100,100
22.3246,100,100
22.3244,100,100
22.3242,100,100
22.324,100,100
22.3238,100,100
22.3236,100,100
22.3234,100,100
22.3232,100,100
22.323,100,100
22.3228,100,100
22.3226,100,100
22.3224,100,100
22.3222,100,100
22.322,100,100
22.3218,100,100
22.3216,100,100
22.3214,100,100
22.3212,100,100
22.321,100,100
22.3208,100,100
22.3206,100,100
22.3204,100,100
22.3202,100,100
22.32,100,100
22.3198,100,100
22.3196,100,100
22.3194,100,100
22.3192,100,100
22.319,100,100
22.3188,100,100
22.3186,100,100
22.3183,100,100
22.3181,100,100
22.3179,100,100
22.3177,100,100
22.3175,100,100
22.3173,100,100
22.3171,100,100
22.3169,100,100
22.3167,100,100
22.3165,100,100
22.3163,100,100
22.3161,100,100
22.3159,100,100
22.3157,100,100
22.3155,100,100
22.3153,100,100
22.3151,100,100
22.3149,100,100
22.3147,100,100
22.3145,100,100
22.3143,100,100
22.3141,100,100
22.3139,100,100
22.3137,100,100
22.3135,100,100
22.3133,100,100
22.3131,100,100
22.3129,100,100
22.3127,100,100
22.3125,100,100
22.3123,100,100
22.3121,100,100
22.3119,100,100
22.3117,100,100
22.3115,100,100
22.3113,100,100
22.3111,100,100
22.3109,100,100
22.3107,100,100
22.3105,100,100
22.3103,100,100
22.3101,100,100
22.3099,100,100
22.3097,100,100
22.3095,100,100
22.3093,100,100
22.309,100,100
22.3088,100,100
22.3086,100,100
22.3084,100,100
22.3082,100,100
22.308,100,100
22.3078,100,100
22.3076,100,100
22.3074,100,100
22.3072,100,100
22.307,100,100
22.3068,100,100
22.3066,100,100
22.3064,100,100
22.3062,100,100
22.3061,100,100
22.3059,100,100
22.3057,100,100
22.3055,100,100
22.3053,100,100
22.3051,100,100
22.3049,100,100
22.3047,100,100
22.3045,100,100
22.3043,100,100
22.3041,100,100
22.3039,100,100
22.3037,100,100
22.3035,100,100
22.3033,100,100
22.3031,100,100
22.3029,100,100
22.3027,100,100
22.3025,100,100
22.3023,100,100
22.3021,100,100
22.3019,100,100
22.3017,100,100
22.3015,100,100
22.3013,100,100
22.3011,100,100
22.3009,100,100
22.3007,100,100
22.3005,100,100
22.3003,100,100
22.3001,100,100
22.2999,100,100
22.2997,100,100
22.2995,100,100
22.2994,100,100
22.2992,100,100
22.299,100,100
22.2988,100,100
22.2986,100,100
22.2984,100,100
22.2982,100,100
22.298,100,100
22.2978,100,100
22.2976,100,100
22.2974,100,100
22.2972,100,100
22.297,100,100
22.2968,100,100
22.2966,100,100
22.2964,100,100
22.2962,100,100
22.296,100,100
22.2958,100,100
22.2956,100,100
22.2954,100,100
22.2952,100,100
22.295,100,100
22.2948,100,100
22.2946,100,100
22.2944,100,100
22.2942,100,100
22.294,100,100
22.2938,100,100
22.2936,100,100
22.2934,100,100
22.2932,100,100
22.293,100,100
22.2929,100,100
22.2927,100,100
22.2925,100,100
22.2923,100,100
22.2921,100,100
22.2919,100,100
22.2917,100,100
22.2915,100,100
22.2913,100,100
22.2911,100,100
22.2909,100,100
22.2907,100,100
22.2905,100,100
22.2903,100,100
22.2901,100,100
22.2899,100,100
22.2897,100,100
22.2895,100,100
22.2893,100,100
22.2891,100,100
22.2889,100,100
22.2887,100,100
22.2885,100,100
22.2883,100,100
22.2881,100,100
22.2879,100,100
22.2877,100,100
22.2875,100,100
22.2873,100,100
22.2871,100,100
22.2869,100,100
22.2867,100,100
22.2865,100,100
22.2863,100,100
22.2862,100,100
22.286,100,100
22.2858,100,100
22.2856,100,100
22.2854,100,100
22.2852,100,100
22.285,100,100
22.2848,100,100
22.2846,100,100
22.2844,100,100
22.2842,100,100
22.284,100,100
22.2838,100,100
22.2836,100,100
22.2834,100,100
22.2832,100,100
22.283,100,100
22.2828,100,100
22.2826,100,100
22.2824,100,100
22.2822,100,100
22.282,100,100
22.2818,100,100
22.2816,100,100
22.2814,100,100
22.2812,100,100
22.281,100,100
22.2808,100,100
22.2806,100,100
22.2804,100,100
22.2802,100,100
22.28,100,100
22.2798,100,100
22.2796,100,100
22.2795,100,100
22.2793,100,100
22.2791,100,100
22.2789,100,100
22.2787,100,100
22.2785,100,100
22.2783,100,100
22.2781,100,100
22.2779,100,100
22.2777,100,100
22.2775,100,100
22.2773,100,100
22.2771,100,100
22.2769,100,100
22.2767,100,100
22.2765,100,100
22.2763,100,100
22.2761,100,100
22.2759,100,100
22.2757,100,100
22.2755,100,100
22.2753,100,100
22.2751,100,100
22.2749,100,100
22.2747,100,100
22.2745,100,100
22.2743,100,100
22.2741,100,100
22.2739,100,100
22.2737,100,100
22.2735,100,100
22.2733,100,100
22.2731,100,100
22.273,100,100
22.2728,100,100
22.2726,100,100
22.2724,100,100
22.2722,100,100
22.272,100,100
22.2718,100,100
22.2716,100,100
22.2714,100,100
22.2712,100,100
22.271,100,100
22.2708,100,100
22.2706,100,100
22.2704,100,100
22.2702,100,100
22.27,100,100
22.2698,100,100
22.2696,100,100
22.2694,100,100
22.2692,100,100
22.269,100,100
22.2688,100,100
22.2686,100,100
22.2684,100,100
22.2682,100,100
22.268,100,100
22.2678,100,100
22.2676,100,100
22.2674,100,100
22.2672,100,100
22.267,100,100
22.2668,100,100
22.2666,100,100
22.2664,100,100
22.2662,100,100
22.266,100,100
22.2658,100,100
22.2657,100,100
22.2655,100,100
22.2653,100,100
22.2651,100,100
22.2649,100,100
22.2647,100,100
22.2645,100,100
22.2643,100,100
22.2641,100,100
22.2639,100,100
22.2637,100,100
22.2635,100,100
22.2633,100,100
22.2631,100,100
22.2629,100,100
22.2627,100,100
22.2625,100,100
22.2623,100,100
22.2621,100,100
22.2619,100,100
22.2617,100,100
22.2615,100,100
22.2613,100,100
22.2611,100,100
22.2609,100,100
22.2607,100,100
22.2605,100,100
22.2603,100,100
22.2601,100,100
22.2599,100,100
22.2597,100,100
22.2595,100,100
22.2593,100,100
22.2591,100,100
22.2589,100,100
22.2587,100,100
22.2585,100,100
22.2583,100,100
22.2581,100,100
22.2579,100,100
22.2577,100,100
22.2575,100,100
22.2573,100,100
22.2571,100,100
22.2569,100,100
22.2567,100,100
22.2566,100,100
22.2564,100,100
22.2562,100,100
22.256,100,100
22.2558,100,100
22.2556,100,100
22.2554,100,100
22.2552,100,100
22.255,100,100
22.2548,100,100
22.2546,100,100
22.2544,100,100
22.2542,100,100
22.254,100,100
22.2538,100,100
22.2536,100,100
22.2534,100,100
22.2532,100,100
22.253,100,100
22.2528,100,100
22.2526,100,100
22.2524,100,100
22.2522,100,100
22.252,100,100
22.2518,100,100
22.2516,100,100
22.2514,100,100
22.2512,100,100
22.251,100,100
22.2508,100,100
22.2506,100,100
22.2504,100,100
22.2502,100,100
22.25,100,100
22.2498,100,100
22.2496,100,100
22.2494,100,100
22.2492,100,100
22.249,100,100
22.2488,100,100
22.2486,100,100
22.2484,100,100
22.2482,100,100
22.248,100,100
22.2478,100,100
22.2476,100,100
22.2474,100,100
22.2472,100,100
22.247,100,100
22.2468,100,100
22.2466,100,100
22.2464,100,100
22.2462,100,100
22.246,100,100
22.2458,100,100
22.2456,100,100
22.2454,100,100
22.2452,100,100
22.245,100,100
22.2448,100,100
22.2446,100,100
22.2444,100,100
22.2442,100,100
22.244,100,100
22.2438,100,100
22.2436,100,100
22.2434,100,100
22.2432,100,100
22.243,100,100
22.2428,100,100
22.2426,100,100
22.2424,100,100
22.2422,100,100
22.242,100,100
22.2418,100,100
22.2416,100,100
22.2414,100,100
22.2412,100,100
22.241,100,100
22.2408,100,100
22.2406,100,100
22.2404,100,100
22.2402,100,100
22.24,100,100
22.2398,100,100
22.2396,100,100
22.2393,100,100
22.2391,100,100
22.2389,100,100
22.2387,100,100
22.2385,100,100
22.2383,100,100
22.2381,100,100
22.2379,100,100
22.2377,100,100
22.2375,100,100
22.2373,100,100
22.2371,100,100
22.2369,100,100
22.2367,100,100
22.2365,100,100
22.2363,100,100
22.2361,100,100
22.2359,100,100
22.2357,100,100
22.2355,100,100
22.2353,100,100
22.2351,100,100
22.2349,100,100
22.2347,100,100
22.2345,100,100
22.2343,100,100
22.2341,100,100
22.2339,100,100
22.2337,100,100
22.2335,100,100
22.2333,100,100
22.2331,100,100
22.2329,100,100
22.2327,100,100
22.2325,100,100
22.2323,100,100
22.2321,100,100
22.2319,100,100
22.2317,100,100
22.2315,100,100
22.2313,100,100
22.2311,100,100
22.2309,100,100
22.2307,100,100
22.2305,100,100
22.2303,100,100
22.2301,100,100
22.2298,100,100
22.2296,100,100
22.2294,100,100
22.2292,100,100
22.229,100,100
22.2288,100,100
22.2286,100,100
22.2284,100,100
22.2282,100,100
22.228,100,100
22.2278,100,100
22.2276,100,100
22.2274,100,100
22.2272,100,100
22.227,100,100
22.2268,100,100
22.2266,100,100
22.2264,100,100
22.2262,100,100
22.226,100,100
22.2258,100,100
22.2256,100,100
22.2254,100,100
22.2252,100,100
22.225,100,100
22.2248,100,100
22.2246,100,100
22.2244,100,100
22.2242,100,100
22.224,100,100
22.2238,100,100
22.2236,100,100
22.2234,100,100
22.2232,100,100
22.223,100,100
22.2228,100,100
22.2226,100,100
22.2224,100,100
22.2222,100,100
22.222,100,100
22.2218,100,100
22.2216,100,100
22.2214,100,100
22.2212,100,100
22.221,100,100
22.2208,100,100
22.2205,100,100
22.2203,100,100
22.2201,100,100
22.2199,100,100
22.2197,100,100
22.2195,100,100
22.2193,100,100
22.2191,100,100
22.2189,100,100
22.2187,100,100
22.2185,100,100
22.2183,100,100
22.2181,100,100
22.2179,100,100
22.2177,100,100
22.2175,100,100
22.2173,100,100
22.2171,100,100
22.2169,100,100
22.2167,100,100
22.2165,100,100
22.2163,100,100
22.2161,100,100
22.2159,100,100
22.2157,100,100
22.2155,100,100
22.2153,100,100
22.2151,100,100
22.2149,100,100
22.2147,100,100
22.2145,100,100
22.2143,100,100
22.2141,100,100
22.2139,100,100
22.2137,100,100
22.2135,100,100
22.2133,100,100
22.2131,100,100
22.2129,100,100
22.2127,100,100
22.2125,100,100
22.2123,100,100
22.2121,100,100
22.2119,100,100
22.2117,100,100
22.2115,100,100
22.2112,100,100
22.211,100,100
22.2108,100,100
22.2106,100,100
22.2104,100,100
22.2102,100,100
22.21,100,100
22.2098,100,100
22.2096,100,100
22.2094,100,100
22.2092,100,100
22.209,100,100
22.2088,100,100
22.2086,100,100
22.2084,100,100
22.2082,100,100
22.208,100,100
22.2078,100,100
22.2076,100,100
22.2074,100,100
22.2072,100,100
22.207,100,100
22.2068,100,100
22.2066,100,100
22.2064,100,100
22.2062,100,100
22.206,100,100
22.2058,100,100
22.2056,100,100
22.2054,100,100
22.2052,100,100
22.205,100,100
22.2048,100,100
22.2047,100,100
22.2045,100,100
22.2043,100,100
22.2041,100,100
22.2039,100,100
22.2037,100,100
22.2035,100,100
22.2033,100,100
22.2031,100,100
22.2029,100,100
22.2027,100,100
22.2025,100,100
22.2023,100,100
22.2021,100,100
22.2019,100,100
22.2017,100,100
22.2015,100,100
22.2013,100,100
22.2011,100,100
22.2009,100,100
22.2007,100,100
22.2005,100,100
22.2003,100,100
22.2001,100,100
22.1999,100,100
22.1997,100,100
22.1995,100,100
22.1993,100,100
22.1991,100,100
22.1989,100,100
22.1987,100,100
22.1985,100,100
22.1983,100,100
22.1981,100,100
22.1979,100,100
22.1977,100,100
22.1975,100,100
22.1973,100,100
22.1971,100,100
22.1969,100,100
22.1967,100,100
22.1965,100,100
22.1964,100,100
22.1962,100,100
22.196,100,100
22.1958,100,100
22.1956,100,100
22.1954,100,100
22.1952,100,100
22.195,100,100
22.1948,100,100
22.1946,100,100
22.1944,100,100
22.1942,100,100
22.194,100,100
22.1938,100,100
22.1936,100,100
22.1934,100,100
22.1932,100,100
22.193,100,100
22.1928,100,100
22.1926,100,100
22.1924,100,100
22.1922,100,100
22.192,100,100
22.1918,100,100
22.1916,100,100
22.1914,100,100
22.1912,100,100
22.191,100,100
22.1908,100,100
22.1906,100,100
22.1904,100,100
22.1902,100,100
22.19,100,100
22.1898,100,100
22.1896,100,100
22.1894,100,100
22.1892,100,100
22.189,100,100
22.1888,100,100
22.1886,100,100
22.1884,100,100
22.1883,100,100
22.1881,100,100
22.1879,100,100
22.1877,100,100
22.1875,100,100
22.1873,100,100
22.1871,100,100
22.1869,100,100
22.1867,100,100
22.1865,100,100
22.1863,100,100
22.1861,100,100
22.1859,100,100
22.1857,100,100
22.1855,100,100
22.1853,100,100
22.1851,100,100
22.1849,100,100
22.1847,100,100
22.1845,100,100
22.1843,100,100
22.1841,100,100
22.1839,100,100
22.1837,100,100
22.1835,100,100
22.1833,100,100
22.1831,100,100
22.1829,100,100
22.1827,100,100
22.1825,100,100
22.1823,100,100
22.1821,100,100
22.1819,100,100
22.1817,100,100
22.1816,100,100
22.1814,100,100
22.1812,100,100
22.181,100,100
22.1808,100,100
22.1806,100,100
22.1804,100,100
22.1802,100,100
22.18,100,100
22.1798,100,100
22.1796,100,100
22.1794,100,100
22.1792,100,100
22.179,100,100
22.1788,100,100
22.1786,100,100
22.1784,100,100
22.1782,100,100
22.178,100,100
22.1778,100,100
22.1776,100,100
22.1774,100,100
22.1772,100,100
22.177,100,100
22.1768,100,100
22.1766,100,100
22.1764,100,100
22.1762,100,100
22.176,100,100
22.1758,100,100
22.1756,100,100
22.1754,100,100
22.1752,100,100
22.175,100,100
22.1749,100,100
22.1747,100,100
22.1745,100,100
22.1743,100,100
22.1741,100,100
22.1739,100,100
22.1737,100,100
22.1735,100,100
22.1733,100,100
22.1731,100,100
22.1729,100,100
22.1727,100,100
22.1725,100,100
22.1723,100,100
22.1721,100,100
22.1719,100,100
22.1717,100,100
22.1715,100,100
22.1713,100,100
22.1711,100,100
22.1709,100,100
22.1707,100,100
22.1705,100,100
22.1703,100,100
22.1701,100,100
22.1699,100,100
22.1697,100,100
22.1695,100,100
22.1693,100,100
22.1691,100,100
22.1689,100,100
22.1687,100,100
22.1685,100,100
22.1683,100,100
22.1682,100,100
22.168,100,100
22.1678,100,100
22.1676,100,100
22.1674,100,100
22.1672,100,100
22.167,100,100
22.1668,100,100
22.1666,100,100
22.1664,100,100
22.1662,100,100
22.166,100,100
22.1658,100,100
22.1656,100,100
22.1654,100,100
22.1652,100,100
22.165,100,100
22.1648,100,100
22.1646,100,100
22.1644,100,100
22.1642,100,100
22.164,100,100
22.1638,100,100
22.1636,100,100
22.1634,100,100
22.1632,100,100
22.163,100,100
22.1628,100,100
22.1626,100,100
22.1624,100,100
22.1622,100,100
22.162,100,100
22.1618,100,100
22.1617,100,100
22.1615,100,100
22.1613,100,100
22.1611,100,100
22.1609,100,100
22.1607,100,100
22.1605,100,100
22.1603,100,100
22.1601,100,100
22.1599,100,100
22.1597,100,100
22.1595,100,100
22.1593,100,100
22.1591,100,100
22.1589,100,100
22.1587,100,100
22.1585,100,100
22.1583,100,100
22.1581,100,100
22.1579,100,100
22.1577,100,100
22.1575,100,100
22.1573,100,100
22.1571,100,100
22.1569,100,100
22.1567,100,100
22.1565,100,100
22.1563,100,100
22.1561,100,100
22.1559,100,100
22.1557,100,100
22.1555,100,100
22.1553,100,100
22.1551,100,100
22.155,100,100
22.1548,100,100
22.1546,100,100
22.1544,100,100
22.1542,100,100
22.154,100,100
22.1538,100,100
22.1536,100,100
22.1534,100,100
22.1532,100,100
22.153,100,100
22.1528,100,100
22.1526,100,100
22.1524,100,100
22.1522,100,100
22.152,100,100
22.1518,100,100
22.1516,100,100
22.1514,100,100
22.1512,100,100
22.151,100,100
22.1508,100,100
22.1506,100,100
22.1504,100,100
22.1502,100,100
22.15,100,100
22.1498,100,100
22.1496,100,100
22.1494,100,100
22.1492,100,100
22.149,100,100
22.1488,100,100
22.1486,100,100
22.1484,100,100
22.1483,100,100
22.1481,100,100
22.1479,100,100
22.1477,100,100
22.1475,100,100
22.1473,100,100
22.1471,100,100
22.1469,100,100
22.1467,100,100
22.1465,100,100
22.1463,100,100
22.1461,100,100
22.1459,100,100
22.1457,100,100
22.1455,100,100
22.1453,100,100
22.1451,100,100
22.1449,100,100
22.1447,100,100
22.1445,100,100
22.1443,100,100
22.1441,100,100
22.1439,100,100
22.1437,100,100
22.1435,100,100
22.1433,100,100
22.1431,100,100
22.1429,100,100
22.1427,100,100
22.1425,100,100
22.1423,100,100
22.1421,100,100
22.1419,100,100
22.1417,100,100
22.1415,100,100
22.1413,100,100
22.1411,100,100
22.1409,100,100
22.1407,100,100
22.1405,100,100
22.1403,100,100
22.1401,100,100
22.1399,100,100
22.1397,100,100
22.1395,100,100
22.1393,100,100
22.1391,100,100
22.1389,100,100
22.1387,100,100
22.1385,100,100
22.1383,100,100
22.1381,100,100
22.1379,100,100
22.1378,100,100
22.1376,100,100
22.1374,100,100
22.1372,100,100
22.137,100,100
22.1368,100,100
22.1366,100,100
22.1364,100,100
22.1362,100,100
22.136,100,100
22.1358,100,100
22.1356,100,100
22.1354,100,100
22.1352,100,100
22.135,100,100
22.1348,100,100
22.1346,100,100
22.1344,100,100
22.1342,100,100
22.134,100,100
22.1338,100,100
22.1336,100,100
22.1334,100,100
22.1332,100,100
22.133,100,100
22.1328,100,100
22.1326,100,100
22.1324,100,100
22.1322,100,100
22.132,100,100
22.1318,100,100
22.1316,100,100
22.1314,100,100
22.1312,100,100
22.131,100,100
22.1308,100,100
22.1306,100,100
22.1304,100,100
22.1302,100,100
22.13,100,100
22.1298,100,100
22.1296,100,100
22.1294,100,100
22.1292,100,100
22.129,100,100
22.1288,100,100
22.1286,100,100
22.1284,100,100
22.1282,100,100
22.128,100,100
22.1278,100,100
22.1276,100,100
22.1274,100,100
22.1272,100,100
22.127,100,100
22.1268,100,100
22.1266,100,100
22.1264,100,100
22.1262,100,100
22.126,100,100
22.1258,100,100
22.1256,100,100
22.1254,100,100
22.1252,100,100
22.125,100,100
22.1248,100,100
22.1246,100,100
22.1244,100,100
22.1242,100,100
22.124,100,100
22.1238,100,100
22.1236,100,100
22.1234,100,100
22.1232,100,100
22.123,100,100
22.1228,100,100
22.1226,100,100
22.1224,100,100
22.1222,100,100
22.122,100,100
22.1218,100,100
22.1216,100,100
22.1214,100,100
22.1212,100,100
22.121,100,100
22.1208,100,100
22.1205,100,100
22.1203,100,100
22.1201,100,100
22.1199,100,100
22.1197,100,100
22.1195,100,100
22.1193,100,100
22.1191,100,100
22.1189,100,100
22.1187,100,100
22.1185,100,100
22.1183,100,100
22.1181,100,100
22.1179,100,100
22.1177,100,100
22.1175,100,100
22.1173,100,100
22.1171,100,100
22.1169,100,100
22.1167,100,100
22.1165,100,100
22.1163,100,100
22.1161,100,100
22.1159,100,100
22.1157,100,100
22.1155,100,100
22.1153,100,100
22.1151,100,100
22.1149,100,100
22.1147,100,100
22.1145,100,100
22.1143,100,100
22.1141,100,100
22.1139,100,100
22.1137,100,100
22.1135,100,100
22.1133,100,100
22.1131,100,100
22.1129,100,100
22.1127,100,100
22.1125,100,100
22.1123,100,100
22.1121,100,100
22.1119,100,100
22.1117,100,100
22.1115,100,100
22.1112,100,100
22.111,100,100
22.1108,100,100
22.1106,100,100
22.1104,100,100
22.1102,100,100
22.11,100,100
22.1098,100,100
22.1096,100,100
22.1094,100,100
22.1092,100,100
22.109,100,100
22.1088,100,100
22.1086,100,100
22.1084,100,100
22.1082,100,100
22.108,100,100
22.1078,100,100
22.1076,100,100
22.1074,100,100
22.1072,100,100
22.107,100,100
22.1068,100,100
22.1066,100,100
22.1064,100,100
22.1062,100,100
22.106,100,100
22.1058,100,100
22.1056,100,100
22.1054,100,100
22.1052,100,100
22.105,100,100
22.1048,100,100
22.1046,100,100
22.1044,100,100
22.1042,100,100
22.104,100,100
22.1038,100,100
22.1036,100,100
22.1034,100,100
22.1032,100,100
22.103,100,100
22.1028,100,100
22.1026,100,100
22.1024,100,100
22.1022,100,100
22.102,100,100
22.1017,100,100
22.1015,100,100
22.1013,100,100
22.1011,100,100
22.1009,100,100
22.1007,100,100
22.1005,100,100
22.1003,100,100
22.1001,100,100
22.0999,100,100
22.0997,100,100
22.0995,100,100
22.0993,100,100
22.0991,100,100
22.0989,100,100
22.0987,100,100
22.0985,100,100
22.0983,100,100
22.0981,100,100
22.0979,100,100
22.0977,100,100
22.0975,100,100
22.0973,100,100
22.0971,100,100
22.0969,100,100
22.0967,100,100
22.0965,100,100
22.0963,100,100
22.0961,100,100
22.0959,100,100
22.0957,100,100
22.0955,100,100
22.0953,100,100
22.0951,100,100
22.0949,100,100
22.0947,100,100
22.0945,100,100
22.0943,100,100
22.0941,100,100
22.0939,100,100
22.0937,100,100
22.0935,100,100
22.0933,100,100
22.0931,100,100
22.0929,100,100
22.0927,100,100
22.0924,100,100
22.0922,100,100
22.092,100,100
22.0918,100,100
22.0916,100,100
22.0914,100,100
22.0912,100,100
22.091,100,100
22.0908,100,100
22.0906,100,100
22.0904,100,100
22.0902,100,100
22.09,100,100
22.0898,100,100
22.0896,100,100
22.0894,100,100
22.0892,100,100
22.089,100,100
22.0888,100,100
22.0886,100,100
22.0884,100,100
22.0882,100,100
22.088,100,100
22.0878,100,100
22.0876,100,100
22.0874,100,100
22.0872,100,100
22.087,100,100
22.0868,100,100
22.0866,100,100
22.0864,100,100
22.0862,100,100
22.086,100,100
22.0858,100,100
22.0856,100,100
22.0854,100,100
22.0852,100,100
22.085,100,100
22.0848,100,100
22.0846,100,100
22.0844,100,100
22.0842,100,100
22.084,100,100
22.0838,100,100
22.0836,100,100
22.0834,100,100
22.0832,100,100
22.083,100,100
22.0828,100,100
22.0826,100,100
22.0824,100,100
22.0822,100,100
22.082,100,100
22.0818,100,100
22.0816,100,100
22.0814,100,100
22.0812,100,100
22.081,100,100
22.0808,100,100
22.0806,100,100
22.0804,100,100
22.0802,100,100
22.08,100,100
22.0798,100,100
22.0796,100,100
22.0793,100,100
22.0791,100,100
22.0789,100,100
22.0787,100,100
22.0785,100,100
22.0783,100,100
22.0781,100,100
22.0779,100,100
22.0777,100,100
22.0775,100,100
22.0773,100,100
22.0771,100,100
22.0769,100,100
22.0767,100,100
22.0765,100,100
22.0763,100,100
22.0761,100,100
22.0759,100,100
22.0757,100,100
22.0755,100,100
22.0753,100,100
22.0751,100,100
22.0749,100,100
22.0747,100,100
22.0745,100,100
22.0743,100,100
22.0741,100,100
22.0739,100,100
22.0737,100,100
22.0735,100,100
22.0733,100,100
22.0731,100,100
22.0729,100,100
22.0727,100,100
22.0725,100,100
22.0723,100,100
22.0721,100,100
22.0719,100,100
22.0717,100,100
22.0715,100,100
22.0713,100,100
22.0711,100,100
22.0709,100,100
22.0707,100,100
22.0705,100,100
22.0703,100,100
22.0701,100,100
22.0699,100,100
22.0697,100,100
22.0695,100,100
22.0693,100,100
22.0691,100,100
22.0689,100,100
22.0687,100,100
22.0685,100,100
22.0683,100,100
22.0681,100,100
22.0679,100,100
22.0677,100,100
22.0675,100,100
22.0673,100,100
22.0671,100,100
22.0669,100,100
22.0667,100,100
22.0665,100,100
22.0663,100,100
22.0661,100,100
22.0659,100,100
22.0657,100,100
22.0655,100,100
22.0653,100,100
22.0651,100,100
22.0649,100,100
22.0647,100,100
22.0645,100,100
22.0643,100,100
22.0641,100,100
22.0639,100,100
22.0637,100,100
22.0636,100,100
22.0634,100,100
22.0632,100,100
22.063,100,100
22.0628,100,100
22.0626,100,100
22.0624,100,100
22.0622,100,100
22.062,100,100
22.0618,100,100
22.0616,100,100
22.0614,100,100
22.0612,100,100
22.061,100,100
22.0608,100,100
22.0606,100,100
22.0604,100,100
22.0602,100,100
22.06,100,100
22.0598,100,100
22.0596,100,100
22.0594,100,100
22.0592,100,100
22.059,100,100
22.0588,100,100
22.0586,100,100
22.0584,100,100
22.0582,100,100
22.058,100,100
22.0578,100,100
22.0576,100,100
22.0574,100,100
22.0572,100,100
22.057,100,100
22.0569,100,100
22.0567,100,100
22.0565,100,100
22.0563,100,100
22.0561,100,100
22.0559,100,100
22.0557,100,100
22.0555,100,100
22.0553,100,100
22.0551,100,100
22.0549,100,100
22.0547,100,100
22.0545,100,100
22.0543,100,100
22.0541,100,100
22.0539,100,100
22.0537,100,100
22.0535,100,100
22.0533,100,100
22.0531,100,100
22.0529,100,100
22.0527,100,100
22.0525,100,100
22.0523,100,100
22.0521,100,100
22.0519,100,100
22.0517,100,100
22.0515,100,100
22.0513,100,100
22.0511,100,100
22.0509,100,100
22.0507,100,100
22.0505,100,100
22.0504,100,100
22.0502,100,100
22.05,100,100
22.0498,100,100
22.0496,100,100
22.0494,100,100
22.0492,100,100
22.049,100,100
22.0488,100,100
22.0486,100,100
22.0484,100,100
22.0482,100,100
22.048,100,100
22.0478,100,100
22.0476,100,100
22.0474,100,100
22.0472,100,100
22.047,100,100
22.0468,100,100
22.0466,100,100
22.0464,100,100
22.0462,100,100
22.046,100,100
22.0458,100,100
22.0456,100,100
22.0454,100,100
22.0452,100,100
22.045,100,100
22.0448,100,100
22.0446,100,100
22.0444,100,100
22.0442,100,100
22.044,100,100
22.0438,100,100
22.0437,100,100
22.0435,100,100
22.0433,100,100
22.0431,100,100
22.0429,100,100
22.0427,100,100
22.0425,100,100
22.0423,100,100
22.0421,100,100
22.0419,100,100
22.0417,100,100
22.0415,100,100
22.0413,100,100
22.0411,100,100
22.0409,100,100
22.0407,100,100
22.0405,100,100
22.0403,100,100
22.0401,100,100
22.0399,100,100
22.0397,100,100
22.0395,100,100
22.0393,100,100
22.0391,100,100
22.0389,100,100
22.0387,100,100
22.0385,100,100
22.0383,100,100
22.0381,100,100
22.0379,100,100
22.0377,100,100
22.0375,100,100
22.0373,100,100
22.0371,100,100
22.037,100,100
22.0368,100,100
22.0366,100,100
22.0364,100,100
22.0362,100,100
22.036,100,100
22.0358,100,100
22.0356,100,100
22.0354,100,100
22.0352,100,100
22.035,100,100
22.0348,100,100
22.0346,100,100
22.0344,100,100
22.0342,100,100
22.034,100,100
22.0338,100,100
22.0336,100,100
22.0334,100,100
22.0332,100,100
22.033,100,100
22.0328,100,100
22.0326,100,100
22.0324,100,100
22.0322,100,100
22.032,100,100
22.0318,100,100
22.0316,100,100
22.0314,100,100
22.0312,100,100
22.031,100,100
22.0308,100,100
22.0306,100,100
22.0305,100,100
22.0303,100,100
22.0301,100,100
22.0299,100,100
22.0297,100,100
22.0295,100,100
22.0293,100,100
22.0291,100,100
22.0289,100,100
22.0287,100,100
22.0285,100,100
22.0283,100,100
22.0281,100,100
22.0279,100,100
22.0277,100,100
22.0275,100,100
22.0273,100,100
22.0271,100,100
22.0269,100,100
22.0267,100,100
22.0265,100,100
22.0263,100,100
22.0261,100,100
22.0259,100,100
22.0257,100,100
22.0255,100,100
22.0253,100,100
22.0251,100,100
22.0249,100,100
22.0247,100,100
22.0245,100,100
22.0243,100,100
22.0241,100,100
22.0239,100,100
22.0238,100,100
22.0236,100,100
22.0234,100,100
22.0232,100,100
22.023,100,100
22.0228,100,100
22.0226,100,100
22.0224,100,100
22.0222,100,100
22.022,100,100
22.0218,100,100
22.0216,100,100
22.0214,100,100
22.0212,100,100
22.021,100,100
22.0208,100,100
22.0206,100,100
22.0204,100,100
22.0202,100,100
22.02,100,100
22.0198,100,100
22.0196,100,100
22.0194,100,100
22.0192,100,100
22.019,100,100
22.0188,100,100
22.0186,100,100
22.0184,100,100
22.0182,100,100
22.018,100,100
22.0178,100,100
22.0176,100,100
22.0174,100,100
22.0172,100,100
22.0171,100,100
22.0169,100,100
22.0167,100,100
22.0165,100,100
22.0163,100,100
22.0161,100,100
22.0159,100,100
22.0157,100,100
22.0155,100,100
22.0153,100,100
22.0151,100,100
22.0149,100,100
22.0147,100,100
22.0145,100,100
22.0143,100,100
22.0141,100,100
22.0139,100,100
22.0137,100,100
22.0135,100,100
22.0133,100,100
22.0131,100,100
22.0129,100,100
22.0127,100,100
22.0125,100,100
22.0123,100,100
22.0121,100,100
22.0119,100,100
22.0117,100,100
22.0115,100,100
22.0113,100,100
22.0111,100,100
22.0109,100,100
22.0107,100,100
22.0106,100,100
22.0104,100,100
22.0102,100,100
22.01,100,100
22.0098,100,100
22.0096,100,100
22.0094,100,100
22.0092,100,100
22.009,100,100
22.0088,100,100
22.0086,100,100
22.0084,100,100
22.0082,100,100
22.008,100,100
22.0078,100,100
22.0076,100,100
22.0074,100,100
22.0072,100,100
22.007,100,100
22.0068,100,100
22.0066,100,100
22.0064,100,100
22.0062,100,100
22.006,100,100
22.0058,100,100
22.0056,100,100
22.0054,100,100
22.0052,100,100
22.005,100,100
22.0048,100,100
22.0046,100,100
22.0044,100,100
22.0042,100,100
22.004,100,100
22.0039,100,100
22.0037,100,100
22.0035,100,100
22.0033,100,100
22.0031,100,100
22.0029,100,100
22.0027,100,100
22.0025,100,100
22.0023,100,100
22.0021,100,100
22.0019,100,100
22.0017,100,100
22.0015,100,100
22.0013,100,100
22.0011,100,100
22.0009,100,100
22.0007,100,100
22.0005,100,100
22.0003,100,100
22.0001,100,100
21.9999,100,100
21.9997,100,100
21.9995,100,100
21.9993,100,100
21.9991,100,100
21.9989,100,100
21.9987,100,100
21.9985,100,100
21.9983,100,100
21.9981,100,100
21.9979,100,100
21.9977,100,100
21.9975,100,100
21.9973,100,100
21.9972,100,100
21.997,100,100
21.9968,100,100
21.9966,100,100
21.9964,100,100
21.9962,100,100
21.996,100,100
21.9958,100,100
21.9956,100,100
21.9954,100,100
21.9952,100,100
21.995,100,100
21.9948,100,100
21.9946,100,100
21.9944,100,100
21.9942,100,100
21.994,100,100
21.9938,100,100
21.9936,100,100
21.9934,100,100
21.9932,100,100
21.993,100,100
21.9928,100,100
21.9926,100,100
21.9924,100,100
21.9922,100,100
21.992,100,100
21.9918,100,100
21.9916,100,100
21.9914,100,100
21.9912,100,100
21.991,100,100
21.9908,100,100
21.9907,100,100
21.9905,100,100
21.9903,100,100
21.9901,100,100
21.9899,100,100
21.9897,100,100
21.9895,100,100
21.9893,100,100
21.9891,100,100
21.9889,100,100
21.9887,100,100
21.9885,100,100
21.9883,100,100
21.9881,100,100
21.9879,100,100
21.9877,100,100
21.9875,100,100
21.9873,100,100
21.9871,100,100
21.9869,100,100
21.9867,100,100
21.9865,100,100
21.9863,100,100
21.9861,100,100
21.9859,100,100
21.9857,100,100
21.9855,100,100
21.9853,100,100
21.9851,100,100
21.9849,100,100
21.9847,100,100
21.9845,100,100
21.9843,100,100
21.9841,100,100
21.984,100,100
21.9838,100,100
21.9836,100,100
21.9834,100,100
21.9832,100,100
21.983,100,100
21.9828,100,100
21.9826,100,100
21.9824,100,100
21.9822,100,100
21.982,100,100
21.9818,100,100
21.9816,100,100
21.9814,100,100
21.9812,100,100
21.981,100,100
21.9808,100,100
21.9806,100,100
21.9804,100,100
21.9802,100,100
21.98,100,100
21.9798,100,100
21.9796,100,100
21.9794,100,100
21.9792,100,100
21.979,100,100
21.9788,100,100
21.9786,100,100
21.9784,100,100
21.9782,100,100
21.978,100,100
21.9778,100,100
21.9776,100,100
21.9774,100,100
21.9773,100,100
21.9771,100,100
21.9769,100,100
21.9767,100,100
21.9765,100,100
21.9763,100,100
21.9761,100,100
21.9759,100,100
21.9757,100,100
21.9755,100,100
21.9753,100,100
21.9751,100,100
21.9749,100,100
21.9747,100,100
21.9745,100,100
21.9743,100,100
21.9741,100,100
21.9739,100,100
21.9737,100,100
21.9735,100,100
21.9733,100,100
21.9731,100,100
21.9729,100,100
21.9727,100,100
21.9725,100,100
21.9723,100,100
21.9721,100,100
21.9719,100,100
21.9717,100,100
21.9715,100,100
21.9713,100,100
21.9711,100,100
21.9709,100,100
21.9708,100,100
21.9706,100,100
21.9704,100,100
21.9702,100,100
21.97,100,100
21.9698,100,100
21.9696,100,100
21.9694,100,100
21.9692,100,100
21.969,100,100
21.9688,100,100
21.9686,100,100
21.9684,100,100
21.9682,100,100
21.968,100,100
21.9678,100,100
21.9676,100,100
21.9674,100,100
21.9672,100,100
21.967,100,100
21.9668,100,100
21.9666,100,100
21.9664,100,100
21.9662,100,100
21.966,100,100
21.9658,100,100
21.9656,100,100
21.9654,100,100
21.9652,100,100
21.965,100,100
21.9648,100,100
21.9646,100,100
21.9644,100,100
21.9642,100,100
21.9641,100,100
21.9639,100,100
21.9637,100,100
21.9635,100,100
21.9633,100,100
21.9631,100,100
21.9629,100,100
21.9627,100,100
21.9625,100,100
21.9623,100,100
21.9621,100,100
21.9619,100,100
21.9617,100,100
21.9615,100,100
21.9613,100,100
21.9611,100,100
21.9609,100,100
21.9607,100,100
21.9605,100,100
21.9603,100,100
21.9601,100,100
21.9599,100,100
21.9597,100,100
21.9595,100,100
21.9593,100,100
21.9591,100,100
21.9589,100,100
21.9587,100,100
21.9585,100,100
21.9583,100,100
21.9581,100,100
21.9579,100,100
21.9577,100,100
21.9575,100,100
21.9574,100,100
21.9572,100,100
21.957,100,100
21.9568,100,100
21.9566,100,100
21.9564,100,100
21.9562,100,100
21.956,100,100
21.9558,100,100
21.9556,100,100
21.9554,100,100
21.9552,100,100
21.955,100,100
21.9548,100,100
21.9546,100,100
21.9544,100,100
21.9542,100,100
21.954,100,100
21.9538,100,100
21.9536,100,100
21.9534,100,100
21.9532,100,100
21.953,100,100
21.9528,100,100
21.9526,100,100
21.9524,100,100
21.9522,100,100
21.952,100,100
21.9518,100,100
21.9516,100,100
21.9514,100,100
21.9512,100,100
21.951,100,100
21.9509,100,100
21.9507,100,100
21.9505,100,100
21.9503,100,100
21.9501,100,100
21.9499,100,100
21.9497,100,100
21.9495,100,100
21.9493,100,100
21.9491,100,100
21.9489,100,100
21.9487,100,100
21.9485,100,100
21.9483,100,100
21.9481,100,100
21.9479,100,100
21.9477,100,100
21.9475,100,100
21.9473,100,100
21.9471,100,100
21.9469,100,100
21.9467,100,100
21.9465,100,100
21.9463,100,100
21.9461,100,100
21.9459,100,100
21.9457,100,100
21.9455,100,100
21.9453,100,100
21.9451,100,100
21.9449,100,100
21.9447,100,100
21.9445,100,100
21.9443,100,100
21.9442,100,100
21.944,100,100
21.9438,100,100
21.9436,100,100
21.9434,100,100
21.9432,100,100
21.943,100,100
21.9428,100,100
21.9426,100,100
21.9424,100,100
21.9422,100,100
21.942,100,100
21.9418,100,100
21.9416,100,100
21.9414,100,100
21.9412,100,100
21.941,100,100
21.9408,100,100
21.9406,100,100
21.9404,100,100
21.9402,100,100
21.94,100,100
21.9398,100,100
21.9396,100,100
21.9394,100,100
21.9392,100,100
21.939,100,100
21.9388,100,100
21.9386,100,100
21.9384,100,100
21.9382,100,100
21.938,100,100
21.9378,100,100
21.9376,100,100
21.9375,100,100
21.9373,100,100
21.9371,100,100
21.9369,100,100
21.9367,100,100
21.9365,100,100
21.9363,100,100
21.9361,100,100
21.9359,100,100
21.9357,100,100
21.9355,100,100
21.9353,100,100
21.9351,100,100
21.9349,100,100
21.9347,100,100
21.9345,100,100
21.9343,100,100
21.9341,100,100
21.9339,100,100
21.9337,100,100
21.9335,100,100
21.9333,100,100
21.9331,100,100
21.9329,100,100
21.9327,100,100
21.9325,100,100
21.9323,100,100
21.9321,100,100
21.9319,100,100
21.9317,100,100
21.9315,100,100
21.9313,100,100
21.9311,100,100
21.931,100,100
21.9308,100,100
21.9306,100,100
21.9304,100,100
21.9302,100,100
21.93,100,100
21.9298,100,100
21.9296,100,100
21.9294,100,100
21.9292,100,100
21.929,100,100
21.9288,100,100
21.9286,100,100
21.9284,100,100
21.9282,100,100
21.928,100,100
21.9278,100,100
21.9276,100,100
21.9274,100,100
21.9272,100,100
21.927,100,100
21.9268,100,100
21.9266,100,100
21.9264,100,100
21.9262,100,100
21.926,100,100
21.9258,100,100
21.9256,100,100
21.9254,100,100
21.9252,100,100
21.925,100,100
21.9248,100,100
21.9246,100,100
21.9244,100,100
21.9243,100,100
21.9241,100,100
21.9239,100,100
21.9237,100,100
21.9235,100,100
21.9233,100,100
21.9231,100,100
21.9229,100,100
21.9227,100,100
21.9225,100,100
21.9223,100,100
21.9221,100,100
21.9219,100,100
21.9217,100,100
21.9215,100,100
21.9213,100,100
21.9211,100,100
21.9209,100,100
21.9207,100,100
21.9205,100,100
21.9203,100,100
21.9201,100,100
21.9199,100,100
21.9197,100,100
21.9195,100,100
21.9193,100,100
21.9191,100,100
21.9189,100,100
21.9187,100,100
21.9185,100,100
21.9183,100,100
21.9181,100,100
21.9179,100,100
21.9178,100,100
21.9176,100,100
21.9174,100,100
21.9172,100,100
21.917,100,100
21.9168,100,100
21.9166,100,100
21.9164,100,100
21.9162,100,100
21.916,100,100
21.9158,100,100
21.9156,100,100
21.9154,100,100
21.9152,100,100
21.915,100,100
21.9148,100,100
21.9146,100,100
21.9144,100,100
21.9142,100,100
21.914,100,100
21.9138,100,100
21.9136,100,100
21.9134,100,100
21.9132,100,100
21.913,100,100
21.9128,100,100
21.9126,100,100
21.9124,100,100
21.9122,100,100
21.912,100,100
21.9118,100,100
21.9116,100,100
21.9114,100,100
21.9112,100,100
21.9111,100,100
21.9109,100,100
21.9107,100,100
21.9105,100,100
21.9103,100,100
21.9101,100,100
21.9099,100,100
21.9097,100,100
21.9095,100,100
21.9093,100,100
21.9091,100,100
21.9089,100,100
21.9087,100,100
21.9085,100,100
21.9083,100,100
21.9081,100,100
21.9079,100,100
21.9077,100,100
21.9075,100,100
21.9073,100,100
21.9071,100,100
21.9069,100,100
21.9067,100,100
21.9065,100,100
21.9063,100,100
21.9061,100,100
21.9059,100,100
21.9057,100,100
21.9055,100,100
21.9053,100,100
21.9051,100,100
21.9049,100,100
21.9047,100,100
21.9045,100,100
21.9044,100,100
21.9042,100,100
21.904,100,100
21.9038,100,100
21.9036,100,100
21.9034,100,100
21.9032,100,100
21.903,100,100
21.9028,100,100
21.9026,100,100
21.9024,100,100
21.9022,100,100
21.902,100,100
21.9018,100,100
21.9016,100,100
21.9014,100,100
21.9012,100,100
21.901,100,100
21.9008,100,100
21.9006,100,100
21.9004,100,100
21.9002,100,100
21.9,100,100
21.8998,100,100
21.8996,100,100
21.8994,100,100
21.8992,100,100
21.899,100,100
21.8988,100,100
21.8986,100,100
21.8984,100,100
21.8982,100,100
21.898,100,100
21.8979,100,100
21.8977,100,100
21.8975,100,100
21.8973,100,100
21.8971,100,100
21.8969,100,100
21.8967,100,100
21.8965,100,100
21.8963,100,100
21.8961,100,100
21.8959,100,100
21.8957,100,100
21.8955,100,100
21.8953,100,100
21.8951,100,100
21.8949,100,100
21.8947,100,100
21.8945,100,100
21.8943,100,100
21.8941,100,100
21.8939,100,100
21.8937,100,100
21.8935,100,100
21.8933,100,100
21.8931,100,100
21.8929,100,100
21.8927,100,100
21.8925,100,100
21.8923,100,100
21.8921,100,100
21.8919,100,100
21.8917,100,100
21.8915,100,100
21.8913,100,100
21.8912,100,100
21.891,100,100
21.8908,100,100
21.8906,100,100
21.8904,100,100
21.8902,100,100
21.89,100,100
21.8898,100,100
21.8896,100,100
21.8894,100,100
21.8892,100,100
21.889,100,100
21.8888,100,100
21.8886,100,100
21.8884,100,100
21.8882,100,100
21.888,100,100
21.8878,100,100
21.8876,100,100
21.8874,100,100
21.8872,100,100
21.887,100,100
21.8868,100,100
21.8866,100,100
21.8864,100,100
21.8862,100,100
21.886,100,100
21.8858,100,100
21.8856,100,100
21.8854,100,100
21.8852,100,100
21.885,100,100
21.8848,100,100
21.8846,100,100
21.8845,100,100
21.8843,100,100
21.8841,100,100
21.8839,100,100
21.8837,100,100
21.8835,100,100
21.8833,100,100
21.8831,100,100
21.8829,100,100
21.8827,100,100
21.8825,100,100
21.8823,100,100
21.8821,100,100
21.8819,100,100
21.8817,100,100
21.8815,100,100
21.8813,100,100
21.8811,100,100
21.8809,100,100
21.8807,100,100
21.8805,100,100
21.8803,100,100
21.8801,100,100
21.8799,100,100
21.8797,100,100
21.8795,100,100
21.8793,100,100
21.8791,100,100
21.8789,100,100
21.8787,100,100
21.8785,100,100
21.8783,100,100
21.8781,100,100
21.878,100,100
21.8778,100,100
21.8776,100,100
21.8774,100,100
21.8772,100,100
21.877,100,100
21.8768,100,100
21.8766,100,100
21.8764,100,100
21.8762,100,100
21.876,100,100
21.8758,100,100
21.8756,100,100
21.8754,100,100
21.8752,100,100
21.875,100,100
21.8748,100,100
21.8746,100,100
21.8744,100,100
21.8742,100,100
21.874,100,100
21.8738,100,100
21.8736,100,100
21.8734,100,100
21.8732,100,100
21.873,100,100
21.8728,100,100
21.8726,100,100
21.8724,100,100
21.8722,100,100
21.872,100,100
21.8718,100,100
21.8716,100,100
21.8714,100,100
21.8713,100,100
21.8711,100,100
21.8709,100,100
21.8707,100,100
21.8705,100,100
21.8703,100,100
21.8701,100,100
21.8699,100,100
21.8697,100,100
21.8695,100,100
21.8693,100,100
21.8691,100,100
21.8689,100,100
21.8687,100,100
21.8685,100,100
21.8683,100,100
21.8681,100,100
21.8679,100,100
21.8677,100,100
21.8675,100,100
21.8673,100,100
21.8671,100,100
21.8669,100,100
21.8667,100,100
21.8665,100,100
21.8663,100,100
21.8661,100,100
21.8659,100,100
21.8657,100,100
21.8655,100,100
21.8653,100,100
21.8651,100,100
21.8649,100,100
21.8647,100,100
21.8646,100,100
21.8644,100,100
21.8642,100,100
21.864,100,100
21.8638,100,100
21.8636,100,100
21.8634,100,100
21.8632,100,100
21.863,100,100
21.8628,100,100
21.8626,100,100
21.8624,100,100
21.8622,100,100
21.862,100,100
21.8618,100,100
21.8616,100,100
21.8614,100,100
21.8612,100,100
21.861,100,100
21.8608,100,100
21.8606,100,100
21.8604,100,100
21.8602,100,100
21.86,100,100
21.8598,100,100
21.8596,100,100
21.8594,100,100
21.8592,100,100
21.859,100,100
21.8588,100,100
21.8586,100,100
21.8584,100,100
21.8582,100,100
21.8581,100,100
21.8579,100,100
21.8577,100,100
21.8575,100,100
21.8573,100,100
21.8571,100,100
21.8569,100,100
21.8567,100,100
21.8565,100,100
21.8563,100,100
21.8561,100,100
21.8559,100,100
21.8557,100,100
21.8555,100,100
21.8553,100,100
21.8551,100,100
21.8549,100,100
21.8547,100,100
21.8545,100,100
21.8543,100,100
21.8541,100,100
21.8539,100,100
21.8537,100,100
21.8535,100,100
21.8533,100,100
21.8531,100,100
21.8529,100,100
21.8527,100,100
21.8525,100,100
21.8523,100,100
21.8521,100,100
21.8519,100,100
21.8517,100,100
21.8515,100,100
21.8514,100,100
21.8512,100,100
21.851,100,100
21.8508,100,100
21.8506,100,100
21.8504,100,100
21.8502,100,100
21.85,100,100
21.8498,100,100
21.8496,100,100
21.8494,100,100
21.8492,100,100
21.849,100,100
21.8488,100,100
21.8486,100,100
21.8484,100,100
21.8482,100,100
21.848,100,100
21.8478,100,100
21.8476,100,100
21.8474,100,100
21.8472,100,100
21.847,100,100
21.8468,100,100
21.8466,100,100
21.8464,100,100
21.8462,100,100
21.846,100,100
21.8458,100,100
21.8456,100,100
21.8454,100,100
21.8452,100,100
21.8451,100,100
21.8449,100,100
21.8447,100,100
21.8445,100,100
21.8443,100,100
21.8441,100,100
21.8439,100,100
21.8437,100,100
21.8435,100,100
21.8433,100,100
21.8431,100,100
21.8429,100,100
21.8427,100,100
21.8425,100,100
21.8423,100,100
21.8421,100,100
21.8419,100,100
21.8417,100,100
21.8415,100,100
21.8413,100,100
21.8411,100,100
21.8409,100,100
21.8407,100,100
21.8405,100,100
21.8403,100,100
21.8401,100,100
21.8399,100,100
21.8397,100,100
21.8395,100,100
21.8393,100,100
21.8391,100,100
21.839,100,100
21.8388,100,100
21.8386,100,100
21.8384,100,100
21.8382,100,100
21.838,100,100
21.8378,100,100
21.8376,100,100
21.8374,100,100
21.8372,100,100
21.837,100,100
21.8368,100,100
21.8366,100,100
21.8364,100,100
21.8362,100,100
21.836,100,100
21.8358,100,100
21.8356,100,100
21.8354,100,100
21.8352,100,100
21.835,100,100
21.8348,100,100
21.8346,100,100
21.8344,100,100
21.8342,100,100
21.834,100,100
21.8338,100,100
21.8336,100,100
21.8334,100,100
21.8332,100,100
21.833,100,100
21.8328,100,100
21.8327,100,100
21.8325,100,100
21.8323,100,100
21.8321,100,100
21.8319,100,100
21.8317,100,100
21.8315,100,100
21.8313,100,100
21.8311,100,100
21.8309,100,100
21.8307,100,100
21.8305,100,100
21.8303,100,100
21.8301,100,100
21.8299,100,100
21.8297,100,100
21.8296,100,100
21.8294,100,100
21.8292,100,100
21.829,100,100
21.8288,100,100
21.8286,100,100
21.8284,100,100
21.8282,100,100
21.828,100,100
21.8278,100,100
21.8276,100,100
21.8274,100,100
21.8272,100,100
21.827,100,100
21.8269,100,100
21.8267,100,100
21.8265,100,100
21.8263,100,100
21.8261,100,100
21.8259,100,100
21.8257,100,100
21.8255,100,100
21.8253,100,100
21.8251,100,100
21.8249,100,100
21.8247,100,100
21.8245,100,100
21.8244,100,100
21.8242,100,100
21.824,100,100
21.8238,100,100
21.8236,100,100
21.8234,100,100
21.8232,100,100
21.823,100,100
21.8228,100,100
21.8226,100,100
21.8224,100,100
21.8222,100,100
21.822,100,100
21.8219,100,100
21.8217,100,100
21.8215,100,100
21.8213,100,100
21.8211,100,100
21.8209,100,100
21.8207,100,100
21.8205,100,100
21.8203,100,100
21.8201,100,100
21.8199,100,100
21.8197,100,100
21.8195,100,100
21.8193,100,100
21.8192,100,100
21.819,100,100
21.8188,100,100
21.8186,100,100
21.8184,100,100
21.8182,100,100
21.818,100,100
21.8178,100,100
21.8176,100,100
21.8174,100,100
21.8172,100,100
21.817,100,100
21.8168,100,100
21.8167,100,100
21.8165,100,100
21.8163,100,100
21.8161,100,100
21.8159,100,100
21.8157,100,100
21.8155,100,100
21.8153,100,100
21.8151,100,100
21.8149,100,100
21.8147,100,100
21.8145,100,100
21.8143,100,100
21.8141,100,100
21.814,100,100
21.8138,100,100
21.8136,100,100
21.8134,100,100
21.8132,100,100
21.813,100,100
21.8128,100,100
21.8126,100,100
21.8124,100,100
21.8122,100,100
21.812,100,100
21.8118,100,100
21.8117,100,100
21.8115,100,100
21.8113,100,100
21.8111,100,100
21.8109,100,100
21.8107,100,100
21.8105,100,100
21.8103,100,100
21.8101,100,100
21.8099,100,100
21.8097,100,100
21.8095,100,100
21.8093,100,100
21.8092,100,100
21.809,100,100
21.8088,100,100
21.8086,100,100
21.8084,100,100
21.8082,100,100
21.808,100,100
21.8078,100,100
21.8076,100,100
21.8074,100,100
21.8072,100,100
21.807,100,100
21.8069,100,100
21.8067,100,100
21.8065,100,100
21.8063,100,100
21.8061,100,100
21.8059,100,100
21.8057,100,100
21.8055,100,100
21.8053,100,100
21.8051,100,100
21.8049,100,100
21.8047,100,100
21.8045,100,100
21.8044,100,100
21.8042,100,100
21.804,100,100
21.8038,100,100
21.8036,100,100
21.8034,100,100
21.8032,100,100
21.803,100,100
21.8028,100,100
21.8026,100,100
21.8024,100,100
21.8022,100,100
21.8021,100,100
21.8019,100,100
21.8017,100,100
21.8015,100,100
21.8013,100,100
21.8011,100,100
21.8009,100,100
21.8007,100,100
21.8005,100,100
21.8003,100,100
21.8001,100,100
21.7999,100,100
21.7998,100,100
21.7996,100,100
21.7994,100,100
21.7992,100,100
21.799,100,100
21.7988,100,100
21.7986,100,100
21.7984,100,100
21.7982,100,100
21.798,100,100
21.7978,100,100
21.7976,100,100
21.7974,100,100
21.7973,100,100
21.7971,100,100
21.7969,100,100
21.7967,100,100
21.7965,100,100
21.7963,100,100
21.7961,100,100
21.7959,100,100
21.7957,100,100
21.7955,100,100
21.7953,100,100
21.7951,100,100
21.795,100,100
21.7948,100,100
21.7946,100,100
21.7944,100,100
21.7942,100,100
21.794,100,100
21.7938,100,100
21.7936,100,100
21.7934,100,100
21.7932,100,100
21.793,100,100
21.7928,100,100
21.7927,100,100
21.7925,100,100
21.7923,100,100
21.7921,100,100
21.7919,100,100
21.7917,100,100
21.7915,100,100
21.7913,100,100
21.7911,100,100
21.7909,100,100
21.7907,100,100
21.7905,100,100
21.7903,100,100
21.7902,100,100
21.79,100,100
21.7898,100,100
21.7896,100,100
21.7894,100,100
21.7892,100,100
21.789,100,100
21.7888,100,100
21.7886,100,100
21.7884,100,100
21.7882,100,100
21.788,100,100
21.7879,100,100
21.7877,100,100
21.7875,100,100
21.7873,100,100
21.7871,100,100
21.7869,100,100
21.7867,100,100
21.7865,100,100
21.7863,100,100
21.7861,100,100
21.7859,100,100
21.7857,100,100
21.7856,100,100
21.7854,100,100
21.7852,100,100
21.785,100,100
21.7848,100,100
21.7846,100,100
21.7844,100,100
21.7842,100,100
21.784,100,100
21.7838,100,100
21.7836,100,100
21.7834,100,100
21.7832,100,100
21.7831,100,100
21.7829,100,100
21.7827,100,100
21.7825,100,100
21.7823,100,100
21.7821,100,100
21.7819,100,100
21.7817,100,100
21.7815,100,100
21.7813,100,100
21.7811,100,100
21.7809,100,100
21.7808,100,100
21.7806,100,100
21.7804,100,100
21.7802,100,100
21.78,100,100
21.7798,100,100
21.7796,100,100
21.7794,100,100
21.7792,100,100
21.779,100,100
21.7788,100,100
21.7786,100,100
21.7785,100,100
21.7783,100,100
21.7781,100,100
21.7779,100,100
21.7777,100,100
21.7775,100,100
21.7773,100,100
21.7771,100,100
21.7769,100,100
21.7767,100,100
21.7765,100,100
21.7763,100,100
21.7761,100,100
21.776,100,100
21.7758,100,100
21.7756,100,100
21.7754,100,100
21.7752,100,100
21.775,100,100
21.7748,100,100
21.7746,100,100
21.7744,100,100
21.7742,100,100
21.774,100,100
21.7738,100,100
21.7737,100,100
21.7735,100,100
21.7733,100,100
21.7731,100,100
21.7729,100,100
21.7727,100,100
21.7725,100,100
21.7723,100,100
21.7721,100,100
21.7719,100,100
21.7717,100,100
21.7715,100,100
21.7714,100,100
21.7712,100,100
21.771,100,100
21.7708,100,100
21.7706,100,100
21.7704,100,100
21.7702,100,100
21.77,100,100
21.7698,100,100
21.7696,100,100
21.7694,100,100
21.7692,100,100
21.769,100,100
21.7689,100,100
21.7687,100,100
21.7685,100,100
21.7683,100,100
21.7681,100,100
21.7679,100,100
21.7677,100,100
21.7675,100,100
21.7673,100,100
21.7671,100,100
21.7669,100,100
21.7667,100,100
21.7666,100,100
21.7664,100,100
21.7662,100,100
21.766,100,100
21.7658,100,100
21.7656,100,100
21.7654,100,100
21.7652,100,100
21.765,100,100
21.7648,100,100
21.7646,100,100
21.7644,100,100
21.7643,100,100
21.7641,100,100
21.7639,100,100
21.7637,100,100
21.7635,100,100
21.7633,100,100
21.7631,100,100
21.7629,100,100
21.7627,100,100
21.7625,100,100
21.7623,100,100
21.7621,100,100
21.7619,100,100
21.7618,100,100
21.7616,100,100
21.7614,100,100
21.7612,100,100
21.761,100,100
21.7608,100,100
21.7606,100,100
21.7604,100,100
21.7602,100,100
21.76,100,100
21.7598,100,100
21.7596,100,100
21.7595,100,100
21.7593,100,100
21.7591,100,100
21.7589,100,100
21.7587,100,100
21.7585,100,100
21.7583,100,100
21.7581,100,100
21.7579,100,100
21.7577,100,100
21.7575,100,100
21.7573,100,100
21.7572,100,100
21.757,100,100
21.7568,100,100
21.7566,100,100
21.7564,100,100
21.7562,100,100
21.756,100,100
21.7558,100,100
21.7556,100,100
21.7554,100,100
21.7552,100,100
21.755,100,100
21.7548,100,100
21.7546,100,100
21.7545,100,100
21.7543,100,100
21.7541,100,100
21.7539,100,100
21.7537,100,100
21.7535,100,100
21.7533,100,100
21.7531,100,100
21.7529,100,100
21.7527,100,100
21.7525,100,100
21.7523,100,100
21.7521,100,100
21.7519,100,100
21.7517,100,100
21.7515,100,100
21.7513,100,100
21.7511,100,100
21.7509,100,100
21.7507,100,100
21.7505,100,100
21.7503,100,100
21.7501,100,100
21.7499,100,100
21.7497,100,100
21.7495,100,100
21.7493,100,100
21.7492,100,100
21.749,100,100
21.7488,100,100
21.7486,100,100
21.7484,100,100
21.7482,100,100
21.748,100,100
21.7478,100,100
21.7476,100,100
21.7474,100,100
21.7472,100,100
21.747,100,100
21.7468,100,100
21.7466,100,100
21.7464,100,100
21.7462,100,100
21.746,100,100
21.7458,100,100
21.7456,100,100
21.7454,100,100
21.7452,100,100
21.745,100,100
21.7448,100,100
21.7446,100,100
21.7444,100,100
21.7442,100,100
21.744,100,100
21.7438,100,100
21.7437,100,100
21.7435,100,100
21.7433,100,100
21.7431,100,100
21.7429,100,100
21.7427,100,100
21.7425,100,100
21.7423,100,100
21.7421,100,100
21.7419,100,100
21.7417,100,100
21.7415,100,100
21.7413,100,100
21.7411,100,100
21.7409,100,100
21.7407,100,100
21.7405,100,100
21.7403,100,100
21.7401,100,100
21.7399,100,100
21.7397,100,100
21.7395,100,100
21.7393,100,100
21.7391,100,100
21.7389,100,100
21.7387,100,100
21.7385,100,100
21.7384,100,100
21.7382,100,100
21.738,100,100
21.7378,100,100
21.7376,100,100
21.7374,100,100
21.7372,100,100
21.737,100,100
21.7368,100,100
21.7366,100,100
21.7364,100,100
21.7362,100,100
21.736,100,100
21.7358,100,100
21.7356,100,100
21.7354,100,100
21.7352,100,100
21.735,100,100
21.7348,100,100
21.7346,100,100
21.7344,100,100
21.7342,100,100
21.734,100,100
21.7338,100,100
21.7336,100,100
21.7334,100,100
21.7332,100,100
21.733,100,100
21.7328,100,100
21.7326,100,100
21.7324,100,100
21.7323,100,100
21.7321,100,100
21.7319,100,100
21.7317,100,100
21.7315,100,100
21.7313,100,100
21.7311,100,100
21.7309,100,100
21.7307,100,100
21.7305,100,100
21.7303,100,100
21.7301,100,100
21.7299,100,100
21.7297,100,100
21.7295,100,100
21.7293,100,100
21.7291,100,100
21.7289,100,100
21.7287,100,100
21.7285,100,100
21.7283,100,100
21.7281,100,100
21.7279,100,100
21.7277,100,100
21.7275,100,100
21.7273,100,100
21.7271,100,100
21.7269,100,100
21.7267,100,100
21.7265,100,100
21.7263,100,100
21.7261,100,100
21.7259,100,100
21.7258,100,100
21.7256,100,100
21.7254,100,100
21.7252,100,100
21.725,100,100
21.7248,100,100
21.7246,100,100
21.7244,100,100
21.7242,100,100
21.724,100,100
21.7238,100,100
21.7236,100,100
21.7234,100,100
21.7232,100,100
21.723,100,100
21.7228,100,100
21.7226,100,100
21.7224,100,100
21.7222,100,100
21.722,100,100
21.7218,100,100
21.7216,100,100
21.7214,100,100
21.7212,100,100
21.721,100,100
21.7208,100,100
21.7206,100,100
21.7204,100,100
21.7202,100,100
21.72,100,100
21.7198,100,100
21.7196,100,100
21.7194,100,100
21.7192,100,100
21.7191,100,100
21.7189,100,100
21.7187,100,100
21.7185,100,100
21.7183,100,100
21.7181,100,100
21.7179,100,100
21.7177,100,100
21.7175,100,100
21.7173,100,100
21.7171,100,100
21.7169,100,100
21.7167,100,100
21.7165,100,100
21.7163,100,100
21.7161,100,100
21.7159,100,100
21.7157,100,100
21.7155,100,100
21.7153,100,100
21.7151,100,100
21.7149,100,100
21.7147,100,100
21.7145,100,100
21.7143,100,100
21.7141,100,100
21.7139,100,100
21.7137,100,100
21.7135,100,100
21.7133,100,100
21.7131,100,100
21.7129,100,100
21.7127,100,100
21.7125,100,100
21.7124,100,100
21.7122,100,100
21.712,100,100
21.7118,100,100
21.7116,100,100
21.7114,100,100
21.7112,100,100
21.711,100,100
21.7108,100,100
21.7106,100,100
21.7104,100,100
21.7102,100,100
21.71,100,100
21.7098,100,100
21.7096,100,100
21.7094,100,100
21.7092,100,100
21.709,100,100
21.7088,100,100
21.7086,100,100
21.7084,100,100
21.7082,100,100
21.708,100,100
21.7078,100,100
21.7076,100,100
21.7074,100,100
21.7072,100,100
21.707,100,100
21.7068,100,100
21.7066,100,100
21.7064,100,100
21.7062,100,100
21.706,100,100
21.7059,100,100
21.7057,100,100
21.7055,100,100
21.7053,100,100
21.7051,100,100
21.7049,100,100
21.7047,100,100
21.7045,100,100
21.7043,100,100
21.7041,100,100
21.7039,100,100
21.7037,100,100
21.7035,100,100
21.7033,100,100
21.7031,100,100
21.7029,100,100
21.7027,100,100
21.7025,100,100
21.7023,100,100
21.7021,100,100
21.7019,100,100
21.7017,100,100
21.7015,100,100
21.7013,100,100
21.7011,100,100
21.7009,100,100
21.7007,100,100
21.7005,100,100
21.7003,100,100
21.7001,100,100
21.6999,100,100
21.6997,100,100
21.6995,100,100
21.6993,100,100
21.6992,100,100
21.699,100,100
21.6988,100,100
21.6986,100,100
21.6984,100,100
21.6982,100,100
21.698,100,100
21.6978,100,100
21.6976,100,100
21.6974,100,100
21.6972,100,100
21.697,100,100
21.6968,100,100
21.6966,100,100
21.6964,100,100
21.6962,100,100
21.696,100,100
21.6958,100,100
21.6956,100,100
21.6954,100,100
21.6952,100,100
21.695,100,100
21.6948,100,100
21.6946,100,100
21.6944,100,100
21.6942,100,100
21.694,100,100
21.6938,100,100
21.6936,100,100
21.6934,100,100
21.6932,100,100
21.693,100,100
21.6928,100,100
21.6927,100,100
21.6925,100,100
21.6923,100,100
21.6921,100,100
21.6919,100,100
21.6917,100,100
21.6915,100,100
21.6913,100,100
21.6911,100,100
21.6909,100,100
21.6907,100,100
21.6905,100,100
21.6903,100,100
21.6901,100,100
21.6899,100,100
21.6897,100,100
21.6895,100,100
21.6893,100,100
21.6891,100,100
21.6889,100,100
21.6887,100,100
21.6885,100,100
21.6883,100,100
21.6881,100,100
21.6879,100,100
21.6877,100,100
21.6875,100,100
21.6873,100,100
21.6871,100,100
21.6869,100,100
21.6867,100,100
21.6866,100,100
21.6864,100,100
21.6862,100,100
21.686,100,100
21.6858,100,100
21.6856,100,100
21.6854,100,100
21.6852,100,100
21.685,100,100
21.6848,100,100
21.6846,100,100
21.6844,100,100
21.6842,100,100
21.684,100,100
21.6838,100,100
21.6836,100,100
21.6834,100,100
21.6832,100,100
21.683,100,100
21.6828,100,100
21.6826,100,100
21.6824,100,100
21.6822,100,100
21.682,100,100
21.6818,100,100
21.6816,100,100
21.6814,100,100
21.6812,100,100
21.681,100,100
21.6808,100,100
21.6806,100,100
21.6804,100,100
21.6803,100,100
21.6801,100,100
21.6799,100,100
21.6797,100,100
21.6795,100,100
21.6793,100,100
21.6791,100,100
21.6789,100,100
21.6787,100,100
21.6785,100,100
21.6783,100,100
21.6781,100,100
21.6779,100,100
21.6777,100,100
21.6775,100,100
21.6773,100,100
21.6771,100,100
21.6769,100,100
21.6767,100,100
21.6765,100,100
21.6763,100,100
21.6761,100,100
21.6759,100,100
21.6757,100,100
21.6755,100,100
21.6753,100,100
21.6751,100,100
21.675,100,100
21.6748,100,100
21.6746,100,100
21.6744,100,100
21.6742,100,100
21.674,100,100
21.6738,100,100
21.6736,100,100
21.6734,100,100
21.6732,100,100
21.673,100,100
21.6728,100,100
21.6726,100,100
21.6724,100,100
21.6722,100,100
21.672,100,100
21.6718,100,100
21.6716,100,100
21.6715,100,100
21.6713,100,100
21.6711,100,100
21.6709,100,100
21.6707,100,100
21.6705,100,100
21.6703,100,100
21.6701,100,100
21.6699,100,100
21.6697,100,100
21.6695,100,100
21.6693,100,100
21.6691,100,100
21.6689,100,100
21.6687,100,100
21.6685,100,100
21.6683,100,100
21.6681,100,100
21.6679,100,100
21.6678,100,100
21.6676,100,100
21.6674,100,100
21.6672,100,100
21.667,100,100
21.6668,100,100
21.6666,100,100
21.6664,100,100
21.6662,100,100
21.666,100,100
21.6658,100,100
21.6656,100,100
21.6654,100,100
21.6652,100,100
21.665,100,100
21.6648,100,100
21.6646,100,100
21.6644,100,100
21.6643,100,100
21.6641,100,100
21.6639,100,100
21.6637,100,100
21.6635,100,100
21.6633,100,100
21.6631,100,100
21.6629,100,100
21.6627,100,100
21.6625,100,100
21.6623,100,100
21.6621,100,100
21.6619,100,100
21.6617,100,100
21.6615,100,100
21.6613,100,100
21.6611,100,100
21.6609,100,100
21.6607,100,100
21.6606,100,100
21.6604,100,100
21.6602,100,100
21.66,100,100
21.6598,100,100
21.6596,100,100
21.6594,100,100
21.6592,100,100
21.659,100,100
21.6588,100,100
21.6586,100,100
21.6584,100,100
21.6582,100,100
21.658,100,100
21.6578,100,100
21.6576,100,100
21.6574,100,100
21.6572,100,100
21.6571,100,100
21.6569,100,100
21.6567,100,100
21.6565,100,100
21.6563,100,100
21.6561,100,100
21.6559,100,100
21.6557,100,100
21.6555,100,100
21.6553,100,100
21.6551,100,100
21.6549,100,100
21.6547,100,100
21.6545,100,100
21.6543,100,100
21.6542,100,100
21.654,100,100
21.6538,100,100
21.6536,100,100
21.6534,100,100
21.6532,100,100
21.653,100,100
21.6528,100,100
21.6526,100,100
21.6524,100,100
21.6522,100,100
21.652,100,100
21.6518,100,100
21.6516,100,100
21.6514,100,100
21.6513,100,100
21.6511,100,100
21.6509,100,100
21.6507,100,100
21.6505,100,100
21.6503,100,100
21.6501,100,100
21.6499,100,100
21.6497,100,100
21.6495,100,100
21.6493,100,100
21.6491,100,100
21.6489,100,100
21.6487,100,100
21.6485,100,100
21.6484,100,100
21.6482,100,100
21.648,100,100
21.6478,100,100
21.6476,100,100
21.6474,100,100
21.6472,100,100
21.647,100,100
21.6468,100,100
21.6466,100,100
21.6464,100,100
21.6462,100,100
21.646,100,100
21.6458,100,100
21.6456,100,100
21.6455,100,100
21.6453,100,100
21.6451,100,100
21.6449,100,100
21.6447,100,100
21.6445,100,100
21.6443,100,100
21.6441,100,100
21.6439,100,100
21.6437,100,100
21.6435,100,100
21.6433,100,100
21.6431,100,100
21.6429,100,100
21.6428,100,100
21.6426,100,100
21.6424,100,100
21.6422,100,100
21.642,100,100
21.6418,100,100
21.6416,100,100
21.6414,100,100
21.6412,100,100
21.641,100,100
21.6408,100,100
21.6406,100,100
21.6404,100,100
21.6402,100,100
21.64,100,100
21.6399,100,100
21.6397,100,100
21.6395,100,100
21.6393,100,100
21.6391,100,100
21.6389,100,100
21.6387,100,100
21.6385,100,100
21.6383,100,100
21.6381,100,100
21.6379,100,100
21.6377,100,100
21.6375,100,100
21.6373,100,100
21.6371,100,100
21.637,100,100
21.6368,100,100
21.6366,100,100
21.6364,100,100
21.6362,100,100
21.636,100,100
21.6358,100,100
21.6356,100,100
21.6354,100,100
21.6352,100,100
21.635,100,100
21.6348,100,100
21.6347,100,100
21.6345,100,100
21.6343,100,100
21.6341,100,100
21.6339,100,100
21.6337,100,100
21.6335,100,100
21.6333,100,100
21.6331,100,100
21.6329,100,100
21.6327,100,100
21.6325,100,100
21.6324,100,100
21.6322,100,100
21.632,100,100
21.6318,100,100
21.6316,100,100
21.6314,100,100
21.6312,100,100
21.631,100,100
21.6308,100,100
21.6306,100,100
21.6304,100,100
21.6302,100,100
21.63,100,100
21.6299,100,100
21.6297,100,100
21.6295,100,100
21.6293,100,100
21.6291,100,100
21.6289,100,100
21.6287,100,100
21.6285,100,100
21.6283,100,100
21.6281,100,100
21.6279,100,100
21.6277,100,100
21.6276,100,100
21.6274,100,100
21.6272,100,100
21.627,100,100
21.6268,100,100
21.6266,100,100
21.6264,100,100
21.6262,100,100
21.626,100,100
21.6258,100,100
21.6256,100,100
21.6254,100,100
21.6253,100,100
21.6251,100,100
21.6249,100,100
21.6247,100,100
21.6245,100,100
21.6243,100,100
21.6241,100,100
21.6239,100,100
21.6237,100,100
21.6235,100,100
21.6233,100,100
21.6231,100,100
21.6229,100,100
21.6228,100,100
21.6226,100,100
21.6224,100,100
21.6222,100,100
21.622,100,100
21.6218,100,100
21.6216,100,100
21.6214,100,100
21.6212,100,100
21.621,100,100
21.6208,100,100
21.6206,100,100
21.6205,100,100
21.6203,100,100
21.6201,100,100
21.6199,100,100
21.6197,100,100
21.6195,100,100
21.6193,100,100
21.6191,100,100
21.6189,100,100
21.6187,100,100
21.6185,100,100
21.6183,100,100
21.6182,100,100
21.618,100,100
21.6178,100,100
21.6176,100,100
21.6174,100,100
21.6172,100,100
21.617,100,100
21.6168,100,100
21.6166,100,100
21.6164,100,100
21.6162,100,100
21.616,100,100
21.6158,100,100
21.6157,100,100
21.6155,100,100
21.6153,100,100
21.6151,100,100
21.6149,100,100
21.6147,100,100
21.6145,100,100
21.6143,100,100
21.6141,100,100
21.6139,100,100
21.6137,100,100
21.6135,100,100
21.6134,100,100
21.6132,100,100
21.613,100,100
21.6128,100,100
21.6126,100,100
21.6124,100,100
21.6122,100,100
21.612,100,100
21.6118,100,100
21.6116,100,100
21.6114,100,100
21.6112,100,100
21.6111,100,100
21.6109,100,100
21.6107,100,100
21.6105,100,100
21.6103,100,100
21.6101,100,100
21.6099,100,100
21.6097,100,100
21.6095,100,100
21.6093,100,100
21.6091,100,100
21.6089,100,100
21.6087,100,100
21.6086,100,100
21.6084,100,100
21.6082,100,100
21.608,100,100
21.6078,100,100
21.6076,100,100
21.6074,100,100
21.6072,100,100
21.607,100,100
21.6068,100,100
21.6066,100,100
21.6064,100,100
21.6063,100,100
21.6061,100,100
21.6059,100,100
21.6057,100,100
21.6055,100,100
21.6053,100,100
21.6051,100,100
21.6049,100,100
21.6047,100,100
21.6045,100,100
21.6043,100,100
21.6041,100,100
21.604,100,100
21.6038,100,100
21.6036,100,100
21.6034,100,100
21.6032,100,100
21.603,100,100
21.6028,100,100
21.6026,100,100
21.6024,100,100
21.6022,100,100
21.602,100,100
21.6018,100,100
21.6016,100,100
21.6015,100,100
21.6013,100,100
21.6011,100,100
21.6009,100,100
21.6007,100,100
21.6005,100,100
21.6003,100,100
21.6001,100,100
21.5999,100,100
21.5997,100,100
21.5995,100,100
21.5993,100,100
21.5992,100,100
21.599,100,100
21.5988,100,100
21.5986,100,100
21.5984,100,100
21.5982,100,100
21.598,100,100
21.5978,100,100
21.5976,100,100
21.5974,100,100
21.5972,100,100
21.597,100,100
21.5969,100,100
21.5967,100,100
21.5965,100,100
21.5963,100,100
21.5961,100,100
21.5959,100,100
21.5957,100,100
21.5955,100,100
21.5953,100,100
21.5951,100,100
21.5949,100,100
21.5947,100,100
21.5945,100,100
21.5944,100,100
21.5942,100,100
21.594,100,100
21.5938,100,100
21.5936,100,100
21.5934,100,100
21.5932,100,100
21.593,100,100
21.5928,100,100
21.5926,100,100
21.5924,100,100
21.5922,100,100
21.5921,100,100
21.5919,100,100
21.5917,100,100
21.5915,100,100
21.5913,100,100
21.5911,100,100
21.5909,100,100
21.5907,100,100
21.5905,100,100
21.5903,100,100
21.5901,100,100
21.5899,100,100
21.5898,100,100
21.5896,100,100
21.5894,100,100
21.5892,100,100
21.589,100,100
21.5888,100,100
21.5886,100,100
21.5884,100,100
21.5882,100,100
21.588,100,100
21.5878,100,100
21.5876,100,100
21.5874,100,100
21.5873,100,100
21.5871,100,100
21.5869,100,100
21.5867,100,100
21.5865,100,100
21.5863,100,100
21.5861,100,100
21.5859,100,100
21.5857,100,100
21.5855,100,100
21.5853,100,100
21.5851,100,100
21.585,100,100
21.5848,100,100
21.5846,100,100
21.5844,100,100
21.5842,100,100
21.584,100,100
21.5838,100,100
21.5836,100,100
21.5834,100,100
21.5832,100,100
21.583,100,100
21.5828,100,100
21.5827,100,100
21.5825,100,100
21.5823,100,100
21.5821,100,100
21.5819,100,100
21.5817,100,100
21.5815,100,100
21.5813,100,100
21.5811,100,100
21.5809,100,100
21.5807,100,100
21.5805,100,100
21.5803,100,100
21.5802,100,100
21.58,100,100
21.5798,100,100
21.5796,100,100
21.5794,100,100
21.5792,100,100
21.579,100,100
21.5788,100,100
21.5786,100,100
21.5784,100,100
21.5782,100,100
21.578,100,100
21.5779,100,100
21.5777,100,100
21.5775,100,100
21.5773,100,100
21.5771,100,100
21.5769,100,100
21.5767,100,100
21.5765,100,100
21.5763,100,100
21.5761,100,100
21.5759,100,100
21.5757,100,100
21.5756,100,100
21.5754,100,100
21.5752,100,100
21.575,100,100
21.5748,100,100
21.5746,100,100
21.5744,100,100
21.5742,100,100
21.574,100,100
21.5738,100,100
21.5736,100,100
21.5734,100,100
21.5732,100,100
21.5731,100,100
21.5729,100,100
21.5727,100,100
21.5725,100,100
21.5723,100,100
21.5721,100,100
21.5719,100,100
21.5717,100,100
21.5715,100,100
21.5713,100,100
21.5711,100,100
21.5709,100,100
21.5708,100,100
21.5706,100,100
21.5704,100,100
21.5702,100,100
21.57,100,100
21.5698,100,100
21.5696,100,100
21.5694,100,100
21.5692,100,100
21.569,100,100
21.5688,100,100
21.5686,100,100
21.5684,100,100
21.5683,100,100
21.5681,100,100
21.5679,100,100
21.5677,100,100
21.5675,100,100
21.5673,100,100
21.5671,100,100
21.5669,100,100
21.5667,100,100
21.5665,100,100
21.5663,100,100
21.5661,100,100
21.566,100,100
21.5658,100,100
21.5656,100,100
21.5654,100,100
21.5652,100,100
21.565,100,100
21.5648,100,100
21.5646,100,100
21.5644,100,100
21.5642,100,100
21.564,100,100
21.5638,100,100
21.5637,100,100
21.5635,100,100
21.5633,100,100
21.5631,100,100
21.5629,100,100
21.5627,100,100
21.5625,100,100
21.5623,100,100
21.5621,100,100
21.5619,100,100
21.5617,100,100
21.5615,100,100
21.5613,100,100
21.5612,100,100
21.561,100,100
21.5608,100,100
21.5606,100,100
21.5604,100,100
21.5602,100,100
21.56,100,100
21.5598,100,100
21.5596,100,100
21.5594,100,100
21.5592,100,100
21.559,100,100
21.5588,100,100
21.5587,100,100
21.5585,100,100
21.5583,100,100
21.5581,100,100
21.5579,100,100
21.5577,100,100
21.5575,100,100
21.5573,100,100
21.5571,100,100
21.5569,100,100
21.5567,100,100
21.5565,100,100
21.5563,100,100
21.5561,100,100
21.556,100,100
21.5558,100,100
21.5556,100,100
21.5554,100,100
21.5552,100,100
21.555,100,100
21.5548,100,100
21.5546,100,100
21.5544,100,100
21.5542,100,100
21.554,100,100
21.5538,100,100
21.5536,100,100
21.5534,100,100
21.5533,100,100
21.5531,100,100
21.5529,100,100
21.5527,100,100
21.5525,100,100
21.5523,100,100
21.5521,100,100
21.5519,100,100
21.5517,100,100
21.5515,100,100
21.5513,100,100
21.5511,100,100
21.5509,100,100
21.5507,100,100
21.5506,100,100
21.5504,100,100
21.5502,100,100
21.55,100,100
21.5498,100,100
21.5496,100,100
21.5494,100,100
21.5492,100,100
21.549,100,100
21.5488,100,100
21.5486,100,100
21.5484,100,100
21.5482,100,100
21.548,100,100
21.5479,100,100
21.5477,100,100
21.5475,100,100
21.5473,100,100
21.5471,100,100
21.5469,100,100
21.5467,100,100
21.5465,100,100
21.5463,100,100
21.5461,100,100
21.5459,100,100
21.5457,100,100
21.5455,100,100
21.5453,100,100
21.5452,100,100
21.545,100,100
21.5448,100,100
21.5446,100,100
21.5444,100,100
21.5442,100,100
21.544,100,100
21.5438,100,100
21.5436,100,100
21.5434,100,100
21.5432,100,100
21.543,100,100
21.5428,100,100
21.5427,100,100
21.5425,100,100
21.5423,100,100
21.5421,100,100
21.5419,100,100
21.5417,100,100
21.5415,100,100
21.5413,100,100
21.5411,100,100
21.5409,100,100
21.5407,100,100
21.5404,100,100
21.5402,100,100
21.54,100,100
21.5398,100,100
21.5396,100,100
21.5394,100,100
21.5392,100,100
21.539,100,100
21.5388,100,100
21.5385,100,100
21.5383,100,100
21.5381,100,100
21.5379,100,100
21.5377,100,100
21.5375,100,100
21.5373,100,100
21.5371,100,100
21.5369,100,100
21.5366,100,100
21.5364,100,100
21.5362,100,100
21.536,100,100
21.5358,100,100
21.5356,100,100
21.5354,100,100
21.5352,100,100
21.535,100,100
21.5348,100,100
21.5345,100,100
21.5343,100,100
21.5341,100,100
21.5339,100,100
21.5337,100,100
21.5335,100,100
21.5333,100,100
21.5331,100,100
21.5329,100,100
21.5326,100,100
21.5324,100,100
21.5322,100,100
21.532,100,100
21.5318,100,100
21.5316,100,100
21.5314,100,100
21.5312,100,100
21.531,100,100
21.5307,100,100
21.5305,100,100
21.5303,100,100
21.5301,100,100
21.5299,100,100
21.5297,100,100
21.5295,100,100
21.5293,100,100
21.5291,100,100
21.5289,100,100
21.5286,100,100
21.5284,100,100
21.5282,100,100
21.528,100,100
21.5278,100,100
21.5276,100,100
21.5274,100,100
21.5272,100,100
21.527,100,100
21.5267,100,100
21.5265,100,100
21.5263,100,100
21.5261,100,100
21.5259,100,100
21.5257,100,100
21.5255,100,100
21.5253,100,100
21.5251,100,100
21.5248,100,100
21.5246,100,100
21.5244,100,100
21.5242,100,100
21.524,100,100
21.5238,100,100
21.5236,100,100
21.5234,100,100
21.5232,100,100
21.523,100,100
21.5227,100,100
21.5225,100,100
21.5223,100,100
21.5221,100,100
21.5219,100,100
21.5217,100,100
21.5215,100,100
21.5213,100,100
21.5211,100,100
21.5208,100,100
21.5206,100,100
21.5204,100,100
21.5202,100,100
21.5199,100,100
21.5196,100,100
21.5194,100,100
21.5191,100,100
21.5189,100,100
21.5186,100,100
21.5183,100,100
21.5181,100,100
21.5178,100,100
21.5176,100,100
21.5173,100,100
21.517,100,100
21.5168,100,100
21.5165,100,100
21.5163,100,100
21.516,100,100
21.5157,100,100
21.5155,100,100
21.5152,100,100
21.5149,100,100
21.5147,100,100
21.5144,100,100
21.5142,100,100
21.5139,100,100
21.5136,100,100
21.5134,100,100
21.5131,100,100
21.5129,100,100
21.5126,100,100
21.5123,100,100
21.5121,100,100
21.5118,100,100
21.5116,100,100
21.5113,100,100
21.511,100,100
21.5108,100,100
21.5105,100,100
21.5102,100,100
21.51,100,100
21.5097,100,100
21.5095,100,100
21.5092,100,100
21.5089,100,100
21.5087,100,100
21.5084,100,100
21.5082,100,100
21.5079,100,100
21.5076,100,100
21.5074,100,100
21.5071,100,100
21.5068,100,100
21.5066,100,100
21.5063,100,100
21.5061,100,100
21.5058,100,100
21.5055,100,100
21.5053,100,100
21.505,100,100
21.5048,100,100
21.5045,100,100
21.5042,100,100
21.504,100,100
21.5037,100,100
21.5035,100,100
21.5032,100,100
21.5029,100,100
21.5027,100,100
21.5024,100,100
21.5021,100,100
21.5019,100,100
21.5016,100,100
21.5014,100,100
21.5011,100,100
21.5008,100,100
21.5006,100,100
21.5003,100,100
21.5001,100,100
21.4998,100,100
21.4995,100,100
21.4993,100,100
21.499,100,100
21.4988,100,100
21.4985,100,100
21.4982,100,100
21.498,100,100
21.4977,100,100
21.4974,100,100
21.4972,100,100
21.4969,100,100
21.4967,100,100
21.4964,100,100
21.4961,100,100
21.4959,100,100
21.4956,100,100
21.4954,100,100
21.4951,100,100
21.4948,100,100
21.4946,100,100
21.4943,100,100
21.494,100,100
21.4937,100,100
21.4934,100,100
21.4931,100,100
21.4928,100,100
21.4925,100,100
21.4922,100,100
21.4919,100,100
21.4916,100,100
21.4912,100,100
21.4909,100,100
21.4906,100,100
21.4903,100,100
21.49,100,100
21.4897,100,100
21.4894,100,100
21.4891,100,100
21.4888,100,100
21.4885,100,100
21.4882,100,100
21.4879,100,100
21.4876,100,100
21.4872,100,100
21.4869,100,100
21.4866,100,100
21.4863,100,100
21.486,100,100
21.4857,100,100
21.4854,100,100
21.4851,100,100
21.4848,100,100
21.4845,100,100
21.4842,100,100
21.4839,100,100
21.4836,100,100
21.4832,100,100
21.4829,100,100
21.4826,100,100
21.4823,100,100
21.482,100,100
21.4817,100,100
21.4814,100,100
21.4811,100,100
21.4808,100,100
21.4805,100,100
21.4802,100,100
21.4799,100,100
21.4796,100,100
21.4792,100,100
21.4789,100,100
21.4786,100,100
21.4783,100,100
21.478,100,100
21.4777,100,100
21.4774,100,100
21.4771,100,100
21.4768,100,100
21.4765,100,100
21.4762,100,100
21.4759,100,100
21.4756,100,100
21.4752,100,100
21.4749,100,100
21.4746,100,100
21.4743,100,100
21.474,100,100
21.4737,100,100
21.4734,100,100
21.4731,100,100
21.4728,100,100
21.4725,100,100
21.4722,100,100
21.4719,100,100
21.4716,100,100
21.4712,100,100
21.4709,100,100
21.4706,100,100
21.4703,100,100
21.47,100,100
21.4697,100,100
21.4694,100,100
21.4691,100,100
21.4688,100,100
21.4685,100,100
21.4682,100,100
21.4679,100,100
21.4676,100,100
21.4672,100,100
21.4669,100,100
21.4666,100,100
21.4663,100,100
21.466,100,100
21.4657,100,100
21.4654,100,100
21.4651,100,100
21.4648,100,100
21.4645,100,100
21.4642,100,100
21.4639,100,100
21.4636,100,100
21.4632,100,100
21.4629,100,100
21.4625,100,100
21.4622,100,100
21.4619,100,100
21.4615,100,100
21.4612,100,100
21.4608,100,100
21.4605,100,100
21.4601,100,100
21.4598,100,100
21.4595,100,100
21.4591,100,100
21.4588,100,100
21.4584,100,100
21.4581,100,100
21.4578,100,100
21.4574,100,100
21.4571,100,100
21.4567,100,100
21.4564,100,100
21.456,100,100
21.4557,100,100
21.4554,100,100
21.455,100,100
21.4547,100,100
21.4543,100,100
21.454,100,100
21.4537,100,100
21.4533,100,100
21.453,100,100
21.4526,100,100
21.4523,100,100
21.4519,100,100
21.4516,100,100
21.4513,100,100
21.4509,100,100
21.4506,100,100
21.4502,100,100
21.4499,100,100
21.4496,100,100
21.4492,100,100
21.4489,100,100
21.4485,100,100
21.4482,100,100
21.4478,100,100
21.4475,100,100
21.4472,100,100
21.4468,100,100
21.4465,100,100
21.4461,100,100
21.4458,100,100
21.4455,100,100
21.4451,100,100
21.4448,100,100
21.4444,100,100
21.4441,100,100
21.4438,100,100
21.4434,100,100
21.4431,100,100
21.4427,100,100
21.4424,100,100
21.442,100,100
21.4417,100,100
21.4414,100,100
21.441,100,100
21.4407,100,100
21.4403,100,100
21.44,100,100
21.4397,100,100
21.4393,100,100
21.439,100,100
21.4386,100,100
21.4383,100,100
21.4379,100,100
21.4376,100,100
21.4373,100,100
21.4369,100,100
21.4366,100,100
21.4362,100,100
21.4359,100,100
21.4356,100,100
21.4352,100,100
21.4349,100,100
21.4345,100,100
21.4342,100,100
21.4338,100,100
21.4335,100,100
21.4332,100,100
21.4328,100,100
21.4325,100,100
21.4321,100,100
21.4318,100,100
21.4315,100,100
21.4311,100,100
21.4308,100,100
21.4304,100,100
21.4301,100,100
21.4297,100,100
21.4294,100,100
21.429,100,100
21.4287,100,100
21.4283,100,100
21.4279,100,100
21.4276,100,100
21.4272,100,100
21.4268,100,100
21.4265,100,100
21.4261,100,100
21.4257,100,100
21.4254,100,100
21.425,100,100
21.4246,100,100
21.4243,100,100
21.4239,100,100
21.4235,100,100
21.4232,100,100
21.4228,100,100
21.4224,100,100
21.422,100,100
21.4217,100,100
21.4213,100,100
21.4209,100,100
21.4206,100,100
21.4202,100,100
21.4198,100,100
21.4195,100,100
21.4191,100,100
21.4187,100,100
21.4184,100,100
21.418,100,100
21.4176,100,100
21.4173,100,100
21.4169,100,100
21.4165,100,100
21.4162,100,100
21.4158,100,100
21.4154,100,100
21.4151,100,100
21.4147,100,100
21.4143,100,100
21.414,100,100
21.4136,100,100
21.4132,100,100
21.4129,100,100
21.4125,100,100
21.4121,100,100
21.4117,100,100
21.4114,100,100
21.411,100,100
21.4106,100,100
21.4103,100,100
21.4099,100,100
21.4095,100,100
21.4092,100,100
21.4088,100,100
21.4084,100,100
21.4081,100,100
21.4077,100,100
21.4073,100,100
21.407,100,100
21.4066,100,100
21.4062,100,100
21.4059,100,100
21.4055,100,100
21.4051,100,100
21.4048,100,100
21.4044,100,100
21.404,100,100
21.4037,100,100
21.4033,100,100
21.4029,100,100
21.4025,100,100
21.4022,100,100
21.4018,100,100
21.4014,100,100
21.4011,100,100
21.4007,100,100
21.4003,100,100
21.4,100,100
21.3996,100,100
21.3992,100,100
21.3989,100,100
21.3985,100,100
21.3981,100,100
21.3978,100,100
21.3974,100,100
21.397,100,100
21.3967,100,100
21.3963,100,100
21.3959,100,100
21.3956,100,100
21.3952,100,100
21.3948,100,100
21.3945,100,100
21.3941,100,100
21.3937,100,100
21.3933,100,100
21.393,100,100
21.3926,100,100
21.3922,100,100
21.3918,100,100
21.3914,100,100
21.3911,100,100
21.3907,100,100
21.3903,100,100
21.3899,100,100
21.3895,100,100
21.3891,100,100
21.3887,100,100
21.3883,100,100
21.3879,100,100
21.3876,100,100
21.3872,100,100
21.3868,100,100
21.3864,100,100
21.386,100,100
21.3856,100,100
21.3852,100,100
21.3848,100,100
21.3844,100,100
21.3841,100,100
21.3837,100,100
21.3833,100,100
21.3829,100,100
21.3825,100,100
21.3821,100,100
21.3817,100,100
21.3813,100,100
21.3809,100,100
21.3806,100,100
21.3802,100,100
21.3798,100,100
21.3794,100,100
21.379,100,100
21.3786,100,100
21.3782,100,100
21.3778,100,100
21.3774,100,100
21.3771,100,100
21.3767,100,100
21.3763,100,100
21.3759,100,100
21.3755,100,100
21.3751,100,100
21.3747,100,100
21.3743,100,100
21.3739,100,100
21.3736,100,100
21.3732,100,100
21.3728,100,100
21.3724,100,100
21.372,100,100
21.3716,100,100
21.3712,100,100
21.3708,100,100
21.3704,100,100
21.3701,100,100
21.3697,100,100
21.3693,100,100
21.3689,100,100
21.3685,100,100
21.3681,100,100
21.3677,100,100
21.3673,100,100
21.3669,100,100
21.3666,100,100
21.3662,100,100
21.3658,100,100
21.3654,100,100
21.365,100,100
21.3646,100,100
21.3642,100,100
21.3638,100,100
21.3634,100,100
21.3631,100,100
21.3627,100,100
21.3623,100,100
21.3619,100,100
21.3615,100,100
21.3611,100,100
21.3607,100,100
21.3603,100,100
21.3599,100,100
21.3596,100,100
21.3592,100,100
21.3588,100,100
21.3584,100,100
21.358,100,100
21.3576,100,100
21.3572,100,100
21.3568,100,100
21.3564,100,100
21.3561,100,100
21.3557,100,100
21.3553,100,100
21.3549,100,100
21.3545,100,100
21.3541,100,100
21.3537,100,100
21.3533,100,100
21.3529,100,100
21.3525,100,100
21.3521,100,100
21.3517,100,100
21.3513,100,100
21.3509,100,100
21.3505,100,100
21.3501,100,100
21.3497,100,100
21.3493,100,100
21.3488,100,100
21.3484,100,100
21.348,100,100
21.3476,100,100
21.3472,100,100
21.3468,100,100
21.3464,100,100
21.346,100,100
21.3456,100,100
21.3452,100,100
21.3448,100,100
21.3444,100,100
21.344,100,100
21.3436,100,100
21.3432,100,100
21.3428,100,100
21.3423,100,100
21.3419,100,100
21.3415,100,100
21.3411,100,100
21.3407,100,100
21.3403,100,100
21.3399,100,100
21.3395,100,100
21.3391,100,100
21.3387,100,100
21.3383,100,100
21.3379,100,100
21.3375,100,100
21.3371,100,100
21.3367,100,100
21.3363,100,100
21.3358,100,100
21.3354,100,100
21.335,100,100
21.3346,100,100
21.3342,100,100
21.3338,100,100
21.3334,100,100
21.333,100,100
21.3326,100,100
21.3322,100,100
21.3318,100,100
21.3314,100,100
21.331,100,100
21.3306,100,100
21.3302,100,100
21.3297,100,100
21.3293,100,100
21.3289,100,100
21.3285,100,100
21.3281,100,100
21.3277,100,100
21.3273,100,100
21.3269,100,100
21.3265,100,100
21.3261,100,100
21.3257,100,100
21.3253,100,100
21.3249,100,100
21.3245,100,100
21.3241,100,100
21.3237,100,100
21.3232,100,100
21.3228,100,100
21.3224,100,100
21.322,100,100
21.3216,100,100
21.3212,100,100
21.3208,100,100
21.3204,100,100
21.32,100,100
21.3196,100,100
21.3192,100,100
21.3188,100,100
21.3184,100,100
21.318,100,100
21.3176,100,100
21.3172,100,100
21.3167,100,100
21.3163,100,100
21.3159,100,100
21.3155,100,100
21.3151,100,100
21.3147,100,100
21.3143,100,100
21.3139,100,100
21.3135,100,100
21.3131,100,100
21.3127,100,100
21.3123,100,100
21.3118,100,100
21.3114,100,100
21.311,100,100
21.3106,100,100
21.3101,100,100
21.3097,100,100
21.3093,100,100
21.3089,100,100
21.3085,100,100
21.308,100,100
21.3076,100,100
21.3072,100,100
21.3068,100,100
21.3063,100,100
21.3059,100,100
21.3055,100,100
21.3051,100,100
21.3047,100,100
21.3042,100,100
21.3038,100,100
21.3034,100,100
21.303,100,100
21.3026,100,100
21.3021,100,100
21.3017,100,100
21.3013,100,100
21.3009,100,100
21.3004,100,100
21.3,100,100
21.2996,100,100
21.2992,100,100
21.2988,100,100
21.2983,100,100
21.2979,100,100
21.2975,100,100
21.2971,100,100
21.2967,100,100
21.2962,100,100
21.2958,100,100
21.2954,100,100
21.295,100,100
21.2945,100,100
21.2941,100,100
21.2937,100,100
21.2933,100,100
21.2929,100,100
21.2924,100,100
21.292,100,100
21.2916,100,100
21.2912,100,100
21.2907,100,100
21.2903,100,100
21.2899,100,100
21.2895,100,100
21.2891,100,100
21.2886,100,100
21.2882,100,100
21.2878,100,100
21.2874,100,100
21.287,100,100
21.2865,100,100
21.2861,100,100
21.2857,100,100
21.2853,100,100
21.2848,100,100
21.2844,100,100
21.284,100,100
21.2836,100,100
21.2832,100,100
21.2827,100,100
21.2823,100,100
21.2819,100,100
21.2815,100,100
21.2811,100,100
21.2806,100,100
21.2802,100,100
21.2798,100,100
21.2794,100,100
21.2789,100,100
21.2785,100,100
21.2781,100,100
21.2777,100,100
21.2773,100,100
21.2768,100,100
21.2764,100,100
21.276,100,100
21.2756,100,100
21.2751,100,100
21.2747,100,100
21.2743,100,100
21.2739,100,100
21.2735,100,100
21.273,100,100
21.2726,100,100
21.2722,100,100
21.2718,100,100
21.2714,100,100
21.2709,100,100
21.2705,100,100
21.2701,100,100
21.2696,100,100
21.2692,100,100
21.2688,100,100
21.2683,100,100
21.2679,100,100
21.2675,100,100
21.267,100,100
21.2666,100,100
21.2662,100,100
21.2658,100,100
21.2653,100,100
21.2649,100,100
21.2645,100,100
21.264,100,100
21.2636,100,100
21.2632,100,100
21.2627,100,100
21.2623,100,100
21.2619,100,100
21.2614,100,100
21.261,100,100
21.2606,100,100
21.2601,100,100
21.2597,100,100
21.2593,100,100
21.2588,100,100
21.2584,100,100
21.258,100,100
21.2576,100,100
21.2571,100,100
21.2567,100,100
21.2563,100,100
21.2558,100,100
21.2554,100,100
21.255,100,100
21.2545,100,100
21.2541,100,100
21.2537,100,100
21.2532,100,100
21.2528,100,100
21.2524,100,100
21.2519,100,100
21.2515,100,100
21.2511,100,100
21.2506,100,100
21.2502,100,100
21.2498,100,100
21.2493,100,100
21.2489,100,100
21.2485,100,100
21.2481,100,100
21.2476,100,100
21.2472,100,100
21.2468,100,100
21.2463,100,100
21.2459,100,100
21.2455,100,100
21.245,100,100
21.2446,100,100
21.2442,100,100
21.2437,100,100
21.2433,100,100
21.2429,100,100
21.2424,100,100
21.242,100,100
21.2416,100,100
21.2411,100,100
21.2407,100,100
21.2403,100,100
21.2399,100,100
21.2394,100,100
21.239,100,100
21.2386,100,100
21.2381,100,100
21.2377,100,100
21.2373,100,100
21.2368,100,100
21.2364,100,100
21.236,100,100
21.2355,100,100
21.2351,100,100
21.2347,100,100
21.2342,100,100
21.2338,100,100
21.2334,100,100
21.2329,100,100
21.2325,100,100
21.2321,100,100
21.2316,100,100
21.2312,100,100
21.2308,100,100
21.2304,100,100
21.2299,100,100
21.2295,100,100
21.2291,100,100
21.2286,100,100
21.2282,100,100
21.2278,100,100
21.2273,100,100
21.2269,100,100
21.2265,100,100
21.226,100,100
21.2256,100,100
21.2251,100,100
21.2247,100,100
21.2243,100,100
21.2238,100,100
21.2234,100,100
21.223,100,100
21.2225,100,100
21.2221,100,100
21.2217,100,100
21.2212,100,100
21.2208,100,100
21.2204,100,100
21.2199,100,100
21.2195,100,100
21.219,100,100
21.2186,100,100
21.2182,100,100
21.2177,100,100
21.2173,100,100
21.2169,100,100
21.2164,100,100
21.216,100,100
21.2156,100,100
21.2151,100,100
21.2147,100,100
21.2143,100,100
21.2138,100,100
21.2134,100,100
21.2129,100,100
21.2125,100,100
21.2121,100,100
21.2116,100,100
21.2112,100,100
21.2108,100,100
21.2103,100,100
21.2099,100,100
21.2095,100,100
21.209,100,100
21.2086,100,100
21.2081,100,100
21.2077,100,100
21.2073,100,100
21.2068,100,100
21.2064,100,100
21.206,100,100
21.2055,100,100
21.2051,100,100
21.2047,100,100
21.2042,100,100
21.2038,100,100
21.2034,100,100
21.2029,100,100
21.2025,100,100
21.202,100,100
21.2016,100,100
21.2012,100,100
21.2007,100,100
21.2003,100,100
21.1999,100,100
21.1994,100,100
21.199,100,100
21.1986,100,100
21.1981,100,100
21.1977,100,100
21.1973,100,100
21.1968,100,100
21.1964,100,100
21.1959,100,100
21.1955,100,100
21.1951,100,100
21.1946,100,100
21.1942,100,100
21.1938,100,100
21.1933,100,100
21.1929,100,100
21.1925,100,100
21.192,100,100
21.1916,100,100
21.1911,100,100
21.1907,100,100
21.1903,100,100
21.1898,100,100
21.1894,100,100
21.189,100,100
21.1885,100,100
21.1881,100,100
21.1877,100,100
21.1872,100,100
21.1868,100,100
21.1864,100,100
21.1859,100,100
21.1855,100,100
21.185,100,100
21.1846,100,100
21.1842,100,100
21.1837,100,100
21.1833,100,100
21.1829,100,100
21.1824,100,100
21.182,100,100
21.1815,100,100
21.1811,100,100
21.1807,100,100
21.1802,100,100
21.1798,100,100
21.1793,100,100
21.1789,100,100
21.1784,100,100
21.178,100,100
21.1776,100,100
21.1771,100,100
21.1767,100,100
21.1762,100,100
21.1758,100,100
21.1754,100,100
21.1749,100,100
21.1745,100,100
21.174,100,100
21.1736,100,100
21.1732,100,100
21.1727,100,100
21.1723,100,100
21.1718,100,100
21.1714,100,100
21.171,100,100
21.1705,100,100
21.1701,100,100
21.1696,100,100
21.1692,100,100
21.1688,100,100
21.1683,100,100
21.1679,100,100
21.1674,100,100
21.167,100,100
21.1666,100,100
21.1661,100,100
21.1657,100,100
21.1652,100,100
21.1648,100,100
21.1644,100,100
21.1639,100,100
21.1635,100,100
21.163,100,100
21.1626,100,100
21.1622,100,100
21.1617,100,100
21.1613,100,100
21.1608,100,100
21.1604,100,100
21.1599,100,100
21.1595,100,100
21.1591,100,100
21.1586,100,100
21.1582,100,100
21.1577,100,100
21.1573,100,100
21.1569,100,100
21.1564,100,100
21.156,100,100
21.1555,100,100
21.1551,100,100
21.1547,100,100
21.1542,100,100
21.1538,100,100
21.1533,100,100
21.1529,100,100
21.1525,100,100
21.152,100,100
21.1516,100,100
21.1511,100,100
21.1507,100,100
21.1503,100,100
21.1498,100,100
21.1494,100,100
21.1489,100,100
21.1485,100,100
21.1481,100,100
21.1476,100,100
21.1472,100,100
21.1467,100,100
21.1463,100,100
21.1459,100,100
21.1454,100,100
21.145,100,100
21.1445,100,100
21.1441,100,100
21.1437,100,100
21.1432,100,100
21.1428,100,100
21.1423,100,100
21.1419,100,100
21.1414,100,100
21.141,100,100
21.1406,100,100
21.1401,100,100
21.1397,100,100
21.1392,100,100
21.1387,100,100
21.1383,100,100
21.1378,100,100
21.1373,100,100
21.1369,100,100
21.1364,100,100
21.1359,100,100
21.1355,100,100
21.135,100,100
21.1345,100,100
21.1341,100,100
21.1336,100,100
21.1331,100,100
21.1327,100,100
21.1322,100,100
21.1317,100,100
21.1313,100,100
21.1308,100,100
21.1303,100,100
21.1299,100,100
21.1294,100,100
21.1289,100,100
21.1285,100,100
21.128,100,100
21.1275,100,100
21.1271,100,100
21.1266,100,100
21.1261,100,100
21.1257,100,100
21.1252,100,100
21.1247,100,100
21.1243,100,100
21.1238,100,100
21.1233,100,100
21.1229,100,100
21.1224,100,100
21.1219,100,100
21.1215,100,100
21.121,100,100
21.1205,100,100
21.1201,100,100
21.1196,100,100
21.1191,100,100
21.1187,100,100
21.1182,100,100
21.1177,100,100
21.1173,100,100
21.1168,100,100
21.1163,100,100
21.1159,100,100
21.1154,100,100
21.1149,100,100
21.1145,100,100
21.114,100,100
21.1135,100,100
21.1131,100,100
21.1126,100,100
21.1121,100,100
21.1117,100,100
21.1112,100,100
21.1107,100,100
21.1103,100,100
21.1098,100,100
21.1093,100,100
21.1089,100,100
21.1084,100,100
21.1079,100,100
21.1075,100,100
21.107,100,100
21.1065,100,100
21.1061,100,100
21.1056,100,100
21.1051,100,100
21.1047,100,100
21.1042,100,100
21.1037,100,100
21.1033,100,100
21.1028,100,100
21.1023,100,100
21.1019,100,100
21.1014,100,100
21.1009,100,100
21.1005,100,100
21.1,100,100
21.0995,100,100
21.0991,100,100
21.0986,100,100
21.0981,100,100
21.0977,100,100
21.0972,100,100
21.0967,100,100
21.0963,100,100
21.0958,100,100
21.0953,100,100
21.0949,100,100
21.0944,100,100
21.094,100,100
21.0935,100,100
21.093,100,100
21.0924,100,100
21.0919,100,100
21.0913,100,100
21.0908,100,100
21.0903,100,100
21.0897,100,100
21.0892,100,100
21.0887,100,100
21.0881,100,100
21.0876,100,100
21.0871,100,100
21.0865,100,100
21.086,100,100
21.0854,100,100
21.0849,100,100
21.0844,100,100
21.0838,100,100
21.0833,100,100
21.0828,100,100
21.0822,100,100
21.0817,100,100
21.0812,100,100
21.0806,100,100
21.0801,100,100
21.0795,100,100
21.079,100,100
21.0785,100,100
21.0779,100,100
21.0774,100,100
21.0769,100,100
21.0763,100,100
21.0758,100,100
21.0752,100,100
21.0747,100,100
21.0742,100,100
21.0736,100,100
21.0731,100,100
21.0726,100,100
21.072,100,100
21.0715,100,100
21.071,100,100
21.0704,100,100
21.0699,100,100
21.0693,100,100
21.0688,100,100
21.0683,100,100
21.0677,100,100
21.0672,100,100
21.0667,100,100
21.0661,100,100
21.0656,100,100
21.0651,100,100
21.0645,100,100
21.064,100,100
21.0634,100,100
21.0629,100,100
21.0624,100,100
21.0618,100,100
21.0613,100,100
21.0608,100,100
21.0602,100,100
21.0597,100,100
21.0591,100,100
21.0586,100,100
21.0581,100,100
21.0575,100,100
21.057,100,100
21.0565,100,100
21.0559,100,100
21.0554,100,100
21.0549,100,100
21.0543,100,100
21.0538,100,100
21.0532,100,100
21.0527,100,100
21.0522,100,100
21.0516,100,100
21.0511,100,100
21.0506,100,100
21.05,100,100
21.0495,100,100
21.049,100,100
21.0484,100,100
21.0479,100,100
21.0473,100,100
21.0468,100,100
21.0463,100,100
21.0457,100,100
21.0452,100,100
21.0447,100,100
21.0441,100,100
21.0436,100,100
21.043,100,100
21.0425,100,100
21.042,100,100
21.0414,100,100
21.0409,100,100
21.0404,100,100
21.0398,100,100
21.0392,100,100
21.0386,100,100
21.0379,100,100
21.0373,100,100
21.0366,100,100
21.036,100,100
21.0353,100,100
21.0347,100,100
21.034,100,100
21.0334,100,100
21.0328,100,100
21.0321,100,100
21.0315,100,100
21.0308,100,100
21.0302,100,100
21.0295,100,100
21.0289,100,100
21.0282,100,100
21.0276,100,100
21.027,100,100
21.0263,100,100
21.0257,100,100
21.025,100,100
21.0244,100,100
21.0237,100,100
21.0231,100,100
21.0224,100,100
21.0218,100,100
21.0212,100,100
21.0205,100,100
21.0199,100,100
21.0192,100,100
21.0186,100,100
21.0179,100,100
21.0173,100,100
21.0166,100,100
21.016,100,100
21.0154,100,100
21.0147,100,100
21.0141,100,100
21.0134,100,100
21.0128,100,100
21.0121,100,100
21.0115,100,100
21.0108,100,100
21.0102,100,100
21.0095,100,100
21.0089,100,100
21.0083,100,100
21.0076,100,100
21.007,100,100
21.0063,100,100
21.0057,100,100
21.005,100,100
21.0044,100,100
21.0037,100,100
21.0031,100,100
21.0025,100,100
21.0018,100,100
21.0012,100,100
21.0005,100,100
20.9999,100,100
20.9992,100,100
20.9986,100,100
20.9979,100,100
20.9973,100,100
20.9967,100,100
20.996,100,100
20.9954,100,100
20.9947,100,100
20.9941,100,100
20.9934,100,100
20.9928,100,100
20.9921,100,100
20.9915,100,100
20.9909,100,100
20.9902,100,100
20.9896,100,100
20.9889,100,100
20.9883,100,100
20.9876,100,100
20.987,100,100
20.9863,100,100
20.9857,100,100
20.9851,100,100
20.9844,100,100
20.9838,100,100
20.9831,100,100
20.9825,100,100
20.9818,100,100
20.9812,100,100
20.9805,100,100
20.9799,100,100
20.9793,100,100
20.9786,100,100
20.978,100,100
20.9773,100,100
20.9767,100,100
20.976,100,100
20.9754,100,100
20.9747,100,100
20.9739,100,100
20.9732,100,100
20.9725,100,100
20.9717,100,100
20.971,100,100
20.9703,100,100
20.9695,100,100
20.9688,100,100
20.9681,100,100
20.9673,100,100
20.9666,100,100
20.9658,100,100
20.9651,100,100
20.9644,100,100
20.9636,100,100
20.9629,100,100
20.9622,100,100
20.9614,100,100
20.9607,100,100
20.96,100,100
20.9592,100,100
20.9585,100,100
20.9578,100,100
20.957,100,100
20.9563,100,100
20.9556,100,100
20.9548,100,100
20.9541,100,100
20.9534,100,100
20.9526,100,100
20.9519,100,100
20.9512,100,100
20.9504,100,100
20.9497,100,100
20.949,100,100
20.9482,100,100
20.9475,100,100
20.9467,100,100
20.946,100,100
20.9453,100,100
20.9445,100,100
20.9438,100,100
20.9431,100,100
20.9423,100,100
20.9416,100,100
20.9409,100,100
20.9401,100,100
20.9394,100,100
20.9387,100,100
20.9379,100,100
20.9372,100,100
20.9365,100,100
20.9357,100,100
20.935,100,100
20.9343,100,100
20.9335,100,100
20.9328,100,100
20.9321,100,100
20.9313,100,100
20.9306,100,100
20.9299,100,100
20.9291,100,100
20.9284,100,100
20.9276,100,100
20.9269,100,100
20.9262,100,100
20.9254,100,100
20.9247,100,100
20.924,100,100
20.9232,100,100
20.9225,100,100
20.9218,100,100
20.921,100,100
20.9203,100,100
20.9196,100,100
20.9188,100,100
20.9181,100,100
20.9174,100,100
20.9166,100,100
20.9159,100,100
20.9152,100,100
20.9144,100,100
20.9137,100,100
20.913,100,100
20.9122,100,100
20.9115,100,100
20.9108,100,100
20.91,100,100
20.9093,100,100
20.9086,100,100
20.9078,100,100
20.9071,100,100
20.9063,100,100
20.9056,100,100
20.9049,100,100
20.9041,100,100
20.9034,100,100
20.9027,100,100
20.9019,100,100
20.9011,100,100
20.9003,100,100
20.8995,100,100
20.8987,100,100
20.8979,100,100
20.8971,100,100
20.8963,100,100
20.8955,100,100
20.8947,100,100
20.8939,100,100
20.8931,100,100
20.8923,100,100
20.8915,100,100
20.8907,100,100
20.8899,100,100
20.8891,100,100
20.8883,100,100
20.8875,100,100
20.8867,100,100
20.8859,100,100
20.885,100,100
20.8842,100,100
20.8834,100,100
20.8826,100,100
20.8818,100,100
20.881,100,100
20.8802,100,100
20.8794,100,100
20.8786,100,100
20.8778,100,100
20.877,100,100
20.8762,100,100
20.8754,100,100
20.8746,100,100
20.8738,100,100
20.873,100,100
20.8722,100,100
20.8714,100,100
20.8706,100,100
20.8698,100,100
20.8689,100,100
20.8681,100,100
20.8673,100,100
20.8665,100,100
20.8657,100,100
20.8649,100,100
20.8641,100,100
20.8633,100,100
20.8625,100,100
20.8617,100,100
20.8609,100,100
20.8601,100,100
20.8593,100,100
20.8585,100,100
20.8577,100,100
20.8569,100,100
20.8561,100,100
20.8553,100,100
20.8545,100,100
20.8537,100,100
20.8528,100,100
20.852,100,100
20.8512,100,100
20.8504,100,100
20.8496,100,100
20.8488,100,100
20.848,100,100
20.8472,100,100
20.8464,100,100
20.8456,100,100
20.8448,100,100
20.844,100,100
20.8432,100,100
20.8424,100,100
20.8416,100,100
20.8408,100,100
20.84,100,100
20.8392,100,100
20.8384,100,100
20.8376,100,100
20.8368,100,100
20.8359,100,100
20.8351,100,100
20.8343,100,100
20.8335,100,100
20.8327,100,100
20.8319,100,100
20.8311,100,100
20.8303,100,100
20.8295,100,100
20.8287,100,100
20.8279,100,100
20.8271,100,100
20.8263,100,100
20.8255,100,100
20.8247,100,100
20.8239,100,100
20.8231,100,100
20.8223,100,100
20.8215,100,100
20.8206,100,100
20.8197,100,100
20.8189,100,100
20.818,100,100
20.8172,100,100
20.8163,100,100
20.8154,100,100
20.8146,100,100
20.8137,100,100
20.8128,100,100
20.812,100,100
20.8111,100,100
20.8103,100,100
20.8094,100,100
20.8085,100,100
20.8077,100,100
20.8068,100,100
20.8059,100,100
20.8051,100,100
20.8042,100,100
20.8034,100,100
20.8025,100,100
20.8016,100,100
20.8008,100,100
20.7999,100,100
20.799,100,100
20.7982,100,100
20.7973,100,100
20.7965,100,100
20.7956,100,100
20.7947,100,100
20.7939,100,100
20.793,100,100
20.7921,100,100
20.7913,100,100
20.7904,100,100
20.7896,100,100
20.7887,100,100
20.7878,100,100
20.787,100,100
20.7861,100,100
20.7852,100,100
20.7844,100,100
20.7835,100,100
20.7827,100,100
20.7818,100,100
20.7809,100,100
20.7801,100,100
20.7792,100,100
20.7783,100,100
20.7775,100,100
20.7766,100,100
20.7758,100,100
20.7749,100,100
20.774,100,100
20.7732,100,100
20.7723,100,100
20.7714,100,100
20.7706,100,100
20.7697,100,100
20.7689,100,100
20.768,100,100
20.7671,100,100
20.7663,100,100
20.7654,100,100
20.7645,100,100
20.7637,100,100
20.7628,100,100
20.762,100,100
20.7611,100,100
20.7602,100,100
20.7594,100,100
20.7585,100,100
20.7576,100,100
20.7568,100,100
20.7559,100,100
20.7551,100,100
20.7542,100,100
20.7533,100,100
20.7525,100,100
20.7516,100,100
20.7507,100,100
20.7499,100,100
20.749,100,100
20.7482,100,100
20.7473,100,100
20.7464,100,100
20.7456,100,100
20.7447,100,100
20.7438,100,100
20.743,100,100
20.7421,100,100
20.7413,100,100
20.7404,100,100
20.7395,100,100
20.7387,100,100
20.7378,100,100
20.7369,100,100
20.7361,100,100
20.7352,100,100
20.7343,100,100
20.7334,100,100
20.7325,100,100
20.7316,100,100
20.7307,100,100
20.7298,100,100
20.7289,100,100
20.728,100,100
20.727,100,100
20.7261,100,100
20.7252,100,100
20.7243,100,100
20.7234,100,100
20.7225,100,100
20.7216,100,100
20.7207,100,100
20.7198,100,100
20.7189,100,100
20.7179,100,100
20.717,100,100
20.7161,100,100
20.7152,100,100
20.7143,100,100
20.7134,100,100
20.7125,100,100
20.7116,100,100
20.7107,100,100
20.7098,100,100
20.7088,100,100
20.7079,100,100
20.707,100,100
20.7061,100,100
20.7052,100,100
20.7043,100,100
20.7034,100,100
20.7025,100,100
20.7016,100,100
20.7007,100,100
20.6997,100,100
20.6988,100,100
20.6979,100,100
20.697,100,100
20.6961,100,100
20.6952,100,100
20.6943,100,100
20.6934,100,100
20.6925,100,100
20.6916,100,100
20.6906,100,100
20.6897,100,100
20.6888,100,100
20.6879,100,100
20.687,100,100
20.6861,100,100
20.6852,100,100
20.6843,100,100
20.6834,100,100
20.6825,100,100
20.6815,100,100
20.6806,100,100
20.6797,100,100
20.6788,100,100
20.6779,100,100
20.677,100,100
20.6761,100,100
20.6752,100,100
20.6743,100,100
20.6734,100,100
20.6725,100,100
20.6715,100,100
20.6706,100,100
20.6697,100,100
20.6688,100,100
20.6679,100,100
20.667,100,100
20.6661,100,100
20.6652,100,100
20.6643,100,100
20.6634,100,100
20.6624,100,100
20.6615,100,100
20.6606,100,100
20.6597,100,100
20.6588,100,100
20.6579,100,100
20.657,100,100
20.6561,100,100
20.6552,100,100
20.6543,100,100
20.6533,100,100
20.6524,100,100
20.6515,100,100
20.6506,100,100
20.6497,100,100
20.6488,100,100
20.6479,100,100
20.647,100,100
20.6461,100,100
20.6452,100,100
20.6442,100,100
20.6433,100,100
20.6424,100,100
20.6414,100,100
20.6405,100,100
20.6395,100,100
20.6386,100,100
20.6377,100,100
20.6367,100,100
20.6358,100,100
20.6348,100,100
20.6339,100,100
20.6329,100,100
20.632,100,100
20.6311,100,100
20.6301,100,100
20.6292,100,100
20.6282,100,100
20.6273,100,100
20.6263,100,100
20.6254,100,100
20.6245,100,100
20.6235,100,100
20.6226,100,100
20.6216,100,100
20.6207,100,100
20.6197,100,100
20.6188,100,100
20.6179,100,100
20.6169,100,100
20.616,100,100
20.615,100,100
20.6141,100,100
20.6131,100,100
20.6122,100,100
20.6113,100,100
20.6103,100,100
20.6094,100,100
20.6084,100,100
20.6075,100,100
20.6065,100,100
20.6056,100,100
20.6047,100,100
20.6037,100,100
20.6028,100,100
20.6018,100,100
20.6009,100,100
20.5999,100,100
20.599,100,100
20.5981,100,100
20.5971,100,100
20.5962,100,100
20.5952,100,100
20.5943,100,100
20.5933,100,100
20.5924,100,100
20.5915,100,100
20.5905,100,100
20.5896,100,100
20.5886,100,100
20.5877,100,100
20.5867,100,100
20.5858,100,100
20.5849,100,100
20.5839,100,100
20.583,100,100
20.582,100,100
20.5811,100,100
20.5801,100,100
20.5792,100,100
20.5783,100,100
20.5773,100,100
20.5764,100,100
20.5754,100,100
20.5745,100,100
20.5735,100,100
20.5726,100,100
20.5717,100,100
20.5707,100,100
20.5698,100,100
20.5688,100,100
20.5679,100,100
20.5669,100,100
20.566,100,100
20.5651,100,100
20.5641,100,100
20.5632,100,100
20.5622,100,100
20.5613,100,100
20.5604,100,100
20.5594,100,100
20.5585,100,100
20.5575,100,100
20.5566,100,100
20.5556,100,100
20.5547,100,100
20.5538,100,100
20.5528,100,100
20.5519,100,100
20.5509,100,100
20.55,100,100
20.549,100,100
20.548,100,100
20.547,100,100
20.5461,100,100
20.5451,100,100
20.5441,100,100
20.5431,100,100
20.5421,100,100
20.5412,100,100
20.5402,100,100
20.5392,100,100
20.5382,100,100
20.5373,100,100
20.5363,100,100
20.5353,100,100
20.5343,100,100
20.5333,100,100
20.5324,100,100
20.5314,100,100
20.5304,100,100
20.5294,100,100
20.5284,100,100
20.5275,100,100
20.5265,100,100
20.5255,100,100
20.5245,100,100
20.5235,100,100
20.5226,100,100
20.5216,100,100
20.5206,100,100
20.5196,100,100
20.5186,100,100
20.5177,100,100
20.5167,100,100
20.5157,100,100
20.5147,100,100
20.5137,100,100
20.5128,100,100
20.5118,100,100
20.5108,100,100
20.5098,100,100
20.5088,100,100
20.5079,100,100
20.5069,100,100
20.5059,100,100
20.5049,100,100
20.5039,100,100
20.503,100,100
20.502,100,100
20.501,100,100
20.5,100,100
20.499,100,100
20.4981,100,100
20.4971,100,100
20.4961,100,100
20.4951,100,100
20.4941,100,100
20.4932,100,100
20.4922,100,100
20.4912,100,100
20.4902,100,100
20.4892,100,100
20.4883,100,100
20.4873,100,100
20.4863,100,100
20.4853,100,100
20.4843,100,100
20.4834,100,100
20.4824,100,100
20.4814,100,100
20.4804,100,100
20.4794,100,100
20.4785,100,100
20.4775,100,100
20.4765,100,100
20.4755,100,100
20.4745,100,100
20.4736,100,100
20.4726,100,100
20.4716,100,100
20.4706,100,100
20.4696,100,100
20.4687,100,100
20.4677,100,100
20.4667,100,100
20.4657,100,100
20.4648,100,100
20.4638,100,100
20.4628,100,100
20.4618,100,100
20.4608,100,100
20.4599,100,100
20.4589,100,100
20.4579,100,100
20.4569,100,100
20.4559,100,100
20.455,100,100
20.454,100,100
20.453,100,100
20.452,100,100
20.451,100,100
20.45,100,100
20.449,100,100
20.4479,100,100
20.4469,100,100
20.4459,100,100
20.4449,100,100
20.4439,100,100
20.4428,100,100
20.4418,100,100
20.4408,100,100
20.4398,100,100
20.4388,100,100
20.4377,100,100
20.4367,100,100
20.4357,100,100
20.4347,100,100
20.4337,100,100
20.4326,100,100
20.4316,100,100
20.4306,100,100
20.4296,100,100
20.4286,100,100
20.4275,100,100
20.4265,100,100
20.4255,100,100
20.4245,100,100
20.4235,100,100
20.4224,100,100
20.4214,100,100
20.4204,100,100
20.4194,100,100
20.4184,100,100
20.4173,100,100
20.4163,100,100
20.4153,100,100
20.4143,100,100
20.4133,100,100
20.4122,100,100
20.4112,100,100
20.4102,100,100
20.4092,100,100
20.4082,100,100
20.4071,100,100
20.4061,100,100
20.4051,100,100
20.4041,100,100
20.4031,100,100
20.402,100,100
20.401,100,100
20.4,100,100
20.399,100,100
20.398,100,100
20.3969,100,100
20.3959,100,100
20.3949,100,100
20.3939,100,100
20.3929,100,100
20.3918,100,100
20.3908,100,100
20.3898,100,100
20.3888,100,100
20.3878,100,100
20.3868,100,100
20.3857,100,100
20.3847,100,100
20.3837,100,100
20.3827,100,100
20.3817,100,100
20.3806,100,100
20.3796,100,100
20.3786,100,100
20.3776,100,100
20.3766,100,100
20.3755,100,100
20.3745,100,100
20.3735,100,100
20.3725,100,100
20.3715,100,100
20.3704,100,100
20.3694,100,100
20.3684,100,100
20.3674,100,100
20.3664,100,100
20.3653,100,100
20.3643,100,100
20.3633,100,100
20.3623,100,100
20.3613,100,100
20.3602,100,100
20.3592,100,100
20.3582,100,100
20.3572,100,100
20.3562,100,100
20.3551,100,100
20.3541,100,100
20.3531,100,100
20.3521,100,100
20.3511,100,100
20.35,100,100
20.349,100,100
20.3479,100,100
20.3469,100,100
20.3458,100,100
20.3448,100,100
20.3437,100,100
20.3427,100,100
20.3416,100,100
20.3406,100,100
20.3395,100,100
20.3385,100,100
20.3374,100,100
20.3364,100,100
20.3353,100,100
20.3343,100,100
20.3332,100,100
20.3322,100,100
20.3311,100,100
20.3301,100,100
20.329,100,100
20.328,100,100
20.3269,100,100
20.3259,100,100
20.3248,100,100
20.3238,100,100
20.3227,100,100
20.3217,100,100
20.3206,100,100
20.3196,100,100
20.3185,100,100
20.3175,100,100
20.3164,100,100
20.3154,100,100
20.3143,100,100
20.3133,100,100
20.3122,100,100
20.3112,100,100
20.3101,100,100
20.3091,100,100
20.308,100,100
20.307,100,100
20.3059,100,100
20.3049,100,100
20.3038,100,100
20.3028,100,100
20.3017,100,100
20.3007,100,100
20.2996,100,100
20.2985,100,100
20.2975,100,100
20.2964,100,100
20.2954,100,100
20.2943,100,100
20.2933,100,100
20.2922,100,100
20.2912,100,100
20.2901,100,100
20.2891,100,100
20.288,100,100
20.287,100,100
20.2859,100,100
20.2849,100,100
20.2838,100,100
20.2828,100,100
20.2817,100,100
20.2807,100,100
20.2796,100,100
20.2786,100,100
20.2775,100,100
20.2765,100,100
20.2754,100,100
20.2744,100,100
20.2733,100,100
20.2723,100,100
20.2712,100,100
20.2702,100,100
20.2691,100,100
20.2681,100,100
20.267,100,100
20.266,100,100
20.2649,100,100
20.2639,100,100
20.2628,100,100
20.2618,100,100
20.2607,100,100
20.2597,100,100
20.2586,100,100
20.2576,100,100
20.2565,100,100
20.2555,100,100
20.2544,100,100
20.2534,100,100
20.2523,100,100
20.2513,100,100
20.2502,100,100
20.2492,100,100
20.2481,100,100
20.2471,100,100
20.246,100,100
20.245,100,100
20.2439,100,100
20.2428,100,100
20.2417,100,100
20.2407,100,100
20.2396,100,100
20.2385,100,100
20.2374,100,100
20.2363,100,100
20.2353,100,100
20.2342,100,100
20.2331,100,100
20.232,100,100
20.231,100,100
20.2299,100,100
20.2288,100,100
20.2277,100,100
20.2267,100,100
20.2256,100,100
20.2245,100,100
20.2234,100,100
20.2224,100,100
20.2213,100,100
20.2202,100,100
20.2191,100,100
20.2181,100,100
20.217,100,100
20.2159,100,100
20.2148,100,100
20.2137,100,100
20.2127,100,100
20.2116,100,100
20.2105,100,100
20.2094,100,100
20.2084,100,100
20.2073,100,100
20.2062,100,100
20.2051,100,100
20.2041,100,100
20.203,100,100
20.2019,100,100
20.2008,100,100
20.1998,100,100
20.1987,100,100
20.1976,100,100
20.1965,100,100
20.1955,100,100
20.1944,100,100
20.1933,100,100
20.1922,100,100
20.1911,100,100
20.1901,100,100
20.189,100,100
20.1879,100,100
20.1868,100,100
20.1858,100,100
20.1847,100,100
20.1836,100,100
20.1825,100,100
20.1815,100,100
20.1804,100,100
20.1793,100,100
20.1782,100,100
20.1772,100,100
20.1761,100,100
20.175,100,100
20.1739,100,100
20.1729,100,100
20.1718,100,100
20.1707,100,100
20.1696,100,100
20.1685,100,100
20.1675,100,100
20.1664,100,100
20.1653,100,100
20.1642,100,100
20.1632,100,100
20.1621,100,100
20.161,100,100
20.1599,100,100
20.1589,100,100
20.1578,100,100
20.1567,100,100
20.1556,100,100
20.1546,100,100
20.1535,100,100
20.1524,100,100
20.1513,100,100
20.1502,100,100
20.1492,100,100
20.1481,100,100
20.147,100,100
20.1459,100,100
20.1449,100,100
20.1438,100,100
20.1427,100,100
20.1416,100,100
20.1406,100,100
20.1395,100,100
20.1384,100,100
20.1373,100,100
20.1362,100,100
20.1351,100,100
20.134,100,100
20.133,100,100
20.1319,100,100
20.1308,100,100
20.1297,100,100
20.1286,100,100
20.1275,100,100
20.1264,100,100
20.1253,100,100
20.1242,100,100
20.1231,100,100
20.122,100,100
20.1209,100,100
20.1198,100,100
20.1187,100,100
20.1176,100,100
20.1165,100,100
20.1154,100,100
20.1143,100,100
20.1132,100,100
20.1121,100,100
20.111,100,100
20.1099,100,100
20.1088,100,100
20.1077,100,100
20.1066,100,100
20.1056,100,100
20.1045,100,100
20.1034,100,100
20.1023,100,100
20.1012,100,100
20.1001,100,100
20.099,100,100
20.0979,100,100
20.0968,100,100
20.0957,100,100
20.0946,100,100
20.0935,100,100
20.0924,100,100
20.0913,100,100
20.0902,100,100
20.0891,100,100
20.088,100,100
20.0869,100,100
20.0858,100,100
20.0847,100,100
20.0836,100,100
20.0825,100,100
20.0814,100,100
20.0803,100,100
20.0792,100,100
20.0782,100,100
20.0771,100,100
20.076,100,100
20.0749,100,100
20.0738,100,100
20.0727,100,100
20.0716,100,100
20.0705,100,100
20.0694,100,100
20.0683,100,100
20.0672,100,100
20.0661,100,100
20.065,100,100
20.0639,100,100
20.0628,100,100
20.0617,100,100
20.0606,100,100
20.0595,100,100
20.0584,100,100
20.0573,100,100
20.0562,100,100
20.0551,100,100
20.054,100,100
20.0529,100,100
20.0518,100,100
20.0507,100,100
20.0497,100,100
20.0486,100,100
20.0475,100,100
20.0464,100,100
20.0453,100,100
20.0442,100,100
20.0431,100,100
20.042,100,100
20.0409,100,100
20.0398,100,100
20.0387,100,100
20.0376,100,100
20.0365,100,100
20.0354,100,100
20.0343,100,100
20.0332,100,100
20.0321,100,100
20.031,100,100
20.0299,100,100
20.0288,100,100
20.0277,100,100
20.0266,100,100
20.0255,100,100
20.0244,100,100
20.0233,100,100
20.0222,100,100
20.0211,100,100
20.02,100,100
20.0188,100,100
20.0177,100,100
20.0166,100,100
20.0155,100,100
20.0144,100,100
20.0133,100,100
20.0122,100,100
20.0111,100,100
20.01,100,100
20.0088,100,100
20.0077,100,100
20.0066,100,100
20.0055,100,100
20.0044,100,100
20.0033,100,100
20.0022,100,100
20.0011,100,100
20,100,100
19.9988,100,100
19.9977,100,100
19.9966,100,100
19.9955,100,100
19.9944,100,100
19.9933,100,100
19.9922,100,100
19.9911,100,100
19.9899,100,100
19.9888,100,100
19.9877,100,100
19.9866,100,100
19.9855,100,100
19.9844,100,100
19.9833,100,100
19.9822,100,100
19.9811,100,100
19.9799,100,100
19.9788,100,100
19.9777,100,100
19.9766,100,100
19.9755,100,100
19.9744,100,100
19.9733,100,100
19.9722,100,100
19.9711,100,100
19.9699,100,100
19.9688,100,100
19.9677,100,100
19.9666,100,100
19.9655,100,100
19.9644,100,100
19.9633,100,100
19.9622,100,100
19.9611,100,100
19.9599,100,100
19.9588,100,100
19.9577,100,100
19.9566,100,100
19.9555,100,100
19.9544,100,100
19.9533,100,100
19.9522,100,100
19.9511,100,100
19.9499,100,100
19.9488,100,100
19.9477,100,100
19.9466,100,100
19.9455,100,100
19.9444,100,100
19.9433,100,100
19.9422,100,100
19.9411,100,100
19.9399,100,100
19.9388,100,100
19.9377,100,100
19.9366,100,100
19.9355,100,100
19.9344,100,100
19.9333,100,100
19.9322,100,100
19.931,100,100
19.9299,100,100
19.9288,100,100
19.9277,100,100
19.9266,100,100
19.9255,100,100
19.9244,100,100
19.9233,100,100
19.9222,100,100
19.921,100,100
19.9199,100,100
19.9188,100,100
19.9177,100,100
19.9166,100,100
19.9155,100,100
19.9144,100,100
19.9132,100,100
19.9121,100,100
19.911,100,100
19.9099,100,100
19.9087,100,100
19.9076,100,100
19.9065,100,100
19.9054,100,100
19.9042,100,100
19.9031,100,100
19.902,100,100
19.9009,100,100
19.8998,100,100
19.8986,100,100
19.8975,100,100
19.8964,100,100
19.8953,100,100
19.8941,100,100
19.893,100,100
19.8919,100,100
19.8908,100,100
19.8896,100,100
19.8885,100,100
19.8874,100,100
19.8863,100,100
19.8851,100,100
19.884,100,100
19.8829,100,100
19.8818,100,100
19.8807,100,100
19.8795,100,100
19.8784,100,100
19.8773,100,100
19.8762,100,100
19.875,100,100
19.8739,100,100
19.8728,100,100
19.8717,100,100
19.8705,100,100
19.8694,100,100
19.8683,100,100
19.8672,100,100
19.8661,100,100
19.8649,100,100
19.8638,100,100
19.8627,100,100
19.8616,100,100
19.8604,100,100
19.8593,100,100
19.8582,100,100
19.8571,100,100
19.8559,100,100
19.8548,100,100
19.8537,100,100
19.8526,100,100
19.8514,100,100
19.8503,100,100
19.8492,100,100
19.8481,100,100
19.847,100,100
19.8458,100,100
19.8447,100,100
19.8436,100,100
19.8425,100,100
19.8413,100,100
19.8402,100,100
19.8391,100,100
19.838,100,100
19.8368,100,100
19.8357,100,100
19.8346,100,100
19.8335,100,100
19.8324,100,100
19.8312,100,100
19.8301,100,100
19.829,100,100
19.8279,100,100
19.8267,100,100
19.8256,100,100
19.8245,100,100
19.8234,100,100
19.8222,100,100
19.8211,100,100
19.82,100,100
19.8189,100,100
19.8177,100,100
19.8166,100,100
19.8155,100,100
19.8144,100,100
19.8133,100,100
19.8121,100,100
19.811,100,100
19.8099,100,100
19.8088,100,100
19.8076,100,100
19.8065,100,100
19.8054,100,100
19.8043,100,100
19.8031,100,100
19.802,100,100
19.8009,100,100
19.7997,100,100
19.7986,100,100
19.7975,100,100
19.7963,100,100
19.7952,100,100
19.7941,100,100
19.7929,100,100
19.7918,100,100
19.7907,100,100
19.7895,100,100
19.7884,100,100
19.7873,100,100
19.7861,100,100
19.785,100,100
19.7839,100,100
19.7827,100,100
19.7816,100,100
19.7805,100,100
19.7793,100,100
19.7782,100,100
19.7771,100,100
19.7759,100,100
19.7748,100,100
19.7737,100,100
19.7726,100,100
19.7714,100,100
19.7703,100,100
19.7692,100,100
19.768,100,100
19.7669,100,100
19.7658,100,100
19.7646,100,100
19.7635,100,100
19.7624,100,100
19.7612,100,100
19.7601,100,100
19.759,100,100
19.7578,100,100
19.7567,100,100
19.7556,100,100
19.7544,100,100
19.7533,100,100
19.7522,100,100
19.751,100,100
19.7499,100,100
19.7488,100,100
19.7476,100,100
19.7465,100,100
19.7454,100,100
19.7442,100,100
19.7431,100,100
19.742,100,100
19.7408,100,100
19.7397,100,100
19.7386,100,100
19.7374,100,100
19.7363,100,100
19.7352,100,100
19.734,100,100
19.7329,100,100
19.7318,100,100
19.7306,100,100
19.7295,100,100
19.7284,100,100
19.7272,100,100
19.7261,100,100
19.725,100,100
19.7238,100,100
19.7227,100,100
19.7216,100,100
19.7204,100,100
19.7193,100,100
19.7182,100,100
19.717,100,100
19.7159,100,100
19.7148,100,100
19.7136,100,100
19.7125,100,100
19.7114,100,100
19.7102,100,100
19.7091,100,100
19.708,100,100
19.7069,100,100
19.7057,100,100
19.7046,100,100
19.7035,100,100
19.7023,100,100
19.7012,100,100
19.7001,100,100
19.6989,100,100
19.6978,100,100
19.6967,100,100
19.6955,100,100
19.6944,100,100
19.6933,100,100
19.6921,100,100
19.691,100,100
19.6899,100,100
19.6887,100,100
19.6876,100,100
19.6864,100,100
19.6853,100,100
19.6841,100,100
19.683,100,100
19.6819,100,100
19.6807,100,100
19.6796,100,100
19.6784,100,100
19.6773,100,100
19.6762,100,100
19.675,100,100
19.6739,100,100
19.6727,100,100
19.6716,100,100
19.6705,100,100
19.6693,100,100
19.6682,100,100
19.667,100,100
19.6659,100,100
19.6648,100,100
19.6636,100,100
19.6625,100,100
19.6613,100,100
19.6602,100,100
19.6591,100,100
19.6579,100,100
19.6568,100,100
19.6556,100,100
19.6545,100,100
19.6534,100,100
19.6522,100,100
19.6511,100,100
19.6499,100,100
19.6488,100,100
19.6476,100,100
19.6465,100,100
19.6454,100,100
19.6442,100,100
19.6431,100,100
19.6419,100,100
19.6408,100,100
19.6397,100,100
19.6385,100,100
19.6374,100,100
19.6362,100,100
19.6351,100,100
19.634,100,100
19.6328,100,100
19.6317,100,100
19.6305,100,100
19.6294,100,100
19.6283,100,100
19.6271,100,100
19.626,100,100
19.6248,100,100
19.6237,100,100
19.6226,100,100
19.6214,100,100
19.6203,100,100
19.6191,100,100
19.618,100,100
19.6169,100,100
19.6157,100,100
19.6146,100,100
19.6134,100,100
19.6123,100,100
19.6111,100,100
19.61,100,100
19.6089,100,100
19.6077,100,100
19.6066,100,100
19.6054,100,100
19.6043,100,100
19.6032,100,100
19.602,100,100
19.6009,100,100
19.5997,100,100
19.5986,100,100
19.5975,100,100
19.5963,100,100
19.5952,100,100
19.594,100,100
19.5929,100,100
19.5918,100,100
19.5906,100,100
19.5895,100,100
19.5883,100,100
19.5872,100,100
19.5861,100,100
19.5849,100,100
19.5838,100,100
19.5826,100,100
19.5815,100,100
19.5804,100,100
19.5792,100,100
19.5781,100,100
19.5769,100,100
19.5758,100,100
19.5746,100,100
19.5735,100,100
19.5723,100,100
19.5712,100,100
19.57,100,100
19.5689,100,100
19.5678,100,100
19.5666,100,100
19.5655,100,100
19.5643,100,100
19.5632,100,100
19.562,100,100
19.5609,100,100
19.5597,100,100
19.5586,100,100
19.5574,100,100
19.5563,100,100
19.5551,100,100
19.554,100,100
19.5528,100,100
19.5517,100,100
19.5506,100,100
19.5494,100,100
19.5483,100,100
19.5471,100,100
19.546,100,100
19.5448,100,100
19.5437,100,100
19.5425,100,100
19.5414,100,100
19.5402,100,100
19.5391,100,100
19.5379,100,100
19.5368,100,100
19.5356,100,100
19.5345,100,100
19.5334,100,100
19.5322,100,100
19.5311,100,100
19.5299,100,100
19.5288,100,100
19.5276,100,100
19.5265,100,100
19.5253,100,100
19.5242,100,100
19.523,100,100
19.5219,100,100
19.5207,100,100
19.5196,100,100
19.5184,100,100
19.5173,100,100
19.5162,100,100
19.515,100,100
19.5139,100,100
19.5127,100,100
19.5116,100,100
19.5104,100,100
19.5093,100,100
19.5081,100,100
19.507,100,100
19.5058,100,100
19.5047,100,100
19.5035,100,100
19.5024,100,100
19.5012,100,100
19.5001,100,100
19.4989,100,100
19.4978,100,100
19.4967,100,100
19.4955,100,100
19.4944,100,100
19.4932,100,100
19.4921,100,100
19.4909,100,100
19.4898,100,100
19.4886,100,100
19.4875,100,100
19.4863,100,100
19.4852,100,100
19.484,100,100
19.4829,100,100
19.4817,100,100
19.4806,100,100
19.4795,100,100
19.4783,100,100
19.4772,100,100
19.476,100,100
19.4749,100,100
19.4737,100,100
19.4726,100,100
19.4714,100,100
19.4703,100,100
19.4691,100,100
19.468,100,100
19.4668,100,100
19.4657,100,100
19.4645,100,100
19.4634,100,100
19.4623,100,100
19.4611,100,100
19.46,100,100
19.4588,100,100
19.4576,100,100
19.4565,100,100
19.4553,100,100
19.4542,100,100
19.453,100,100
19.4519,100,100
19.4507,100,100
19.4496,100,100
19.4484,100,100
19.4473,100,100
19.4461,100,100
19.445,100,100
19.4438,100,100
19.4427,100,100
19.4415,100,100
19.4404,100,100
19.4392,100,100
19.4381,100,100
19.4369,100,100
19.4358,100,100
19.4346,100,100
19.4335,100,100
19.4323,100,100
19.4312,100,100
19.43,100,100
19.4289,100,100
19.4277,100,100
19.4266,100,100
19.4254,100,100
19.4243,100,100
19.4231,100,100
19.422,100,100
19.4208,100,100
19.4197,100,100
19.4185,100,100
19.4174,100,100
19.4162,100,100
19.4151,100,100
19.4139,100,100
19.4128,100,100
19.4116,100,100
19.4105,100,100
19.4093,100,100
19.4082,100,100
19.407,100,100
19.4059,100,100
19.4047,100,100
19.4036,100,100
19.4024,100,100
19.4013,100,100
19.4001,100,100
19.399,100,100
19.3978,100,100
19.3967,100,100
19.3955,100,100
19.3944,100,100
19.3932,100,100
19.3921,100,100
19.3909,100,100
19.3898,100,100
19.3886,100,100
19.3875,100,100
19.3863,100,100
19.3852,100,100
19.384,100,100
19.3829,100,100
19.3817,100,100
19.3806,100,100
19.3794,100,100
19.3783,100,100
19.3771,100,100
19.376,100,100
19.3748,100,100
19.3737,100,100
19.3725,100,100
19.3714,100,100
19.3702,100,100
19.3691,100,100
19.3679,100,100
19.3668,100,100
19.3656,100,100
19.3645,100,100
19.3633,100,100
19.3622,100,100
19.361,100,100
19.3599,100,100
19.3587,100,100
19.3576,100,100
19.3564,100,100
19.3552,100,100
19.3541,100,100
19.3529,100,100
19.3518,100,100
19.3506,100,100
19.3495,100,100
19.3483,100,100
19.3472,100,100
19.346,100,100
19.3449,100,100
19.3437,100,100
19.3426,100,100
19.3414,100,100
19.3403,100,100
19.3391,100,100
19.338,100,100
19.3368,100,100
19.3357,100,100
19.3345,100,100
19.3333,100,100
19.3322,100,100
19.331,100,100
19.3299,100,100
19.3287,100,100
19.3276,100,100
19.3264,100,100
19.3253,100,100
19.3241,100,100
19.323,100,100
19.3218,100,100
19.3206,100,100
19.3195,100,100
19.3183,100,100
19.3172,100,100
19.316,100,100
19.3149,100,100
19.3137,100,100
19.3126,100,100
19.3114,100,100
19.3103,100,100
19.3091,100,100
19.308,100,100
19.3068,100,100
19.3056,100,100
19.3045,100,100
19.3033,100,100
19.3022,100,100
19.301,100,100
19.2999,100,100
19.2987,100,100
19.2976,100,100
19.2964,100,100
19.2953,100,100
19.2941,100,100
19.2929,100,100
19.2918,100,100
19.2906,100,100
19.2895,100,100
19.2883,100,100
19.2872,100,100
19.286,100,100
19.2849,100,100
19.2837,100,100
19.2826,100,100
19.2814,100,100
19.2802,100,100
19.2791,100,100
19.2779,100,100
19.2768,100,100
19.2756,100,100
19.2745,100,100
19.2733,100,100
19.2722,100,100
19.271,100,100
19.2699,100,100
19.2687,100,100
19.2676,100,100
19.2664,100,100
19.2652,100,100
19.2641,100,100
19.2629,100,100
19.2618,100,100
19.2606,100,100
19.2595,100,100
19.2583,100,100
19.2572,100,100
19.256,100,100
19.2549,100,100
19.2537,100,100
19.2525,100,100
19.2514,100,100
19.2502,100,100
19.2491,100,100
19.2479,100,100
19.2468,100,100
19.2456,100,100
19.2445,100,100
19.2433,100,100
19.2422,100,100
19.241,100,100
19.2399,100,100
19.2387,100,100
19.2375,100,100
19.2364,100,100
19.2352,100,100
19.2341,100,100
19.2329,100,100
19.2318,100,100
19.2306,100,100
19.2295,100,100
19.2283,100,100
19.2272,100,100
19.226,100,100
19.2248,100,100
19.2237,100,100
19.2225,100,100
19.2214,100,100
19.2202,100,100
19.2191,100,100
19.2179,100,100
19.2168,100,100
19.2156,100,100
19.2144,100,100
19.2133,100,100
19.2121,100,100
19.211,100,100
19.2098,100,100
19.2087,100,100
19.2075,100,100
19.2064,100,100
19.2052,100,100
19.204,100,100
19.2029,100,100
19.2017,100,100
19.2006,100,100
19.1994,100,100
19.1983,100,100
19.1971,100,100
19.196,100,100
19.1948,100,100
19.1936,100,100
19.1925,100,100
19.1913,100,100
19.1902,100,100
19.189,100,100
19.1879,100,100
19.1867,100,100
19.1856,100,100
19.1844,100,100
19.1832,100,100
19.1821,100,100
19.1809,100,100
19.1798,100,100
19.1786,100,100
19.1775,100,100
19.1763,100,100
19.1752,100,100
19.174,100,100
19.1728,100,100
19.1717,100,100
19.1705,100,100
19.1694,100,100
19.1682,100,100
19.1671,100,100
19.1659,100,100
19.1648,100,100
19.1636,100,100
19.1624,100,100
19.1613,100,100
19.1601,100,100
19.159,100,100
19.1578,100,100
19.1567,100,100
19.1555,100,100
19.1544,100,100
19.1532,100,100
19.152,100,100
19.1509,100,100
19.1497,100,100
19.1486,100,100
19.1474,100,100
19.1463,100,100
19.1451,100,100
19.144,100,100
19.1428,100,100
19.1416,100,100
19.1405,100,100
19.1393,100,100
19.1382,100,100
19.137,100,100
19.1359,100,100
19.1347,100,100
19.1336,100,100
19.1324,100,100
19.1313,100,100
19.1301,100,100
19.1289,100,100
19.1278,100,100
19.1266,100,100
19.1255,100,100
19.1243,100,100
19.1232,100,100
19.122,100,100
19.1209,100,100
19.1197,100,100
19.1185,100,100
19.1174,100,100
19.1162,100,100
19.1151,100,100
19.1139,100,100
19.1128,100,100
19.1116,100,100
19.1104,100,100
19.1093,100,100
19.1081,100,100
19.107,100,100
19.1058,100,100
19.1046,100,100
19.1035,100,100
19.1023,100,100
19.1012,100,100
19.1,100,100
19.0988,100,100
19.0977,100,100
19.0965,100,100
19.0954,100,100
19.0942,100,100
19.093,100,100
19.0919,100,100
19.0907,100,100
19.0896,100,100
19.0884,100,100
19.0872,100,100
19.0861,100,100
19.0849,100,100
19.0838,100,100
19.0826,100,100
19.0814,100,100
19.0803,100,100
19.0791,100,100
19.078,100,100
19.0768,100,100
19.0756,100,100
19.0745,100,100
19.0733,100,100
19.0722,100,100
19.071,100,100
19.0698,100,100
19.0687,100,100
19.0675,100,100
19.0664,100,100
19.0652,100,100
19.0641,100,100
19.0629,100,100
19.0617,100,100
19.0606,100,100
19.0594,100,100
19.0583,100,100
19.0571,100,100
19.0559,100,100
19.0548,100,100
19.0536,100,100
19.0525,100,100
19.0513,100,100
19.0501,100,100
19.049,100,100
19.0478,100,100
19.0467,100,100
19.0455,100,100
19.0443,100,100
19.0432,100,100
19.042,100,100
19.0409,100,100
19.0397,100,100
19.0385,100,100
19.0374,100,100
19.0362,100,100
19.0351,100,100
19.0339,100,100
19.0327,100,100
19.0316,100,100
19.0304,100,100
19.0293,100,100
19.0281,100,100
19.0269,100,100
19.0258,100,100
19.0246,100,100
19.0235,100,100
19.0223,100,100
19.0212,100,100
19.02,100,100
19.0188,100,100
19.0177,100,100
19.0165,100,100
19.0154,100,100
19.0142,100,100
19.013,100,100
19.0119,100,100
19.0107,100,100
19.0096,100,100
19.0084,100,100
19.0072,100,100
19.0061,100,100
19.0049,100,100
19.0038,100,100
19.0026,100,100
19.0014,100,100
19.0003,100,100
18.9991,100,100
18.998,100,100
18.9968,100,100
18.9956,100,100
18.9945,100,100
18.9933,100,100
18.9922,100,100
18.991,100,100
18.9898,100,100
18.9887,100,100
18.9875,100,100
18.9864,100,100
18.9852,100,100
18.984,100,100
18.9829,100,100
18.9817,100,100
18.9806,100,100
18.9794,100,100
18.9782,100,100
18.9771,100,100
18.9759,100,100
18.9748,100,100
18.9736,100,100
18.9725,100,100
18.9713,100,100
18.9701,100,100
18.969,100,100
18.9678,100,100
18.9667,100,100
18.9655,100,100
18.9643,100,100
18.9632,100,100
18.962,100,100
18.9609,100,100
18.9597,100,100
18.9585,100,100
18.9574,100,100
18.9562,100,100
18.9551,100,100
18.9539,100,100
18.9527,100,100
18.9516,100,100
18.9504,100,100
18.9493,100,100
18.9481,100,100
18.9469,100,100
18.9458,100,100
18.9446,100,100
18.9435,100,100
18.9423,100,100
18.9411,100,100
18.94,100,100
18.9388,100,100
18.9377,100,100
18.9365,100,100
18.9353,100,100
18.9342,100,100
18.933,100,100
18.9319,100,100
18.9307,100,100
18.9295,100,100
18.9284,100,100
18.9272,100,100
18.9261,100,100
18.9249,100,100
18.9238,100,100
18.9226,100,100
18.9214,100,100
18.9203,100,100
18.9191,100,100
18.918,100,100
18.9168,100,100
18.9156,100,100
18.9145,100,100
18.9133,100,100
18.9122,100,100
18.911,100,100
18.9098,100,100
18.9087,100,100
18.9075,100,100
18.9064,100,100
18.9052,100,100
18.904,100,100
18.9029,100,100
18.9017,100,100
18.9006,100,100
18.8994,100,100
18.8982,100,100
18.8971,100,100
18.8959,100,100
18.8948,100,100
18.8936,100,100
18.8924,100,100
18.8913,100,100
18.8901,100,100
18.889,100,100
18.8878,100,100
18.8866,100,100
18.8855,100,100
18.8843,100,100
18.8832,100,100
18.882,100,100
18.8808,100,100
18.8797,100,100
18.8785,100,100
18.8773,100,100
18.8762,100,100
18.875,100,100
18.8739,100,100
18.8727,100,100
18.8715,100,100
18.8704,100,100
18.8692,100,100
18.868,100,100
18.8669,100,100
18.8657,100,100
18.8646,100,100
18.8634,100,100
18.8622,100,100
18.8611,100,100
18.8599,100,100
18.8587,100,100
18.8576,100,100
18.8564,100,100
18.8552,100,100
18.8541,100,100
18.8529,100,100
18.8518,100,100
18.8506,100,100
18.8494,100,100
18.8483,100,100
18.8471,100,100
18.8459,100,100
18.8448,100,100
18.8436,100,100
18.8424,100,100
18.8413,100,100
18.8401,100,100
18.839,100,100
18.8378,100,100
18.8366,100,100
18.8355,100,100
18.8343,100,100
18.8331,100,100
18.832,100,100
18.8308,100,100
18.8297,100,100
18.8285,100,100
18.8273,100,100
18.8262,100,100
18.825,100,100
18.8238,100,100
18.8227,100,100
18.8215,100,100
18.8203,100,100
18.8192,100,100
18.818,100,100
18.8169,100,100
18.8157,100,100
18.8145,100,100
18.8134,100,100
18.8122,100,100
18.811,100,100
18.8099,100,100
18.8087,100,100
18.8076,100,100
18.8064,100,100
18.8052,100,100
18.8041,100,100
18.8029,100,100
18.8017,100,100
18.8006,100,100
18.7994,100,100
18.7982,100,100
18.7971,100,100
18.7959,100,100
18.7948,100,100
18.7936,100,100
18.7924,100,100
18.7913,100,100
18.7901,100,100
18.7889,100,100
18.7878,100,100
18.7866,100,100
18.7854,100,100
18.7843,100,100
18.7831,100,100
18.782,100,100
18.7808,100,100
18.7796,100,100
18.7785,100,100
18.7773,100,100
18.7761,100,100
18.775,100,100
18.7738,100,100
18.7727,100,100
18.7715,100,100
18.7703,100,100
18.7692,100,100
18.768,100,100
18.7668,100,100
18.7657,100,100
18.7645,100,100
18.7633,100,100
18.7622,100,100
18.761,100,100
18.7598,100,100
18.7587,100,100
18.7575,100,100
18.7564,100,100
18.7552,100,100
18.754,100,100
18.7529,100,100
18.7517,100,100
18.7505,100,100
18.7494,100,100
18.7482,100,100
18.747,100,100
18.7459,100,100
18.7447,100,100
18.7435,100,100
18.7424,100,100
18.7412,100,100
18.74,100,100
18.7389,100,100
18.7377,100,100
18.7366,100,100
18.7354,100,100
18.7342,100,100
18.7331,100,100
18.7319,100,100
18.7307,100,100
18.7296,100,100
18.7284,100,100
18.7272,100,100
18.7261,100,100
18.7249,100,100
18.7237,100,100
18.7226,100,100
18.7214,100,100
18.7202,100,100
18.7191,100,100
18.7179,100,100
18.7168,100,100
18.7156,100,100
18.7144,100,100
18.7133,100,100
18.7121,100,100
18.7109,100,100
18.7098,100,100
18.7086,100,100
18.7074,100,100
18.7063,100,100
18.7051,100,100
18.7039,100,100
18.7028,100,100
18.7016,100,100
18.7004,100,100
18.6993,100,100
18.6981,100,100
18.697,100,100
18.6958,100,100
18.6946,100,100
18.6935,100,100
18.6923,100,100
18.6911,100,100
18.69,100,100
18.6888,100,100
18.6876,100,100
18.6865,100,100
18.6853,100,100
18.6841,100,100
18.683,100,100
18.6818,100,100
18.6807,100,100
18.6795,100,100
18.6783,100,100
18.6772,100,100
18.676,100,100
18.6748,100,100
18.6737,100,100
18.6725,100,100
18.6713,100,100
18.6702,100,100
18.669,100,100
18.6678,100,100
18.6667,100,100
18.6655,100,100
18.6643,100,100
18.6632,100,100
18.662,100,100
18.6609,100,100
18.6597,100,100
18.6585,100,100
18.6574,100,100
18.6562,100,100
18.655,100,100
18.6539,100,100
18.6527,100,100
18.6515,100,100
18.6504,100,100
18.6492,100,100
18.648,100,100
18.6469,100,100
18.6457,100,100
18.6445,100,100
18.6434,100,100
18.6422,100,100
18.6411,100,100
18.6399,100,100
18.6387,100,100
18.6376,100,100
18.6364,100,100
18.6352,100,100
18.6341,100,100
18.6329,100,100
18.6317,100,100
18.6306,100,100
18.6294,100,100
18.6282,100,100
18.6271,100,100
18.6259,100,100
18.6247,100,100
18.6236,100,100
18.6224,100,100
18.6213,100,100
18.6201,100,100
18.6189,100,100
18.6178,100,100
18.6166,100,100
18.6154,100,100
18.6143,100,100
18.6131,100,100
18.6119,100,100
18.6108,100,100
18.6096,100,100
18.6084,100,100
18.6073,100,100
18.6061,100,100
18.6049,100,100
18.6038,100,100
18.6026,100,100
18.6015,100,100
18.6003,100,100
18.5991,100,100
18.598,100,100
18.5968,100,100
18.5956,100,100
18.5945,100,100
18.5933,100,100
18.5921,100,100
18.591,100,100
18.5898,100,100
18.5886,100,100
18.5875,100,100
18.5863,100,100
18.5851,100,100
18.584,100,100
18.5828,100,100
18.5817,100,100
18.5805,100,100
18.5793,100,100
18.5782,100,100
18.577,100,100
18.5758,100,100
18.5747,100,100
18.5735,100,100
18.5723,100,100
18.5712,100,100
18.57,100,100
18.5688,100,100
18.5677,100,100
18.5665,100,100
18.5653,100,100
18.5642,100,100
18.563,100,100
18.5619,100,100
18.5607,100,100
18.5595,100,100
18.5584,100,100
18.5572,100,100
18.556,100,100
18.5549,100,100
18.5537,100,100
18.5525,100,100
18.5514,100,100
18.5502,100,100
18.549,100,100
18.5479,100,100
18.5467,100,100
18.5456,100,100
18.5444,100,100
18.5432,100,100
18.5421,100,100
18.5409,100,100
18.5397,100,100
18.5386,100,100
18.5374,100,100
18.5362,100,100
18.5351,100,100
18.5339,100,100
18.5327,100,100
18.5316,100,100
18.5304,100,100
18.5292,100,100
18.5281,100,100
18.5269,100,100
18.5257,100,100
18.5245,100,100
18.5234,100,100
18.5222,100,100
18.521,100,100
18.5199,100,100
18.5187,100,100
18.5175,100,100
18.5164,100,100
18.5152,100,100
18.514,100,100
18.5129,100,100
18.5117,100,100
18.5105,100,100
18.5093,100,100
18.5082,100,100
18.507,100,100
18.5058,100,100
18.5047,100,100
18.5035,100,100
18.5023,100,100
18.5012,100,100
18.5,100,100
18.4988,100,100
18.4977,100,100
18.4965,100,100
18.4953,100,100
18.4942,100,100
18.493,100,100
18.4918,100,100
18.4906,100,100
18.4895,100,100
18.4883,100,100
18.4871,100,100
18.486,100,100
18.4848,100,100
18.4836,100,100
18.4825,100,100
18.4813,100,100
18.4801,100,100
18.479,100,100
18.4778,100,100
18.4766,100,100
18.4754,100,100
18.4743,100,100
18.4731,100,100
18.4719,100,100
18.4708,100,100
18.4696,100,100
18.4684,100,100
18.4673,100,100
18.4661,100,100
18.4649,100,100
18.4638,100,100
18.4626,100,100
18.4614,100,100
18.4602,100,100
18.4591,100,100
18.4579,100,100
18.4567,100,100
18.4556,100,100
18.4544,100,100
18.4532,100,100
18.4521,100,100
18.4509,100,100
18.4497,100,100
18.4486,100,100
18.4474,100,100
18.4462,100,100
18.4451,100,100
18.4439,100,100
18.4427,100,100
18.4415,100,100
18.4404,100,100
18.4392,100,100
18.438,100,100
18.4369,100,100
18.4357,100,100
18.4345,100,100
18.4334,100,100
18.4322,100,100
18.431,100,100
18.4299,100,100
18.4287,100,100
18.4275,100,100
18.4263,100,100
18.4252,100,100
18.424,100,100
18.4228,100,100
18.4217,100,100
18.4205,100,100
18.4193,100,100
18.4182,100,100
18.417,100,100
18.4158,100,100
18.4147,100,100
18.4135,100,100
18.4123,100,100
18.4111,100,100
18.41,100,100
18.4088,100,100
18.4076,100,100
18.4065,100,100
18.4053,100,100
18.4041,100,100
18.403,100,100
18.4018,100,100
18.4006,100,100
18.3994,100,100
18.3983,100,100
18.3971,100,100
18.3959,100,100
18.3948,100,100
18.3936,100,100
18.3924,100,100
18.3913,100,100
18.3901,100,100
18.3889,100,100
18.3877,100,100
18.3866,100,100
18.3854,100,100
18.3842,100,100
18.3831,100,100
18.3819,100,100
18.3807,100,100
18.3796,100,100
18.3784,100,100
18.3772,100,100
18.376,100,100
18.3749,100,100
18.3737,100,100
18.3725,100,100
18.3714,100,100
18.3702,100,100
18.369,100,100
18.3679,100,100
18.3667,100,100
18.3655,100,100
18.3644,100,100
18.3632,100,100
18.362,100,100
18.3608,100,100
18.3597,100,100
18.3585,100,100
18.3573,100,100
18.3562,100,100
18.355,100,100
18.3538,100,100
18.3527,100,100
18.3515,100,100
18.3503,100,100
18.3491,100,100
18.348,100,100
18.3468,100,100
18.3456,100,100
18.3445,100,100
18.3433,100,100
18.3421,100,100
18.341,100,100
18.3398,100,100
18.3386,100,100
18.3374,100,100
18.3363,100,100
18.3351,100,100
18.3339,100,100
18.3328,100,100
18.3316,100,100
18.3304,100,100
18.3293,100,100
18.3281,100,100
18.3269,100,100
18.3257,100,100
18.3246,100,100
18.3234,100,100
18.3222,100,100
18.3211,100,100
18.3199,100,100
18.3187,100,100
18.3176,100,100
18.3164,100,100
18.3152,100,100
18.3141,100,100
18.3129,100,100
18.3117,100,100
18.3105,100,100
18.3094,100,100
18.3082,100,100
18.307,100,100
18.3059,100,100
18.3047,100,100
18.3035,100,100
18.3024,100,100
18.3012,100,100
18.3,100,100
18.2988,100,100
18.2977,100,100
18.2965,100,100
18.2953,100,100
18.2942,100,100
18.293,100,100
18.2918,100,100
18.2907,100,100
18.2895,100,100
18.2883,100,100
18.2871,100,100
18.286,100,100
18.2848,100,100
18.2836,100,100
18.2825,100,100
18.2813,100,100
18.2801,100,100
18.279,100,100
18.2778,100,100
18.2766,100,100
18.2754,100,100
18.2743,100,100
18.2731,100,100
18.2719,100,100
18.2708,100,100
18.2696,100,100
18.2684,100,100
18.2673,100,100
18.2661,100,100
18.2649,100,100
18.2637,100,100
18.2626,100,100
18.2614,100,100
18.2602,100,100
18.2591,100,100
18.2579,100,100
18.2567,100,100
18.2556,100,100
18.2544,100,100
18.2532,100,100
18.2521,100,100
18.2509,100,100
18.2497,100,100
18.2485,100,100
18.2474,100,100
18.2462,100,100
18.245,100,100
18.2439,100,100
18.2427,100,100
18.2415,100,100
18.2404,100,100
18.2392,100,100
18.238,100,100
18.2368,100,100
18.2357,100,100
18.2345,100,100
18.2333,100,100
18.2322,100,100
18.231,100,100
18.2298,100,100
18.2287,100,100
18.2275,100,100
18.2263,100,100
18.2251,100,100
18.224,100,100
18.2228,100,100
18.2216,100,100
18.2205,100,100
18.2193,100,100
18.2181,100,100
18.217,100,100
18.2158,100,100
18.2146,100,100
18.2134,100,100
18.2123,100,100
18.2111,100,100
18.2099,100,100
18.2088,100,100
18.2076,100,100
18.2064,100,100
18.2053,100,100
18.2041,100,100
18.2029,100,100
18.2018,100,100
18.2006,100,100
18.1994,100,100
18.1982,100,100
18.1971,100,100
18.1959,100,100
18.1947,100,100
18.1936,100,100
18.1924,100,100
18.1912,100,100
18.1901,100,100
18.1889,100,100
18.1877,100,100
18.1865,100,100
18.1854,100,100
18.1842,100,100
18.183,100,100
18.1819,100,100
18.1807,100,100
18.1795,100,100
18.1784,100,100
18.1772,100,100
18.176,100,100
18.1749,100,100
18.1737,100,100
18.1725,100,100
18.1714,100,100
18.1702,100,100
18.169,100,100
18.1679,100,100
18.1667,100,100
18.1655,100,100
18.1643,100,100
18.1632,100,100
18.162,100,100
18.1608,100,100
18.1597,100,100
18.1585,100,100
18.1573,100,100
18.1562,100,100
18.155,100,100
18.1538,100,100
18.1527,100,100
18.1515,100,100
18.1503,100,100
18.1492,100,100
18.148,100,100
18.1468,100,100
18.1457,100,100
18.1445,100,100
18.1433,100,100
18.1422,100,100
18.141,100,100
18.1398,100,100
18.1387,100,100
18.1375,100,100
18.1363,100,100
18.1352,100,100
18.134,100,100
18.1328,100,100
18.1316,100,100
18.1305,100,100
18.1293,100,100
18.1281,100,100
18.127,100,100
18.1258,100,100
18.1246,100,100
18.1235,100,100
18.1223,100,100
18.1211,100,100
18.12,100,100
18.1188,100,100
18.1176,100,100
18.1165,100,100
18.1153,100,100
18.1141,100,100
18.113,100,100
18.1118,100,100
18.1106,100,100
18.1095,100,100
18.1083,100,100
18.1071,100,100
18.106,100,100
18.1048,100,100
18.1036,100,100
18.1025,100,100
18.1013,100,100
18.1001,100,100
18.0989,100,100
18.0978,100,100
18.0966,100,100
18.0954,100,100
18.0943,100,100
18.0931,100,100
18.0919,100,100
18.0908,100,100
18.0896,100,100
18.0884,100,100
18.0873,100,100
18.0861,100,100
18.0849,100,100
18.0838,100,100
18.0826,100,100
18.0814,100,100
18.0803,100,100
18.0791,100,100
18.0779,100,100
18.0768,100,100
18.0756,100,100
18.0744,100,100
18.0733,100,100
18.0721,100,100
18.0709,100,100
18.0698,100,100
18.0686,100,100
18.0674,100,100
18.0662,100,100
18.0651,100,100
18.0639,100,100
18.0627,100,100
18.0616,100,100
18.0604,100,100
18.0592,100,100
18.0581,100,100
18.0569,100,100
18.0557,100,100
18.0546,100,100
18.0534,100,100
18.0522,100,100
18.0511,100,100
18.0499,100,100
18.0487,100,100
18.0476,100,100
18.0464,100,100
18.0452,100,100
18.0441,100,100
18.0429,100,100
18.0417,100,100
18.0405,100,100
18.0394,100,100
18.0382,100,100
18.037,100,100
18.0359,100,100
18.0347,100,100
18.0335,100,100
18.0324,100,100
18.0312,100,100
18.03,100,100
18.0289,100,100
18.0277,100,100
18.0265,100,100
18.0254,100,100
18.0242,100,100
18.023,100,100
18.0219,100,100
18.0207,100,100
18.0195,100,100
18.0183,100,100
18.0172,100,100
18.016,100,100
18.0148,100,100
18.0137,100,100
18.0125,100,100
18.0113,100,100
18.0102,100,100
18.009,100,100
18.0078,100,100
18.0067,100,100
18.0055,100,100
18.0043,100,100
18.0032,100,100
18.002,100,100
18.0008,100,100
17.9997,100,100
17.9985,100,100
17.9973,100,100
17.9962,100,100
17.995,100,100
17.9938,100,100
17.9926,100,100
17.9915,100,100
17.9903,100,100
17.9891,100,100
17.988,100,100
17.9868,100,100
17.9856,100,100
17.9845,100,100
17.9833,100,100
17.9821,100,100
17.981,100,100
17.9798,100,100
17.9786,100,100
17.9775,100,100
17.9763,100,100
17.9751,100,100
17.974,100,100
17.9728,100,100
17.9716,100,100
17.9705,100,100
17.9693,100,100
17.9681,100,100
17.9669,100,100
17.9658,100,100
17.9646,100,100
17.9634,100,100
17.9623,100,100
17.9611,100,100
17.9599,100,100
17.9588,100,100
17.9576,100,100
17.9564,100,100
17.9553,100,100
17.9541,100,100
17.9529,100,100
17.9518,100,100
17.9506,100,100
17.9494,100,100
17.9483,100,100
17.9471,100,100
17.9459,100,100
17.9447,100,100
17.9436,100,100
17.9424,100,100
17.9412,100,100
17.9401,100,100
17.9389,100,100
17.9377,100,100
17.9366,100,100
17.9354,100,100
17.9342,100,100
17.933,100,100
17.9319,100,100
17.9307,100,100
17.9295,100,100
17.9284,100,100
17.9272,100,100
17.926,100,100
17.9249,100,100
17.9237,100,100
17.9225,100,100
17.9213,100,100
17.9202,100,100
17.919,100,100
17.9178,100,100
17.9167,100,100
17.9155,100,100
17.9143,100,100
17.9132,100,100
17.912,100,100
17.9108,100,100
17.9097,100,100
17.9085,100,100
17.9073,100,100
17.9061,100,100
17.905,100,100
17.9038,100,100
17.9026,100,100
17.9015,100,100
17.9003,100,100
17.8991,100,100
17.898,100,100
17.8968,100,100
17.8956,100,100
17.8944,100,100
17.8933,100,100
17.8921,100,100
17.8909,100,100
17.8898,100,100
17.8886,100,100
17.8874,100,100
17.8863,100,100
17.8851,100,100
17.8839,100,100
17.8827,100,100
17.8816,100,100
17.8804,100,100
17.8792,100,100
17.8781,100,100
17.8769,100,100
17.8757,100,100
17.8746,100,100
17.8734,100,100
17.8722,100,100
17.871,100,100
17.8699,100,100
17.8687,100,100
17.8675,100,100
17.8664,100,100
17.8652,100,100
17.864,100,100
17.8629,100,100
17.8617,100,100
17.8605,100,100
17.8594,100,100
17.8582,100,100
17.857,100,100
17.8558,100,100
17.8547,100,100
17.8535,100,100
17.8523,100,100
17.8512,100,100
17.85,100,100
17.8488,100,100
17.8477,100,100
17.8465,100,100
17.8453,100,100
17.8441,100,100
17.843,100,100
17.8418,100,100
17.8406,100,100
17.8395,100,100
17.8383,100,100
17.8371,100,100
17.836,100,100
17.8348,100,100
17.8336,100,100
17.8324,100,100
17.8313,100,100
17.8301,100,100
17.8289,100,100
17.8278,100,100
17.8266,100,100
17.8254,100,100
17.8243,100,100
17.8231,100,100
17.8219,100,100
17.8207,100,100
17.8196,100,100
17.8184,100,100
17.8172,100,100
17.8161,100,100
17.8149,100,100
17.8137,100,100
17.8126,100,100
17.8114,100,100
17.8102,100,100
17.809,100,100
17.8079,100,100
17.8067,100,100
17.8055,100,100
17.8044,100,100
17.8032,100,100
17.802,100,100
17.8009,100,100
17.7997,100,100
17.7985,100,100
17.7974,100,100
17.7962,100,100
17.795,100,100
17.7938,100,100
17.7927,100,100
17.7915,100,100
17.7903,100,100
17.7892,100,100
17.788,100,100
17.7868,100,100
17.7857,100,100
17.7845,100,100
17.7833,100,100
17.7821,100,100
17.781,100,100
17.7798,100,100
17.7786,100,100
17.7775,100,100
17.7763,100,100
17.7751,100,100
17.774,100,100
17.7728,100,100
17.7716,100,100
17.7704,100,100
17.7693,100,100
17.7681,100,100
17.7669,100,100
17.7658,100,100
17.7646,100,100
17.7634,100,100
17.7623,100,100
17.7611,100,100
17.7599,100,100
17.7587,100,100
17.7576,100,100
17.7564,100,100
17.7552,100,100
17.7541,100,100
17.7529,100,100
17.7517,100,100
17.7506,100,100
17.7494,100,100
17.7482,100,100
17.7471,100,100
17.7459,100,100
17.7447,100,100
17.7435,100,100
17.7424,100,100
17.7412,100,100
17.74,100,100
17.7389,100,100
17.7377,100,100
17.7365,100,100
17.7354,100,100
17.7342,100,100
17.733,100,100
17.7318,100,100
17.7307,100,100
17.7295,100,100
17.7283,100,100
17.7272,100,100
17.726,100,100
17.7248,100,100
17.7237,100,100
17.7225,100,100
17.7213,100,100
17.7201,100,100
17.719,100,100
17.7178,100,100
17.7166,100,100
17.7155,100,100
17.7143,100,100
17.7131,100,100
17.712,100,100
17.7108,100,100
17.7096,100,100
17.7084,100,100
17.7073,100,100
17.7061,100,100
17.7049,100,100
17.7038,100,100
17.7026,100,100
17.7014,100,100
17.7003,100,100
17.6991,100,100
17.6979,100,100
17.6967,100,100
17.6956,100,100
17.6944,100,100
17.6932,100,100
17.6921,100,100
17.6909,100,100
17.6897,100,100
17.6886,100,100
17.6874,100,100
17.6862,100,100
17.6851,100,100
17.6839,100,100
17.6827,100,100
17.6815,100,100
17.6804,100,100
17.6792,100,100
17.678,100,100
17.6769,100,100
17.6757,100,100
17.6745,100,100
17.6734,100,100
17.6722,100,100
17.671,100,100
17.6698,100,100
17.6687,100,100
17.6675,100,100
17.6663,100,100
17.6652,100,100
17.664,100,100
17.6628,100,100
17.6617,100,100
17.6605,100,100
17.6593,100,100
17.6581,100,100
17.657,100,100
17.6558,100,100
17.6546,100,100
17.6535,100,100
17.6523,100,100
17.6511,100,100
17.65,100,100
17.6488,100,100
17.6476,100,100
17.6464,100,100
17.6453,100,100
17.6441,100,100
17.6429,100,100
17.6418,100,100
17.6406,100,100
17.6394,100,100
17.6383,100,100
17.6371,100,100
17.6359,100,100
17.6348,100,100
17.6336,100,100
17.6324,100,100
17.6312,100,100
17.6301,100,100
17.6289,100,100
17.6277,100,100
17.6266,100,100
17.6254,100,100
17.6242,100,100
17.6231,100,100
17.6219,100,100
17.6207,100,100
17.6195,100,100
17.6184,100,100
17.6172,100,100
17.616,100,100
17.6149,100,100
17.6137,100,100
17.6125,100,100
17.6114,100,100
17.6102,100,100
17.609,100,100
17.6078,100,100
17.6067,100,100
17.6055,100,100
17.6043,100,100
17.6032,100,100
17.602,100,100
17.6008,100,100
17.5997,100,100
17.5985,100,100
17.5973,100,100
17.5961,100,100
17.595,100,100
17.5938,100,100
17.5926,100,100
17.5915,100,100
17.5903,100,100
17.5891,100,100
17.588,100,100
17.5868,100,100
17.5856,100,100
17.5845,100,100
17.5833,100,100
17.5821,100,100
17.5809,100,100
17.5798,100,100
17.5786,100,100
17.5774,100,100
17.5763,100,100
17.5751,100,100
17.5739,100,100
17.5728,100,100
17.5716,100,100
17.5704,100,100
17.5692,100,100
17.5681,100,100
17.5669,100,100
17.5657,100,100
17.5646,100,100
17.5634,100,100
17.5622,100,100
17.5611,100,100
17.5599,100,100
17.5587,100,100
17.5575,100,100
17.5564,100,100
17.5552,100,100
17.554,100,100
17.5529,100,100
17.5517,100,100
17.5505,100,100
17.5494,100,100
17.5482,100,100
17.547,100,100
17.5458,100,100
17.5447,100,100
17.5435,100,100
17.5423,100,100
17.5412,100,100
17.54,100,100
17.5388,100,100
17.5377,100,100
17.5365,100,100
17.5353,100,100
17.5341,100,100
17.533,100,100
17.5318,100,100
17.5306,100,100
17.5295,100,100
17.5283,100,100
17.5271,100,100
17.526,100,100
17.5248,100,100
17.5236,100,100
17.5225,100,100
17.5213,100,100
17.5201,100,100
17.5189,100,100
17.5178,100,100
17.5166,100,100
17.5154,100,100
17.5143,100,100
17.5131,100,100
17.5119,100,100
17.5108,100,100
17.5096,100,100
17.5084,100,100
17.5072,100,100
17.5061,100,100
17.5049,100,100
17.5037,100,100
17.5026,100,100
17.5014,100,100
17.5002,100,100
17.4991,100,100
17.4979,100,100
17.4967,100,100
17.4955,100,100
17.4944,100,100
17.4932,100,100
17.492,100,100
17.4909,100,100
17.4897,100,100
17.4885,100,100
17.4874,100,100
17.4862,100,100
17.485,100,100
17.4838,100,100
17.4827,100,100
17.4815,100,100
17.4803,100,100
17.4792,100,100
17.478,100,100
17.4768,100,100
17.4757,100,100
17.4745,100,100
17.4733,100,100
17.4722,100,100
17.471,100,100
17.4698,100,100
17.4686,100,100
17.4675,100,100
17.4663,100,100
17.4651,100,100
17.464,100,100
17.4628,100,100
17.4616,100,100
17.4605,100,100
17.4593,100,100
17.4581,100,100
17.4569,100,100
17.4558,100,100
17.4546,100,100
17.4534,100,100
17.4523,100,100
17.4511,100,100
17.4499,100,100
17.4488,100,100
17.4476,100,100
17.4464,100,100
17.4452,100,100
17.4441,100,100
17.4429,100,100
17.4417,100,100
17.4406,100,100
17.4394,100,100
17.4382,100,100
17.4371,100,100
17.4359,100,100
17.4347,100,100
17.4336,100,100
17.4324,100,100
17.4312,100,100
17.43,100,100
17.4289,100,100
17.4277,100,100
17.4265,100,100
17.4254,100,100
17.4242,100,100
17.423,100,100
17.4219,100,100
17.4207,100,100
17.4195,100,100
17.4183,100,100
17.4172,100,100
17.416,100,100
17.4148,100,100
17.4137,100,100
17.4125,100,100
17.4113,100,100
17.4102,100,100
17.409,100,100
17.4078,100,100
17.4066,100,100
17.4055,100,100
17.4043,100,100
17.4031,100,100
17.402,100,100
17.4008,100,100
17.3996,100,100
17.3985,100,100
17.3973,100,100
17.3961,100,100
17.3949,100,100
17.3938,100,100
17.3926,100,100
17.3914,100,100
17.3903,100,100
17.3891,100,100
17.3879,100,100
17.3868,100,100
17.3856,100,100
17.3844,100,100
17.3833,100,100
17.3821,100,100
17.3809,100,100
17.3797,100,100
17.3786,100,100
17.3774,100,100
17.3762,100,100
17.3751,100,100
17.3739,100,100
17.3727,100,100
17.3716,100,100
17.3704,100,100
17.3692,100,100
17.368,100,100
17.3669,100,100
17.3657,100,100
17.3645,100,100
17.3634,100,100
17.3622,100,100
17.361,100,100
17.3599,100,100
17.3587,100,100
17.3575,100,100
17.3563,100,100
17.3552,100,100
17.354,100,100
17.3528,100,100
17.3517,100,100
17.3505,100,100
17.3493,100,100
17.3482,100,100
17.347,100,100
17.3458,100,100
17.3447,100,100
17.3435,100,100
17.3423,100,100
17.3411,100,100
17.34,100,100
17.3388,100,100
17.3376,100,100
17.3365,100,100
17.3353,100,100
17.3341,100,100
17.333,100,100
17.3318,100,100
17.3306,100,100
17.3294,100,100
17.3283,100,100
17.3271,100,100
17.3259,100,100
17.3248,100,100
17.3236,100,100
17.3224,100,100
17.3213,100,100
17.3201,100,100
17.3189,100,100
17.3178,100,100
17.3166,100,100
17.3154,100,100
17.3142,100,100
17.3131,100,100
17.3119,100,100
17.3107,100,100
17.3096,100,100
17.3084,100,100
17.3072,100,100
17.3061,100,100
17.3049,100,100
17.3037,100,100
17.3025,100,100
17.3014,100,100
17.3002,100,100
17.299,100,100
17.2979,100,100
17.2967,100,100
17.2955,100,100
17.2944,100,100
17.2932,100,100
17.292,100,100
17.2909,100,100
17.2897,100,100
17.2885,100,100
17.2873,100,100
17.2862,100,100
17.285,100,100
17.2838,100,100
17.2827,100,100
17.2815,100,100
17.2803,100,100
17.2792,100,100
17.278,100,100
17.2768,100,100
17.2756,100,100
17.2745,100,100
17.2733,100,100
17.2721,100,100
17.271,100,100
17.2698,100,100
17.2686,100,100
17.2675,100,100
17.2663,100,100
17.2651,100,100
17.2639,100,100
17.2628,100,100
17.2616,100,100
17.2604,100,100
17.2593,100,100
17.2581,100,100
17.2569,100,100
17.2558,100,100
17.2546,100,100
17.2534,100,100
17.2523,100,100
17.2511,100,100
17.2499,100,100
17.2487,100,100
17.2476,100,100
17.2464,100,100
17.2452,100,100
17.2441,100,100
17.2429,100,100
17.2417,100,100
17.2406,100,100
17.2394,100,100
17.2382,100,100
17.237,100,100
17.2359,100,100
17.2347,100,100
17.2335,100,100
17.2324,100,100
17.2312,100,100
17.23,100,100
17.2289,100,100
17.2277,100,100
17.2265,100,100
17.2253,100,100
17.2242,100,100
17.223,100,100
17.2218,100,100
17.2207,100,100
17.2195,100,100
17.2183,100,100
17.2172,100,100
17.216,100,100
17.2148,100,100
17.2137,100,100
17.2125,100,100
17.2113,100,100
17.2101,100,100
17.209,100,100
17.2078,100,100
17.2066,100,100
17.2055,100,100
17.2043,100,100
17.2031,100,100
17.202,100,100
17.2008,100,100
17.1996,100,100
17.1984,100,100
17.1973,100,100
17.1961,100,100
17.1949,100,100
17.1938,100,100
17.1926,100,100
17.1914,100,100
17.1903,100,100
17.1891,100,100
17.1879,100,100
17.1867,100,100
17.1856,100,100
17.1844,100,100
17.1832,100,100
17.1821,100,100
17.1809,100,100
17.1797,100,100
17.1786,100,100
17.1774,100,100
17.1762,100,100
17.175,100,100
17.1739,100,100
17.1727,100,100
17.1715,100,100
17.1704,100,100
17.1692,100,100
17.168,100,100
17.1669,100,100
17.1657,100,100
17.1645,100,100
17.1633,100,100
17.1622,100,100
17.161,100,100
17.1598,100,100
17.1587,100,100
17.1575,100,100
17.1563,100,100
17.1552,100,100
17.154,100,100
17.1528,100,100
17.1517,100,100
17.1505,100,100
17.1493,100,100
17.1481,100,100
17.147,100,100
17.1458,100,100
17.1446,100,100
17.1435,100,100
17.1423,100,100
17.1411,100,100
17.14,100,100
17.1388,100,100
17.1376,100,100
17.1364,100,100
17.1353,100,100
17.1341,100,100
17.1329,100,100
17.1318,100,100
17.1306,100,100
17.1294,100,100
17.1283,100,100
17.1271,100,100
17.1259,100,100
17.1247,100,100
17.1236,100,100
17.1224,100,100
17.1212,100,100
17.1201,100,100
17.1189,100,100
17.1177,100,100
17.1166,100,100
17.1154,100,100
17.1142,100,100
17.113,100,100
17.1119,100,100
17.1107,100,100
17.1095,100,100
17.1084,100,100
17.1072,100,100
17.106,100,100
17.1049,100,100
17.1037,100,100
17.1025,100,100
17.1014,100,100
17.1002,100,100
17.099,100,100
17.0978,100,100
17.0967,100,100
17.0955,100,100
17.0943,100,100
17.0932,100,100
17.092,100,100
17.0908,100,100
17.0897,100,100
17.0885,100,100
17.0873,100,100
17.0861,100,100
17.085,100,100
17.0838,100,100
17.0826,100,100
17.0815,100,100
17.0803,100,100
17.0791,100,100
17.078,100,100
17.0768,100,100
17.0756,100,100
17.0744,100,100
17.0733,100,100
17.0721,100,100
17.0709,100,100
17.0698,100,100
17.0686,100,100
17.0674,100,100
17.0663,100,100
17.0651,100,100
17.0639,100,100
17.0627,100,100
17.0616,100,100
17.0604,100,100
17.0592,100,100
17.0581,100,100
17.0569,100,100
17.0557,100,100
17.0546,100,100
17.0534,100,100
17.0522,100,100
17.0511,100,100
17.0499,100,100
17.0487,100,100
17.0475,100,100
17.0464,100,100
17.0452,100,100
17.044,100,100
17.0429,100,100
17.0417,100,100
17.0405,100,100
17.0394,100,100
17.0382,100,100
17.037,100,100
17.0358,100,100
17.0347,100,100
17.0335,100,100
17.0323,100,100
17.0312,100,100
17.03,100,100
17.0288,100,100
17.0277,100,100
17.0265,100,100
17.0253,100,100
17.0241,100,100
17.023,100,100
17.0218,100,100
17.0206,100,100
17.0195,100,100
17.0183,100,100
17.0171,100,100
17.016,100,100
17.0148,100,100
17.0136,100,100
17.0125,100,100
17.0113,100,100
17.0101,100,100
17.009,100,100
17.0078,100,100
17.0066,100,100
17.0055,100,100
17.0043,100,100
17.0031,100,100
17.002,100,100
17.0008,100,100
16.9996,100,100
16.9985,100,100
16.9973,100,100
16.9961,100,100
16.995,100,100
16.9938,100,100
16.9926,100,100
16.9915,100,100
16.9903,100,100
16.9891,100,100
16.988,100,100
16.9868,100,100
16.9856,100,100
16.9845,100,100
16.9833,100,100
16.9821,100,100
16.981,100,100
16.9798,100,100
16.9786,100,100
16.9775,100,100
16.9763,100,100
16.9751,100,100
16.974,100,100
16.9728,100,100
16.9716,100,100
16.9705,100,100
16.9693,100,100
16.9682,100,100
16.967,100,100
16.9658,100,100
16.9647,100,100
16.9635,100,100
16.9623,100,100
16.9612,100,100
16.96,100,100
16.9588,100,100
16.9577,100,100
16.9565,100,100
16.9553,100,100
16.9542,100,100
16.953,100,100
16.9518,100,100
16.9507,100,100
16.9495,100,100
16.9483,100,100
16.9472,100,100
16.946,100,100
16.9448,100,100
16.9437,100,100
16.9425,100,100
16.9413,100,100
16.9402,100,100
16.939,100,100
16.9378,100,100
16.9367,100,100
16.9355,100,100
16.9343,100,100
16.9332,100,100
16.932,100,100
16.9308,100,100
16.9297,100,100
16.9285,100,100
16.9273,100,100
16.9262,100,100
16.925,100,100
16.9238,100,100
16.9227,100,100
16.9215,100,100
16.9203,100,100
16.9192,100,100
16.918,100,100
16.9169,100,100
16.9157,100,100
16.9145,100,100
16.9134,100,100
16.9122,100,100
16.911,100,100
16.9099,100,100
16.9087,100,100
16.9075,100,100
16.9064,100,100
16.9052,100,100
16.904,100,100
16.9029,100,100
16.9017,100,100
16.9005,100,100
16.8994,100,100
16.8982,100,100
16.897,100,100
16.8959,100,100
16.8947,100,100
16.8935,100,100
16.8923,100,100
16.8912,100,100
16.89,100,100
16.8888,100,100
16.8877,100,100
16.8865,100,100
16.8853,100,100
16.8841,100,100
16.883,100,100
16.8818,100,100
16.8806,100,100
16.8795,100,100
16.8783,100,100
16.8771,100,100
16.8759,100,100
16.8748,100,100
16.8736,100,100
16.8724,100,100
16.8713,100,100
16.8701,100,100
16.8689,100,100
16.8677,100,100
16.8666,100,100
16.8654,100,100
16.8642,100,100
16.8631,100,100
16.8619,100,100
16.8607,100,100
16.8595,100,100
16.8584,100,100
16.8572,100,100
16.856,100,100
16.8549,100,100
16.8537,100,100
16.8525,100,100
16.8513,100,100
16.8502,100,100
16.849,100,100
16.8478,100,100
16.8467,100,100
16.8455,100,100
16.8443,100,100
16.8431,100,100
16.842,100,100
16.8408,100,100
16.8396,100,100
16.8385,100,100
16.8373,100,100
16.8361,100,100
16.8349,100,100
16.8338,100,100
16.8326,100,100
16.8314,100,100
16.8303,100,100
16.8291,100,100
16.8279,100,100
16.8267,100,100
16.8256,100,100
16.8244,100,100
16.8232,100,100
16.8221,100,100
16.8209,100,100
16.8197,100,100
16.8185,100,100
16.8174,100,100
16.8162,100,100
16.815,100,100
16.8139,100,100
16.8127,100,100
16.8115,100,100
16.8103,100,100
16.8092,100,100
16.808,100,100
16.8068,100,100
16.8057,100,100
16.8045,100,100
16.8033,100,100
16.8021,100,100
16.801,100,100
16.7998,100,100
16.7986,100,100
16.7975,100,100
16.7963,100,100
16.7951,100,100
16.7939,100,100
16.7928,100,100
16.7916,100,100
16.7904,100,100
16.7893,100,100
16.7881,100,100
16.7869,100,100
16.7857,100,100
16.7846,100,100
16.7834,100,100
16.7822,100,100
16.7811,100,100
16.7799,100,100
16.7787,100,100
16.7775,100,100
16.7763,100,100
16.7752,100,100
16.774,100,100
16.7728,100,100
16.7716,100,100
16.7704,100,100
16.7692,100,100
16.7681,100,100
16.7669,100,100
16.7657,100,100
16.7645,100,100
16.7633,100,100
16.7622,100,100
16.761,100,100
16.7598,100,100
16.7586,100,100
16.7574,100,100
16.7562,100,100
16.7551,100,100
16.7539,100,100
16.7527,100,100
16.7515,100,100
16.7503,100,100
16.7492,100,100
16.748,100,100
16.7468,100,100
16.7456,100,100
16.7444,100,100
16.7432,100,100
16.7421,100,100
16.7409,100,100
16.7397,100,100
16.7385,100,100
16.7373,100,100
16.7362,100,100
16.735,100,100
16.7338,100,100
16.7326,100,100
16.7314,100,100
16.7302,100,100
16.7291,100,100
16.7279,100,100
16.7267,100,100
16.7255,100,100
16.7243,100,100
16.7232,100,100
16.722,100,100
16.7208,100,100
16.7196,100,100
16.7184,100,100
16.7172,100,100
16.7161,100,100
16.7149,100,100
16.7137,100,100
16.7125,100,100
16.7113,100,100
16.7102,100,100
16.709,100,100
16.7078,100,100
16.7066,100,100
16.7054,100,100
16.7043,100,100
16.7031,100,100
16.7019,100,100
16.7007,100,100
16.6995,100,100
16.6983,100,100
16.6972,100,100
16.696,100,100
16.6948,100,100
16.6936,100,100
16.6924,100,100
16.6913,100,100
16.6901,100,100
16.6889,100,100
16.6877,100,100
16.6865,100,100
16.6853,100,100
16.6842,100,100
16.683,100,100
16.6818,100,100
16.6806,100,100
16.6794,100,100
16.6783,100,100
16.6771,100,100
16.6759,100,100
16.6747,100,100
16.6735,100,100
16.6723,100,100
16.6712,100,100
16.67,100,100
16.6688,100,100
16.6676,100,100
16.6664,100,100
16.6653,100,100
16.6641,100,100
16.6629,100,100
16.6617,100,100
16.6605,100,100
16.6593,100,100
16.6581,100,100
16.6569,100,100
16.6558,100,100
16.6546,100,100
16.6534,100,100
16.6522,100,100
16.651,100,100
16.6498,100,100
16.6486,100,100
16.6474,100,100
16.6462,100,100
16.6451,100,100
16.6439,100,100
16.6427,100,100
16.6415,100,100
16.6403,100,100
16.6391,100,100
16.6379,100,100
16.6367,100,100
16.6355,100,100
16.6344,100,100
16.6332,100,100
16.632,100,100
16.6308,100,100
16.6296,100,100
16.6284,100,100
16.6272,100,100
16.626,100,100
16.6248,100,100
16.6236,100,100
16.6225,100,100
16.6213,100,100
16.6201,100,100
16.6189,100,100
16.6177,100,100
16.6165,100,100
16.6153,100,100
16.6141,100,100
16.6129,100,100
16.6118,100,100
16.6106,100,100
16.6094,100,100
16.6082,100,100
16.607,100,100
16.6058,100,100
16.6046,100,100
16.6034,100,100
16.6022,100,100
16.601,100,100
16.5999,100,100
16.5987,100,100
16.5975,100,100
16.5963,100,100
16.5951,100,100
16.5939,100,100
16.5927,100,100
16.5915,100,100
16.5903,100,100
16.5892,100,100
16.588,100,100
16.5868,100,100
16.5856,100,100
16.5844,100,100
16.5832,100,100
16.582,100,100
16.5808,100,100
16.5796,100,100
16.5785,100,100
16.5773,100,100
16.5761,100,100
16.5749,100,100
16.5737,100,100
16.5725,100,100
16.5713,100,100
16.5701,100,100
16.5689,100,100
16.5677,100,100
16.5666,100,100
16.5654,100,100
16.5642,100,100
16.563,100,100
16.5618,100,100
16.5606,100,100
16.5594,100,100
16.5582,100,100
16.557,100,100
16.5559,100,100
16.5547,100,100
16.5535,100,100
16.5523,100,100
16.5511,100,100
16.5499,100,100
16.5487,100,100
16.5475,100,100
16.5463,100,100
16.5452,100,100
16.544,100,100
16.5428,100,100
16.5416,100,100
16.5404,100,100
16.5392,100,100
16.538,100,100
16.5368,100,100
16.5356,100,100
16.5344,100,100
16.5332,100,100
16.532,100,100
16.5308,100,100
16.5296,100,100
16.5284,100,100
16.5272,100,100
16.526,100,100
16.5248,100,100
16.5236,100,100
16.5224,100,100
16.5212,100,100
16.52,100,100
16.5188,100,100
16.5176,100,100
16.5165,100,100
16.5153,100,100
16.5141,100,100
16.5129,100,100
16.5117,100,100
16.5105,100,100
16.5093,100,100
16.5081,100,100
16.5069,100,100
16.5057,100,100
16.5045,100,100
16.5033,100,100
16.5021,100,100
16.5009,100,100
16.4997,100,100
16.4985,100,100
16.4973,100,100
16.4961,100,100
16.4949,100,100
16.4937,100,100
16.4925,100,100
16.4913,100,100
16.4901,100,100
16.4889,100,100
16.4877,100,100
16.4866,100,100
16.4854,100,100
16.4842,100,100
16.483,100,100
16.4818,100,100
16.4806,100,100
16.4794,100,100
16.4782,100,100
16.477,100,100
16.4758,100,100
16.4746,100,100
16.4734,100,100
16.4722,100,100
16.471,100,100
16.4698,100,100
16.4686,100,100
16.4674,100,100
16.4662,100,100
16.465,100,100
16.4638,100,100
16.4626,100,100
16.4614,100,100
16.4602,100,100
16.459,100,100
16.4578,100,100
16.4566,100,100
16.4555,100,100
16.4543,100,100
16.4531,100,100
16.4519,100,100
16.4507,100,100
16.4495,100,100
16.4483,100,100
16.4471,100,100
16.4459,100,100
16.4447,100,100
16.4435,100,100
16.4423,100,100
16.4411,100,100
16.4399,100,100
16.4387,100,100
16.4375,100,100
16.4363,100,100
16.4351,100,100
16.4339,100,100
16.4327,100,100
16.4315,100,100
16.4303,100,100
16.4291,100,100
16.4279,100,100
16.4267,100,100
16.4255,100,100
16.4244,100,100
16.4232,100,100
16.422,100,100
16.4208,100,100
16.4196,100,100
16.4184,100,100
16.4171,100,100
16.4159,100,100
16.4147,100,100
16.4135,100,100
16.4123,100,100
16.4111,100,100
16.4099,100,100
16.4087,100,100
16.4075,100,100
16.4063,100,100
16.4051,100,100
16.4039,100,100
16.4027,100,100
16.4015,100,100
16.4003,100,100
16.3991,100,100
16.3979,100,100
16.3967,100,100
16.3955,100,100
16.3943,100,100
16.3931,100,100
16.3919,100,100
16.3907,100,100
16.3895,100,100
16.3883,100,100
16.3871,100,100
16.3859,100,100
16.3847,100,100
16.3835,100,100
16.3823,100,100
16.3811,100,100
16.3799,100,100
16.3787,100,100
16.3775,100,100
16.3763,100,100
16.3751,100,100
16.3739,100,100
16.3727,100,100
16.3715,100,100
16.3703,100,100
16.3691,100,100
16.3679,100,100
16.3667,100,100
16.3655,100,100
16.3643,100,100
16.3631,100,100
16.3619,100,100
16.3607,100,100
16.3595,100,100
16.3583,100,100
16.3571,100,100
16.3559,100,100
16.3547,100,100
16.3535,100,100
16.3523,100,100
16.3511,100,100
16.3499,100,100
16.3487,100,100
16.3475,100,100
16.3463,100,100
16.3451,100,100
16.3439,100,100
16.3427,100,100
16.3415,100,100
16.3403,100,100
16.3391,100,100
16.3379,100,100
16.3367,100,100
16.3355,100,100
16.3343,100,100
16.3331,100,100
16.3319,100,100
16.3307,100,100
16.3295,100,100
16.3283,100,100
16.3271,100,100
16.3259,100,100
16.3247,100,100
16.3235,100,100
16.3223,100,100
16.3211,100,100
16.3199,100,100
16.3187,100,100
16.3175,100,100
16.3163,100,100
16.3151,100,100
16.3139,100,100
16.3127,100,100
16.3115,100,100
16.3103,100,100
16.3091,100,100
16.3079,100,100
16.3067,100,100
16.3055,100,100
16.3043,100,100
16.3031,100,100
16.3019,100,100
16.3007,100,100
16.2994,100,100
16.2982,100,100
16.297,100,100
16.2958,100,100
16.2946,100,100
16.2934,100,100
16.2922,100,100
16.291,100,100
16.2898,100,100
16.2886,100,100
16.2874,100,100
16.2862,100,100
16.285,100,100
16.2838,100,100
16.2826,100,100
16.2814,100,100
16.2801,100,100
16.2789,100,100
16.2777,100,100
16.2765,100,100
16.2753,100,100
16.2741,100,100
16.2729,100,100
16.2717,100,100
16.2705,100,100
16.2693,100,100
16.2681,100,100
16.2669,100,100
16.2657,100,100
16.2645,100,100
16.2633,100,100
16.2621,100,100
16.2609,100,100
16.2596,100,100
16.2584,100,100
16.2572,100,100
16.256,100,100
16.2548,100,100
16.2536,100,100
16.2524,100,100
16.2512,100,100
16.25,100,100
16.2488,100,100
16.2476,100,100
16.2464,100,100
16.2452,100,100
16.244,100,100
16.2428,100,100
16.2416,100,100
16.2404,100,100
16.2391,100,100
16.2379,100,100
16.2367,100,100
16.2355,100,100
16.2343,100,100
16.2331,100,100
16.2319,100,100
16.2307,100,100
16.2295,100,100
16.2283,100,100
16.2271,100,100
16.2259,100,100
16.2247,100,100
16.2235,100,100
16.2223,100,100
16.2211,100,100
16.2199,100,100
16.2186,100,100
16.2174,100,100
16.2162,100,100
16.215,100,100
16.2138,100,100
16.2126,100,100
16.2114,100,100
16.2102,100,100
16.209,100,100
16.2078,100,100
16.2066,100,100
16.2054,100,100
16.2042,100,100
16.203,100,100
16.2018,100,100
16.2006,100,100
16.1994,100,100
16.1981,100,100
16.1969,100,100
16.1957,100,100
16.1945,100,100
16.1933,100,100
16.1921,100,100
16.1909,100,100
16.1897,100,100
16.1885,100,100
16.1873,100,100
16.1861,100,100
16.1849,100,100
16.1837,100,100
16.1825,100,100
16.1813,100,100
16.18,100,100
16.1788,100,100
16.1776,100,100
16.1764,100,100
16.1752,100,100
16.174,100,100
16.1728,100,100
16.1716,100,100
16.1704,100,100
16.1691,100,100
16.1679,100,100
16.1667,100,100
16.1655,100,100
16.1643,100,100
16.1631,100,100
16.1619,100,100
16.1607,100,100
16.1595,100,100
16.1583,100,100
16.157,100,100
16.1558,100,100
16.1546,100,100
16.1534,100,100
16.1522,100,100
16.151,100,100
16.1498,100,100
16.1486,100,100
16.1474,100,100
16.1461,100,100
16.1449,100,100
16.1437,100,100
16.1425,100,100
16.1413,100,100
16.1401,100,100
16.1389,100,100
16.1377,100,100
16.1365,100,100
16.1352,100,100
16.134,100,100
16.1328,100,100
16.1316,100,100
16.1304,100,100
16.1292,100,100
16.128,100,100
16.1268,100,100
16.1256,100,100
16.1244,100,100
16.1231,100,100
16.1219,100,100
16.1207,100,100
16.1195,100,100
16.1183,100,100
16.1171,100,100
16.1159,100,100
16.1147,100,100
16.1135,100,100
16.1122,100,100
16.111,100,100
16.1098,100,100
16.1086,100,100
16.1074,100,100
16.1062,100,100
16.105,100,100
16.1038,100,100
16.1026,100,100
16.1013,100,100
16.1001,100,100
16.0989,100,100
16.0977,100,100
16.0965,100,100
16.0953,100,100
16.0941,100,100
16.0929,100,100
16.0917,100,100
16.0905,100,100
16.0892,100,100
16.088,100,100
16.0868,100,100
16.0856,100,100
16.0844,100,100
16.0832,100,100
16.082,100,100
16.0808,100,100
16.0796,100,100
16.0783,100,100
16.0771,100,100
16.0759,100,100
16.0747,100,100
16.0735,100,100
16.0723,100,100
16.0711,100,100
16.0699,100,100
16.0687,100,100
16.0675,100,100
16.0662,100,100
16.065,100,100
16.0638,100,100
16.0626,100,100
16.0614,100,100
16.0602,100,100
16.059,100,100
16.0578,100,100
16.0566,100,100
16.0553,100,100
16.0541,100,100
16.0529,100,100
16.0517,100,100
16.0505,100,100
16.0493,100,100
16.0481,100,100
16.0469,100,100
16.0457,100,100
16.0444,100,100
16.0432,100,100
16.042,100,100
16.0408,100,100
16.0396,100,100
16.0384,100,100
16.0372,100,100
16.036,100,100
16.0347,100,100
16.0335,100,100
16.0323,100,100
16.0311,100,100
16.0299,100,100
16.0287,100,100
16.0275,100,100
16.0263,100,100
16.0251,100,100
16.0238,100,100
16.0226,100,100
16.0214,100,100
16.0202,100,100
16.019,100,100
16.0178,100,100
16.0166,100,100
16.0154,100,100
16.0142,100,100
16.0129,100,100
16.0117,100,100
16.0105,100,100
16.0093,100,100
16.0081,100,100
16.0069,100,100
16.0057,100,100
16.0045,100,100
16.0033,100,100
16.002,100,100
16.0008,100,100
15.9996,100,100
15.9984,100,100
15.9972,100,100
15.996,100,100
15.9948,100,100
15.9936,100,100
15.9924,100,100
15.9911,100,100
15.9899,100,100
15.9887,100,100
15.9875,100,100
15.9863,100,100
15.9851,100,100
15.9839,100,100
15.9827,100,100
15.9815,100,100
15.9802,100,100
15.979,100,100
15.9778,100,100
15.9766,100,100
15.9754,100,100
15.9742,100,100
15.973,100,100
15.9718,100,100
15.9706,100,100
15.9693,100,100
15.9681,100,100
15.9669,100,100
15.9657,100,100
15.9645,100,100
15.9633,100,100
15.9621,100,100
15.9609,100,100
15.9596,100,100
15.9584,100,100
15.9572,100,100
15.956,100,100
15.9548,100,100
15.9536,100,100
15.9524,100,100
15.9512,100,100
15.95,100,100
15.9487,100,100
15.9475,100,100
15.9463,100,100
15.9451,100,100
15.9439,100,100
15.9427,100,100
15.9415,100,100
15.9403,100,100
15.9391,100,100
15.9378,100,100
15.9366,100,100
15.9354,100,100
15.9342,100,100
15.933,100,100
15.9318,100,100
15.9305,100,100
15.9293,100,100
15.9281,100,100
15.9269,100,100
15.9257,100,100
15.9245,100,100
15.9232,100,100
15.922,100,100
15.9208,100,100
15.9196,100,100
15.9184,100,100
15.9172,100,100
15.916,100,100
15.9147,100,100
15.9135,100,100
15.9123,100,100
15.9111,100,100
15.9099,100,100
15.9087,100,100
15.9074,100,100
15.9062,100,100
15.905,100,100
15.9038,100,100
15.9026,100,100
15.9014,100,100
15.9001,100,100
15.8989,100,100
15.8977,100,100
15.8965,100,100
15.8953,100,100
15.8941,100,100
15.8929,100,100
15.8916,100,100
15.8904,100,100
15.8892,100,100
15.888,100,100
15.8868,100,100
15.8856,100,100
15.8843,100,100
15.8831,100,100
15.8819,100,100
15.8807,100,100
15.8795,100,100
15.8783,100,100
15.8771,100,100
15.8758,100,100
15.8746,100,100
15.8734,100,100
15.8722,100,100
15.871,100,100
15.8698,100,100
15.8685,100,100
15.8673,100,100
15.8661,100,100
15.8649,100,100
15.8637,100,100
15.8625,100,100
15.8612,100,100
15.86,100,100
15.8588,100,100
15.8576,100,100
15.8564,100,100
15.8552,100,100
15.854,100,100
15.8527,100,100
15.8515,100,100
15.8503,100,100
15.8491,100,100
15.8479,100,100
15.8467,100,100
15.8454,100,100
15.8442,100,100
15.843,100,100
15.8418,100,100
15.8406,100,100
15.8394,100,100
15.8382,100,100
15.8369,100,100
15.8357,100,100
15.8345,100,100
15.8333,100,100
15.8321,100,100
15.8309,100,100
15.8296,100,100
15.8284,100,100
15.8272,100,100
15.826,100,100
15.8248,100,100
15.8236,100,100
15.8223,100,100
15.8211,100,100
15.8199,100,100
15.8187,100,100
15.8175,100,100
15.8163,100,100
15.815,100,100
15.8138,100,100
15.8126,100,100
15.8114,100,100
15.8102,100,100
15.809,100,100
15.8077,100,100
15.8065,100,100
15.8053,100,100
15.8041,100,100
15.8029,100,100
15.8017,100,100
15.8005,100,100
15.7992,100,100
15.798,100,100
15.7968,100,100
15.7956,100,100
15.7944,100,100
15.7932,100,100
15.7919,100,100
15.7907,100,100
15.7895,100,100
15.7883,100,100
15.7871,100,100
15.7859,100,100
15.7846,100,100
15.7834,100,100
15.7822,100,100
15.781,100,100
15.7798,100,100
15.7786,100,100
15.7773,100,100
15.7761,100,100
15.7749,100,100
15.7737,100,100
15.7725,100,100
15.7713,100,100
15.77,100,100
15.7688,100,100
15.7676,100,100
15.7664,100,100
15.7652,100,100
15.764,100,100
15.7627,100,100
15.7615,100,100
15.7603,100,100
15.7591,100,100
15.7579,100,100
15.7567,100,100
15.7554,100,100
15.7542,100,100
15.753,100,100
15.7518,100,100
15.7506,100,100
15.7494,100,100
15.7481,100,100
15.7469,100,100
15.7457,100,100
15.7445,100,100
15.7433,100,100
15.7421,100,100
15.7408,100,100
15.7396,100,100
15.7384,100,100
15.7372,100,100
15.736,100,100
15.7348,100,100
15.7335,100,100
15.7323,100,100
15.7311,100,100
15.7299,100,100
15.7287,100,100
15.7275,100,100
15.7262,100,100
15.725,100,100
15.7238,100,100
15.7226,100,100
15.7214,100,100
15.7202,100,100
15.7189,100,100
15.7177,100,100
15.7165,100,100
15.7153,100,100
15.7141,100,100
15.7129,100,100
15.7116,100,100
15.7104,100,100
15.7092,100,100
15.708,100,100
15.7068,100,100
15.7056,100,100
15.7043,100,100
15.7031,100,100
15.7019,100,100
15.7007,100,100
15.6995,100,100
15.6983,100,100
15.697,100,100
15.6958,100,100
15.6946,100,100
15.6934,100,100
15.6922,100,100
15.6909,100,100
15.6897,100,100
15.6885,100,100
15.6873,100,100
15.686,100,100
15.6848,100,100
15.6836,100,100
15.6824,100,100
15.6812,100,100
15.6799,100,100
15.6787,100,100
15.6775,100,100
15.6763,100,100
15.6751,100,100
15.6738,100,100
15.6726,100,100
15.6714,100,100
15.6702,100,100
15.669,100,100
15.6677,100,100
15.6665,100,100
15.6653,100,100
15.6641,100,100
15.6629,100,100
15.6616,100,100
15.6604,100,100
15.6592,100,100
15.658,100,100
15.6568,100,100
15.6555,100,100
15.6543,100,100
15.6531,100,100
15.6519,100,100
15.6507,100,100
15.6494,100,100
15.6482,100,100
15.647,100,100
15.6458,100,100
15.6446,100,100
15.6433,100,100
15.6421,100,100
15.6409,100,100
15.6397,100,100
15.6384,100,100
15.6372,100,100
15.636,100,100
15.6348,100,100
15.6336,100,100
15.6323,100,100
15.6311,100,100
15.6299,100,100
15.6287,100,100
15.6275,100,100
15.6262,100,100
15.625,100,100
15.6238,100,100
15.6226,100,100
15.6214,100,100
15.6201,100,100
15.6189,100,100
15.6177,100,100
15.6165,100,100
15.6153,100,100
15.614,100,100
15.6128,100,100
15.6116,100,100
15.6104,100,100
15.6092,100,100
15.6079,100,100
15.6067,100,100
15.6055,100,100
15.6043,100,100
15.6031,100,100
15.6018,100,100
15.6006,100,100
15.5994,100,100
15.5982,100,100
15.597,100,100
15.5957,100,100
15.5945,100,100
15.5933,100,100
15.5921,100,100
15.5908,100,100
15.5896,100,100
15.5884,100,100
15.5872,100,100
15.586,100,100
15.5847,100,100
15.5835,100,100
15.5823,100,100
15.5811,100,100
15.5799,100,100
15.5786,100,100
15.5774,100,100
15.5762,100,100
15.575,100,100
15.5738,100,100
15.5725,100,100
15.5713,100,100
15.5701,100,100
15.5689,100,100
15.5676,100,100
15.5664,100,100
15.5652,100,100
15.564,100,100
15.5627,100,100
15.5615,100,100
15.5603,100,100
15.5591,100,100
15.5578,100,100
15.5566,100,100
15.5554,100,100
15.5542,100,100
15.5529,100,100
15.5517,100,100
15.5505,100,100
15.5493,100,100
15.5481,100,100
15.5468,100,100
15.5456,100,100
15.5444,100,100
15.5432,100,100
15.5419,100,100
15.5407,100,100
15.5395,100,100
15.5383,100,100
15.537,100,100
15.5358,100,100
15.5346,100,100
15.5334,100,100
15.5321,100,100
15.5309,100,100
15.5297,100,100
15.5285,100,100
15.5272,100,100
15.526,100,100
15.5248,100,100
15.5236,100,100
15.5223,100,100
15.5211,100,100
15.5199,100,100
15.5187,100,100
15.5175,100,100
15.5162,100,100
15.515,100,100
15.5138,100,100
15.5126,100,100
15.5113,100,100
15.5101,100,100
15.5089,100,100
15.5077,100,100
15.5064,100,100
15.5052,100,100
15.504,100,100
15.5028,100,100
15.5015,100,100
15.5003,100,100
15.4991,100,100
15.4979,100,100
15.4966,100,100
15.4954,100,100
15.4942,100,100
15.493,100,100
15.4918,100,100
15.4905,100,100
15.4893,100,100
15.4881,100,100
15.4869,100,100
15.4856,100,100
15.4844,100,100
15.4832,100,100
15.482,100,100
15.4807,100,100
15.4795,100,100
15.4783,100,100
15.4771,100,100
15.4758,100,100
15.4746,100,100
15.4734,100,100
15.4722,100,100
15.4709,100,100
15.4697,100,100
15.4685,100,100
15.4673,100,100
15.466,100,100
15.4648,100,100
15.4636,100,100
15.4624,100,100
15.4612,100,100
15.4599,100,100
15.4587,100,100
15.4575,100,100
15.4563,100,100
15.455,100,100
15.4538,100,100
15.4526,100,100
15.4514,100,100
15.4501,100,100
15.4489,100,100
15.4477,100,100
15.4465,100,100
15.4452,100,100
15.444,100,100
15.4428,100,100
15.4416,100,100
15.4403,100,100
15.4391,100,100
15.4379,100,100
15.4367,100,100
15.4354,100,100
15.4342,100,100
15.433,100,100
15.4318,100,100
15.4305,100,100
15.4293,100,100
15.4281,100,100
15.4269,100,100
15.4256,100,100
15.4244,100,100
15.4232,100,100
15.422,100,100
15.4207,100,100
15.4195,100,100
15.4183,100,100
15.4171,100,100
15.4158,100,100
15.4146,100,100
15.4134,100,100
15.4121,100,100
15.4109,100,100
15.4097,100,100
15.4085,100,100
15.4072,100,100
15.406,100,100
15.4048,100,100
15.4036,100,100
15.4023,100,100
15.4011,100,100
15.3999,100,100
15.3987,100,100
15.3974,100,100
15.3962,100,100
15.395,100,100
15.3938,100,100
15.3925,100,100
15.3913,100,100
15.3901,100,100
15.3889,100,100
15.3876,100,100
15.3864,100,100
15.3852,100,100
15.384,100,100
15.3827,100,100
15.3815,100,100
15.3803,100,100
15.3791,100,100
15.3778,100,100
15.3766,100,100
15.3754,100,100
15.3742,100,100
15.3729,100,100
15.3717,100,100
15.3705,100,100
15.3693,100,100
15.368,100,100
15.3668,100,100
15.3656,100,100
15.3644,100,100
15.3631,100,100
15.3619,100,100
15.3607,100,100
15.3595,100,100
15.3582,100,100
15.357,100,100
15.3558,100,100
15.3546,100,100
15.3533,100,100
15.3521,100,100
15.3509,100,100
15.3497,100,100
15.3484,100,100
15.3472,100,100
15.346,100,100
15.3448,100,100
15.3435,100,100
15.3423,100,100
15.3411,100,100
15.3399,100,100
15.3386,100,100
15.3374,100,100
15.3362,100,100
15.335,100,100
15.3337,100,100
15.3325,100,100
15.3313,100,100
15.3301,100,100
15.3288,100,100
15.3276,100,100
15.3264,100,100
15.3252,100,100
15.3239,100,100
15.3227,100,100
15.3215,100,100
15.3203,100,100
15.319,100,100
15.3178,100,100
15.3166,100,100
15.3154,100,100
15.3141,100,100
15.3129,100,100
15.3117,100,100
15.3105,100,100
15.3092,100,100
15.308,100,100
15.3068,100,100
15.3056,100,100
15.3043,100,100
15.3031,100,100
15.3019,100,100
15.3007,100,100
15.2994,100,100
15.2982,100,100
15.297,100,100
15.2958,100,100
15.2945,100,100
15.2933,100,100
15.2921,100,100
15.2909,100,100
15.2896,100,100
15.2884,100,100
15.2872,100,100
15.286,100,100
15.2847,100,100
15.2835,100,100
15.2823,100,100
15.2811,100,100
15.2798,100,100
15.2786,100,100
15.2774,100,100
15.2762,100,100
15.2749,100,100
15.2737,100,100
15.2725,100,100
15.2713,100,100
15.27,100,100
15.2688,100,100
15.2676,100,100
15.2664,100,100
15.2652,100,100
15.2639,100,100
15.2627,100,100
15.2615,100,100
15.2603,100,100
15.259,100,100
15.2578,100,100
15.2566,100,100
15.2554,100,100
15.2541,100,100
15.2529,100,100
15.2517,100,100
15.2505,100,100
15.2492,100,100
15.248,100,100
15.2468,100,100
15.2456,100,100
15.2443,100,100
15.2431,100,100
15.2419,100,100
15.2407,100,100
15.2394,100,100
15.2382,100,100
15.237,100,100
15.2358,100,100
15.2345,100,100
15.2333,100,100
15.2321,100,100
15.2309,100,100
15.2296,100,100
15.2284,100,100
15.2272,100,100
15.226,100,100
15.2247,100,100
15.2235,100,100
15.2223,100,100
15.2211,100,100
15.2198,100,100
15.2186,100,100
15.2174,100,100
15.2162,100,100
15.2149,100,100
15.2137,100,100
15.2125,100,100
15.2113,100,100
15.21,100,100
15.2088,100,100
15.2076,100,100
15.2064,100,100
15.2051,100,100
15.2039,100,100
15.2027,100,100
15.2014,100,100
15.2002,100,100
15.199,100,100
15.1978,100,100
15.1965,100,100
15.1953,100,100
15.1941,100,100
15.1928,100,100
15.1916,100,100
15.1904,100,100
15.1892,100,100
15.1879,100,100
15.1867,100,100
15.1855,100,100
15.1842,100,100
15.183,100,100
15.1818,100,100
15.1806,100,100
15.1793,100,100
15.1781,100,100
15.1769,100,100
15.1756,100,100
15.1744,100,100
15.1732,100,100
15.172,100,100
15.1707,100,100
15.1695,100,100
15.1683,100,100
15.167,100,100
15.1658,100,100
15.1646,100,100
15.1634,100,100
15.1621,100,100
15.1609,100,100
15.1597,100,100
15.1584,100,100
15.1572,100,100
15.156,100,100
15.1548,100,100
15.1535,100,100
15.1523,100,100
15.1511,100,100
15.1498,100,100
15.1486,100,100
15.1474,100,100
15.1462,100,100
15.1449,100,100
15.1437,100,100
15.1425,100,100
15.1412,100,100
15.14,100,100
15.1388,100,100
15.1376,100,100
15.1363,100,100
15.1351,100,100
15.1339,100,100
15.1326,100,100
15.1314,100,100
15.1302,100,100
15.129,100,100
15.1277,100,100
15.1265,100,100
15.1253,100,100
15.124,100,100
15.1228,100,100
15.1216,100,100
15.1203,100,100
15.1191,100,100
15.1179,100,100
15.1167,100,100
15.1154,100,100
15.1142,100,100
15.113,100,100
15.1117,100,100
15.1105,100,100
15.1093,100,100
15.1081,100,100
15.1068,100,100
15.1056,100,100
15.1044,100,100
15.1031,100,100
15.1019,100,100
15.1007,100,100
15.0995,100,100
15.0982,100,100
15.097,100,100
15.0958,100,100
15.0945,100,100
15.0933,100,100
15.0921,100,100
15.0909,100,100
15.0896,100,100
15.0884,100,100
15.0872,100,100
15.0859,100,100
15.0847,100,100
15.0834,100,100
15.0822,100,100
15.0809,100,100
15.0797,100,100
15.0784,100,100
15.0772,100,100
15.0759,100,100
15.0746,100,100
15.0734,100,100
15.0721,100,100
15.0709,100,100
15.0696,100,100
15.0684,100,100
15.0671,100,100
15.0658,100,100
15.0646,100,100
15.0633,100,100
15.0621,100,100
15.0608,100,100
15.0596,100,100
15.0583,100,100
15.057,100,100
15.0558,100,100
15.0545,100,100
15.0533,100,100
15.052,100,100
15.0508,100,100
15.0495,100,100
15.0482,100,100
15.047,100,100
15.0457,100,100
15.0445,100,100
15.0432,100,100
15.042,100,100
15.0407,100,100
15.0394,100,100
15.0382,100,100
15.0369,100,100
15.0357,100,100
15.0344,100,100
15.0332,100,100
15.0319,100,100
15.0306,100,100
15.0294,100,100
15.0281,100,100
15.0269,100,100
15.0256,100,100
15.0244,100,100
15.0231,100,100
15.0218,100,100
15.0206,100,100
15.0193,100,100
15.0181,100,100
15.0168,100,100
15.0156,100,100
15.0143,100,100
15.0131,100,100
15.0118,100,100
15.0105,100,100
15.0093,100,100
15.008,100,100
15.0068,100,100
15.0055,100,100
15.0043,100,100
15.003,100,100
15.0017,100,100
15.0005,100,100
14.9992,100,100
14.998,100,100
14.9967,100,100
14.9955,100,100
14.9942,100,100
14.9929,100,100
14.9917,100,100
14.9904,100,100
14.9892,100,100
14.9879,100,100
14.9867,100,100
14.9854,100,100
14.9841,100,100
14.9829,100,100
14.9816,100,100
14.9804,100,100
14.9791,100,100
14.9779,100,100
14.9766,100,100
14.9753,100,100
14.9741,100,100
14.9728,100,100
14.9716,100,100
14.9703,100,100
14.9691,100,100
14.9678,100,100
14.9665,100,100
14.9653,100,100
14.964,100,100
14.9628,100,100
14.9615,100,100
14.9603,100,100
14.959,100,100
14.9577,100,100
14.9564,100,100
14.9552,100,100
14.9539,100,100
14.9526,100,100
14.9514,100,100
14.9501,100,100
14.9488,100,100
14.9475,100,100
14.9463,100,100
14.945,100,100
14.9437,100,100
14.9424,100,100
14.9412,100,100
14.9399,100,100
14.9386,100,100
14.9374,100,100
14.9361,100,100
14.9348,100,100
14.9335,100,100
14.9323,100,100
14.931,100,100
14.9297,100,100
14.9284,100,100
14.9272,100,100
14.9259,100,100
14.9246,100,100
14.9234,100,100
14.9221,100,100
14.9208,100,100
14.9195,100,100
14.9183,100,100
14.917,100,100
14.9157,100,100
14.9144,100,100
14.9132,100,100
14.9119,100,100
14.9106,100,100
14.9094,100,100
14.9081,100,100
14.9068,100,100
14.9055,100,100
14.9043,100,100
14.903,100,100
14.9017,100,100
14.9004,100,100
14.8992,100,100
14.8979,100,100
14.8966,100,100
14.8954,100,100
14.8941,100,100
14.8928,100,100
14.8915,100,100
14.8903,100,100
14.889,100,100
14.8877,100,100
14.8864,100,100
14.8852,100,100
14.8839,100,100
14.8826,100,100
14.8814,100,100
14.8801,100,100
14.8788,100,100
14.8775,100,100
14.8763,100,100
14.875,100,100
14.8737,100,100
14.8724,100,100
14.8712,100,100
14.8699,100,100
14.8686,100,100
14.8674,100,100
14.8661,100,100
14.8648,100,100
14.8635,100,100
14.8623,100,100
14.861,100,100
14.8597,100,100
14.8584,100,100
14.8572,100,100
14.8559,100,100
14.8546,100,100
14.8534,100,100
14.8521,100,100
14.8508,100,100
14.8495,100,100
14.8483,100,100
14.847,100,100
14.8457,100,100
14.8444,100,100
14.8432,100,100
14.8419,100,100
14.8406,100,100
14.8394,100,100
14.8381,100,100
14.8368,100,100
14.8355,100,100
14.8343,100,100
14.833,100,100
14.8317,100,100
14.8305,100,100
14.8292,100,100
14.828,100,100
14.8267,100,100
14.8255,100,100
14.8242,100,100
14.8229,100,100
14.8217,100,100
14.8204,100,100
14.8192,100,100
14.8179,100,100
14.8167,100,100
14.8154,100,100
14.8142,100,100
14.8129,100,100
14.8117,100,100
14.8104,100,100
14.8091,100,100
14.8079,100,100
14.8066,100,100
14.8054,100,100
14.8041,100,100
14.8029,100,100
14.8016,100,100
14.8004,100,100
14.7991,100,100
14.7978,100,100
14.7966,100,100
14.7953,100,100
14.7941,100,100
14.7928,100,100
14.7916,100,100
14.7903,100,100
14.7891,100,100
14.7878,100,100
14.7866,100,100
14.7853,100,100
14.784,100,100
14.7828,100,100
14.7815,100,100
14.7803,100,100
14.779,100,100
14.7778,100,100
14.7765,100,100
14.7753,100,100
14.774,100,100
14.7728,100,100
14.7715,100,100
14.7702,100,100
14.769,100,100
14.7677,100,100
14.7665,100,100
14.7652,100,100
14.764,100,100
14.7627,100,100
14.7615,100,100
14.7602,100,100
14.7589,100,100
14.7577,100,100
14.7564,100,100
14.7552,100,100
14.7539,100,100
14.7527,100,100
14.7514,100,100
14.7502,100,100
14.7489,100,100
14.7477,100,100
14.7464,100,100
14.7451,100,100
14.7439,100,100
14.7426,100,100
14.7414,100,100
14.7401,100,100
14.7389,100,100
14.7376,100,100
14.7364,100,100
14.7351,100,100
14.7338,100,100
14.7326,100,100
14.7313,100,100
14.7301,100,100
14.7288,100,100
14.7276,100,100
14.7263,100,100
14.7251,100,100
14.7238,100,100
14.7226,100,100
14.7213,100,100
14.72,100,100
14.7188,100,100
14.7175,100,100
14.7163,100,100
14.715,100,100
14.7138,100,100
14.7125,100,100
14.7113,100,100
14.71,100,100
14.7087,100,100
14.7075,100,100
14.7063,100,100
14.705,100,100
14.7038,100,100
14.7025,100,100
14.7013,100,100
14.7001,100,100
14.6988,100,100
14.6976,100,100
14.6964,100,100
14.6951,100,100
14.6939,100,100
14.6926,100,100
14.6914,100,100
14.6902,100,100
14.6889,100,100
14.6877,100,100
14.6865,100,100
14.6852,100,100
14.684,100,100
14.6827,100,100
14.6815,100,100
14.6803,100,100
14.679,100,100
14.6778,100,100
14.6766,100,100
14.6753,100,100
14.6741,100,100
14.6728,100,100
14.6716,100,100
14.6704,100,100
14.6691,100,100
14.6679,100,100
14.6667,100,100
14.6654,100,100
14.6642,100,100
14.6629,100,100
14.6617,100,100
14.6605,100,100
14.6592,100,100
14.658,100,100
14.6568,100,100
14.6555,100,100
14.6543,100,100
14.6531,100,100
14.6518,100,100
14.6506,100,100
14.6493,100,100
14.6481,100,100
14.6469,100,100
14.6456,100,100
14.6444,100,100
14.6432,100,100
14.6419,100,100
14.6407,100,100
14.6394,100,100
14.6382,100,100
14.637,100,100
14.6357,100,100
14.6345,100,100
14.6333,100,100
14.632,100,100
14.6308,100,100
14.6295,100,100
14.6283,100,100
14.6271,100,100
14.6258,100,100
14.6246,100,100
14.6234,100,100
14.6221,100,100
14.6209,100,100
14.6196,100,100
14.6184,100,100
14.6172,100,100
14.6159,100,100
14.6147,100,100
14.6135,100,100
14.6122,100,100
14.611,100,100
14.6097,100,100
14.6085,100,100
14.6073,100,100
14.606,100,100
14.6048,100,100
14.6036,100,100
14.6023,100,100
14.6011,100,100
14.5999,100,100
14.5986,100,100
14.5974,100,100
14.5961,100,100
14.5949,100,100
14.5937,100,100
14.5924,100,100
14.5912,100,100
14.59,100,100
14.5887,100,100
14.5875,100,100
14.5862,100,100
14.585,100,100
14.5838,100,100
14.5825,100,100
14.5813,100,100
14.5801,100,100
14.5789,100,100
14.5777,100,100
14.5764,100,100
14.5752,100,100
14.574,100,100
14.5728,100,100
14.5715,100,100
14.5703,100,100
14.5691,100,100
14.5679,100,100
14.5666,100,100
14.5654,100,100
14.5642,100,100
14.563,100,100
14.5618,100,100
14.5605,100,100
14.5593,100,100
14.5581,100,100
14.5569,100,100
14.5556,100,100
14.5544,100,100
14.5532,100,100
14.552,100,100
14.5508,100,100
14.5495,100,100
14.5483,100,100
14.5471,100,100
14.5459,100,100
14.5446,100,100
14.5434,100,100
14.5422,100,100
14.541,100,100
14.5397,100,100
14.5385,100,100
14.5373,100,100
14.5361,100,100
14.5349,100,100
14.5336,100,100
14.5324,100,100
14.5312,100,100
14.53,100,100
14.5287,100,100
14.5275,100,100
14.5263,100,100
14.5251,100,100
14.5239,100,100
14.5226,100,100
14.5214,100,100
14.5202,100,100
14.519,100,100
14.5177,100,100
14.5165,100,100
14.5153,100,100
14.5141,100,100
14.5128,100,100
14.5116,100,100
14.5104,100,100
14.5092,100,100
14.508,100,100
14.5067,100,100
14.5055,100,100
14.5043,100,100
14.5031,100,100
14.5018,100,100
14.5006,100,100
14.4994,100,100
14.4982,100,100
14.497,100,100
14.4957,100,100
14.4945,100,100
14.4933,100,100
14.4921,100,100
14.4908,100,100
14.4896,100,100
14.4884,100,100
14.4872,100,100
14.4859,100,100
14.4847,100,100
14.4835,100,100
14.4823,100,100
14.4811,100,100
14.4798,100,100
14.4786,100,100
14.4774,100,100
14.4762,100,100
14.4749,100,100
14.4737,100,100
14.4725,100,100
14.4713,100,100
14.4701,100,100
14.4688,100,100
14.4676,100,100
14.4664,100,100
14.4652,100,100
14.4639,100,100
14.4627,100,100
14.4615,100,100
14.4603,100,100
14.4591,100,100
14.4579,100,100
14.4567,100,100
14.4555,100,100
14.4543,100,100
14.4531,100,100
14.4519,100,100
14.4508,100,100
14.4496,100,100
14.4484,100,100
14.4472,100,100
14.446,100,100
14.4448,100,100
14.4436,100,100
14.4424,100,100
14.4412,100,100
14.44,100,100
14.4388,100,100
14.4376,100,100
14.4364,100,100
14.4352,100,100
14.4341,100,100
14.4329,100,100
14.4317,100,100
14.4305,100,100
14.4293,100,100
14.4281,100,100
14.4269,100,100
14.4257,100,100
14.4245,100,100
14.4233,100,100
14.4221,100,100
14.4209,100,100
14.4197,100,100
14.4186,100,100
14.4174,100,100
14.4162,100,100
14.415,100,100
14.4138,100,100
14.4126,100,100
14.4114,100,100
14.4102,100,100
14.409,100,100
14.4078,100,100
14.4066,100,100
14.4054,100,100
14.4042,100,100
14.403,100,100
14.4019,100,100
14.4007,100,100
14.3995,100,100
14.3983,100,100
14.3971,100,100
14.3959,100,100
14.3947,100,100
14.3935,100,100
14.3923,100,100
14.3911,100,100
14.3899,100,100
14.3887,100,100
14.3875,100,100
14.3864,100,100
14.3852,100,100
14.384,100,100
14.3828,100,100
14.3816,100,100
14.3804,100,100
14.3792,100,100
14.378,100,100
14.3768,100,100
14.3756,100,100
14.3744,100,100
14.3732,100,100
14.372,100,100
14.3708,100,100
14.3697,100,100
14.3685,100,100
14.3673,100,100
14.3661,100,100
14.3649,100,100
14.3637,100,100
14.3625,100,100
14.3613,100,100
14.3601,100,100
14.3589,100,100
14.3577,100,100
14.3565,100,100
14.3553,100,100
14.3542,100,100
14.353,100,100
14.3518,100,100
14.3506,100,100
14.3494,100,100
14.3482,100,100
14.347,100,100
14.3458,100,100
14.3446,100,100
14.3434,100,100
14.3422,100,100
14.3411,100,100
14.3401,100,100
14.339,100,100
14.3379,100,100
14.3368,100,100
14.3357,100,100
14.3347,100,100
14.3336,100,100
14.3325,100,100
14.3314,100,100
14.3304,100,100
14.3293,100,100
14.3282,100,100
14.3271,100,100
14.3261,100,100
14.325,100,100
14.3239,100,100
14.3228,100,100
14.3217,100,100
14.3207,100,100
14.3196,100,100
14.3185,100,100
14.3174,100,100
14.3164,100,100
14.3153,100,100
14.3142,100,100
14.3131,100,100
14.312,100,100
14.311,100,100
14.3099,100,100
14.3088,100,100
14.3077,100,100
14.3067,100,100
14.3056,100,100
14.3045,100,100
14.3034,100,100
14.3024,100,100
14.3013,100,100
14.3002,100,100
14.2991,100,100
14.298,100,100
14.297,100,100
14.2959,100,100
14.2948,100,100
14.2937,100,100
14.2927,100,100
14.2916,100,100
14.2905,100,100
14.2894,100,100
14.2884,100,100
14.2873,100,100
14.2862,100,100
14.2851,100,100
14.284,100,100
14.283,100,100
14.2819,100,100
14.2808,100,100
14.2797,100,100
14.2787,100,100
14.2776,100,100
14.2765,100,100
14.2754,100,100
14.2744,100,100
14.2733,100,100
14.2722,100,100
14.2711,100,100
14.27,100,100
14.269,100,100
14.2679,100,100
14.2668,100,100
14.2657,100,100
14.2647,100,100
14.2636,100,100
14.2625,100,100
14.2614,100,100
14.2603,100,100
14.2593,100,100
14.2582,100,100
14.2571,100,100
14.256,100,100
14.255,100,100
14.2539,100,100
14.2528,100,100
14.2517,100,100
14.2507,100,100
14.2496,100,100
14.2485,100,100
14.2474,100,100
14.2463,100,100
14.2453,100,100
14.2442,100,100
14.2431,100,100
14.242,100,100
14.241,100,100
14.2399,100,100
14.2388,100,100
14.2377,100,100
14.2367,100,100
14.2356,100,100
14.2345,100,100
14.2335,100,100
14.2326,100,100
14.2317,100,100
14.2307,100,100
14.2298,100,100
14.2289,100,100
14.2279,100,100
14.227,100,100
14.226,100,100
14.2251,100,100
14.2242,100,100
14.2232,100,100
14.2223,100,100
14.2214,100,100
14.2204,100,100
14.2195,100,100
14.2185,100,100
14.2176,100,100
14.2167,100,100
14.2157,100,100
14.2148,100,100
14.2139,100,100
14.2129,100,100
14.212,100,100
14.211,100,100
14.2101,100,100
14.2092,100,100
14.2082,100,100
14.2073,100,100
14.2064,100,100
14.2054,100,100
14.2045,100,100
14.2035,100,100
14.2026,100,100
14.2017,100,100
14.2007,100,100
14.1998,100,100
14.1989,100,100
14.1979,100,100
14.197,100,100
14.196,100,100
14.1951,100,100
14.1942,100,100
14.1932,100,100
14.1923,100,100
14.1914,100,100
14.1904,100,100
14.1895,100,100
14.1885,100,100
14.1876,100,100
14.1867,100,100
14.1857,100,100
14.1848,100,100
14.1839,100,100
14.1829,100,100
14.182,100,100
14.181,100,100
14.1801,100,100
14.1792,100,100
14.1782,100,100
14.1773,100,100
14.1764,100,100
14.1754,100,100
14.1745,100,100
14.1735,100,100
14.1726,100,100
14.1717,100,100
14.1707,100,100
14.1698,100,100
14.1689,100,100
14.1679,100,100
14.167,100,100
14.166,100,100
14.1651,100,100
14.1642,100,100
14.1632,100,100
14.1623,100,100
14.1614,100,100
14.1604,100,100
14.1595,100,100
14.1586,100,100
14.1576,100,100
14.1567,100,100
14.1557,100,100
14.1548,100,100
14.1539,100,100
14.1529,100,100
14.152,100,100
14.1511,100,100
14.1501,100,100
14.1492,100,100
14.1482,100,100
14.1473,100,100
14.1464,100,100
14.1454,100,100
14.1445,100,100
14.1436,100,100
14.1426,100,100
14.1417,100,100
14.1407,100,100
14.1399,100,100
14.1391,100,100
14.1383,100,100
14.1375,100,100
14.1367,100,100
14.1359,100,100
14.1351,100,100
14.1343,100,100
14.1335,100,100
14.1327,100,100
14.1319,100,100
14.1311,100,100
14.1303,100,100
14.1294,100,100
14.1286,100,100
14.1278,100,100
14.127,100,100
14.1262,100,100
14.1254,100,100
14.1246,100,100
14.1238,100,100
14.123,100,100
14.1222,100,100
14.1214,100,100
14.1206,100,100
14.1198,100,100
14.119,100,100
14.1182,100,100
14.1174,100,100
14.1166,100,100
14.1158,100,100
14.115,100,100
14.1141,100,100
14.1133,100,100
14.1125,100,100
14.1117,100,100
14.1109,100,100
14.1101,100,100
14.1093,100,100
14.1085,100,100
14.1077,100,100
14.1069,100,100
14.1061,100,100
14.1053,100,100
14.1045,100,100
14.1037,100,100
14.1029,100,100
14.1021,100,100
14.1013,100,100
14.1005,100,100
14.0997,100,100
14.0989,100,100
14.098,100,100
14.0972,100,100
14.0964,100,100
14.0956,100,100
14.0948,100,100
14.094,100,100
14.0932,100,100
14.0924,100,100
14.0916,100,100
14.0908,100,100
14.09,100,100
14.0892,100,100
14.0884,100,100
14.0876,100,100
14.0868,100,100
14.086,100,100
14.0852,100,100
14.0844,100,100
14.0836,100,100
14.0828,100,100
14.0819,100,100
14.0811,100,100
14.0803,100,100
14.0795,100,100
14.0787,100,100
14.0779,100,100
14.0771,100,100
14.0763,100,100
14.0755,100,100
14.0747,100,100
14.0739,100,100
14.0731,100,100
14.0723,100,100
14.0715,100,100
14.0707,100,100
14.0699,100,100
14.0691,100,100
14.0683,100,100
14.0675,100,100
14.0666,100,100
14.0658,100,100
14.065,100,100
14.0642,100,100
14.0634,100,100
14.0626,100,100
14.0618,100,100
14.061,100,100
14.0602,100,100
14.0595,100,100
14.0588,100,100
14.0581,100,100
14.0574,100,100
14.0567,100,100
14.056,100,100
14.0553,100,100
14.0546,100,100
14.0539,100,100
14.0532,100,100
14.0524,100,100
14.0517,100,100
14.051,100,100
14.0503,100,100
14.0496,100,100
14.0489,100,100
14.0482,100,100
14.0475,100,100
14.0468,100,100
14.0461,100,100
14.0454,100,100
14.0447,100,100
14.044,100,100
14.0433,100,100
14.0426,100,100
14.0419,100,100
14.0412,100,100
14.0405,100,100
14.0398,100,100
14.0391,100,100
14.0384,100,100
14.0377,100,100
14.037,100,100
14.0363,100,100
14.0356,100,100
14.0349,100,100
14.0342,100,100
14.0334,100,100
14.0327,100,100
14.032,100,100
14.0313,100,100
14.0306,100,100
14.0299,100,100
14.0292,100,100
14.0285,100,100
14.0278,100,100
14.0271,100,100
14.0264,100,100
14.0257,100,100
14.025,100,100
14.0243,100,100
14.0236,100,100
14.0229,100,100
14.0222,100,100
14.0215,100,100
14.0208,100,100
14.0201,100,100
14.0194,100,100
14.0187,100,100
14.018,100,100
14.0173,100,100
14.0166,100,100
14.0159,100,100
14.0152,100,100
14.0144,100,100
14.0137,100,100
14.013,100,100
14.0123,100,100
14.0116,100,100
14.0109,100,100
14.0102,100,100
14.0095,100,100
14.0088,100,100
14.0081,100,100
14.0074,100,100
14.0067,100,100
14.006,100,100
14.0053,100,100
14.0046,100,100
14.0039,100,100
14.0032,100,100
14.0025,100,100
14.0018,100,100
14.0011,100,100
14.0004,100,100
13.9997,100,100
13.999,100,100
13.9983,100,100
13.9976,100,100
13.9969,100,100
13.9962,100,100
13.9954,100,100
13.9947,100,100
13.994,100,100
13.9933,100,100
13.9926,100,100
13.9919,100,100
13.9912,100,100
13.9905,100,100
13.9898,100,100
13.9892,100,100
13.9886,100,100
13.9879,100,100
13.9873,100,100
13.9867,100,100
13.9861,100,100
13.9854,100,100
13.9848,100,100
13.9842,100,100
13.9836,100,100
13.9829,100,100
13.9823,100,100
13.9817,100,100
13.9811,100,100
13.9804,100,100
13.9798,100,100
13.9792,100,100
13.9786,100,100
13.978,100,100
13.9773,100,100
13.9767,100,100
13.9761,100,100
13.9755,100,100
13.9748,100,100
13.9742,100,100
13.9736,100,100
13.973,100,100
13.9723,100,100
13.9717,100,100
13.9711,100,100
13.9705,100,100
13.9698,100,100
13.9692,100,100
13.9686,100,100
13.968,100,100
13.9673,100,100
13.9667,100,100
13.9661,100,100
13.9655,100,100
13.9649,100,100
13.9642,100,100
13.9636,100,100
13.963,100,100
13.9624,100,100
13.9617,100,100
13.9611,100,100
13.9605,100,100
13.9599,100,100
13.9592,100,100
13.9586,100,100
13.958,100,100
13.9574,100,100
13.9567,100,100
13.9561,100,100
13.9555,100,100
13.9549,100,100
13.9542,100,100
13.9536,100,100
13.953,100,100
13.9524,100,100
13.9518,100,100
13.9511,100,100
13.9505,100,100
13.9499,100,100
13.9493,100,100
13.9486,100,100
13.948,100,100
13.9474,100,100
13.9468,100,100
13.9461,100,100
13.9455,100,100
13.9449,100,100
13.9443,100,100
13.9436,100,100
13.943,100,100
13.9424,100,100
13.9418,100,100
13.9411,100,100
13.9405,100,100
13.9399,100,100
13.9393,100,100
13.9387,100,100
13.938,100,100
13.9374,100,100
13.9368,100,100
13.9362,100,100
13.9355,100,100
13.9349,100,100
13.9343,100,100
13.9337,100,100
13.933,100,100
13.9324,100,100
13.9318,100,100
13.9312,100,100
13.9305,100,100
13.9299,100,100
13.9293,100,100
13.9287,100,100
13.928,100,100
13.9274,100,100
13.9269,100,100
13.9263,100,100
13.9257,100,100
13.9252,100,100
13.9246,100,100
13.924,100,100
13.9235,100,100
13.9229,100,100
13.9224,100,100
13.9218,100,100
13.9212,100,100
13.9207,100,100
13.9201,100,100
13.9195,100,100
13.919,100,100
13.9184,100,100
13.9179,100,100
13.9173,100,100
13.9167,100,100
13.9162,100,100
13.9156,100,100
13.9151,100,100
13.9145,100,100
13.9139,100,100
13.9134,100,100
13.9128,100,100
13.9122,100,100
13.9117,100,100
13.9111,100,100
13.9106,100,100
13.91,100,100
13.9094,100,100
13.9089,100,100
13.9083,100,100
13.9078,100,100
13.9072,100,100
13.9066,100,100
13.9061,100,100
13.9055,100,100
13.9049,100,100
13.9044,100,100
13.9038,100,100
13.9033,100,100
13.9027,100,100
13.9021,100,100
13.9016,100,100
13.901,100,100
13.9004,100,100
13.8999,100,100
13.8993,100,100
13.8988,100,100
13.8982,100,100
13.8976,100,100
13.8971,100,100
13.8965,100,100
13.896,100,100
13.8954,100,100
13.8948,100,100
13.8943,100,100
13.8937,100,100
13.8931,100,100
13.8926,100,100
13.892,100,100
13.8915,100,100
13.8909,100,100
13.8903,100,100
13.8898,100,100
13.8892,100,100
13.8886,100,100
13.8881,100,100
13.8875,100,100
13.887,100,100
13.8864,100,100
13.8858,100,100
13.8853,100,100
13.8847,100,100
13.8842,100,100
13.8836,100,100
13.883,100,100
13.8825,100,100
13.8819,100,100
13.8813,100,100
13.8808,100,100
13.8802,100,100
13.8797,100,100
13.8791,100,100
13.8785,100,100
13.878,100,100
13.8774,100,100
13.8768,100,100
13.8763,100,100
13.8757,100,100
13.8752,100,100
13.8746,100,100
13.874,100,100
13.8735,100,100
13.8729,100,100
13.8724,100,100
13.8718,100,100
13.8712,100,100
13.8707,100,100
13.8702,100,100
13.8697,100,100
13.8692,100,100
13.8687,100,100
13.8681,100,100
13.8676,100,100
13.8671,100,100
13.8666,100,100
13.8661,100,100
13.8656,100,100
13.8651,100,100
13.8646,100,100
13.864,100,100
13.8635,100,100
13.863,100,100
13.8625,100,100
13.862,100,100
13.8615,100,100
13.861,100,100
13.8605,100,100
13.8599,100,100
13.8594,100,100
13.8589,100,100
13.8584,100,100
13.8579,100,100
13.8574,100,100
13.8569,100,100
13.8564,100,100
13.8558,100,100
13.8553,100,100
13.8548,100,100
13.8543,100,100
13.8538,100,100
13.8533,100,100
13.8528,100,100
13.8523,100,100
13.8517,100,100
13.8512,100,100
13.8507,100,100
13.8502,100,100
13.8497,100,100
13.8492,100,100
13.8487,100,100
13.8482,100,100
13.8476,100,100
13.8471,100,100
13.8466,100,100
13.8461,100,100
13.8456,100,100
13.8451,100,100
13.8446,100,100
13.8441,100,100
13.8435,100,100
13.843,100,100
13.8425,100,100
13.842,100,100
13.8415,100,100
13.841,100,100
13.8405,100,100
13.84,100,100
13.8394,100,100
13.8389,100,100
13.8384,100,100
13.8379,100,100
13.8374,100,100
13.8369,100,100
13.8364,100,100
13.8358,100,100
13.8353,100,100
13.8348,100,100
13.8343,100,100
13.8338,100,100
13.8333,100,100
13.8328,100,100
13.8323,100,100
13.8317,100,100
13.8312,100,100
13.8307,100,100
13.8302,100,100
13.8297,100,100
13.8292,100,100
13.8287,100,100
13.8282,100,100
13.8276,100,100
13.8271,100,100
13.8266,100,100
13.8261,100,100
13.8256,100,100
13.8251,100,100
13.8246,100,100
13.8241,100,100
13.8235,100,100
13.823,100,100
13.8225,100,100
13.822,100,100
13.8215,100,100
13.821,100,100
13.8205,100,100
13.82,100,100
13.8195,100,100
13.819,100,100
13.8185,100,100
13.8181,100,100
13.8176,100,100
13.8171,100,100
13.8166,100,100
13.8162,100,100
13.8157,100,100
13.8152,100,100
13.8147,100,100
13.8143,100,100
13.8138,100,100
13.8133,100,100
13.8128,100,100
13.8124,100,100
13.8119,100,100
13.8114,100,100
13.8109,100,100
13.8105,100,100
13.81,100,100
13.8095,100,100
13.809,100,100
13.8086,100,100
13.8081,100,100
13.8076,100,100
13.8071,100,100
13.8067,100,100
13.8062,100,100
13.8057,100,100
13.8052,100,100
13.8048,100,100
13.8043,100,100
13.8038,100,100
13.8033,100,100
13.8029,100,100
13.8024,100,100
13.8019,100,100
13.8014,100,100
13.801,100,100
13.8005,100,100
13.8,100,100
13.7995,100,100
13.7991,100,100
13.7986,100,100
13.7981,100,100
13.7976,100,100
13.7972,100,100
13.7967,100,100
13.7962,100,100
13.7957,100,100
13.7953,100,100
13.7948,100,100
13.7943,100,100
13.7938,100,100
13.7934,100,100
13.7929,100,100
13.7924,100,100
13.7919,100,100
13.7915,100,100
13.791,100,100
13.7905,100,100
13.7901,100,100
13.7896,100,100
13.7891,100,100
13.7886,100,100
13.7882,100,100
13.7877,100,100
13.7872,100,100
13.7867,100,100
13.7863,100,100
13.7858,100,100
13.7853,100,100
13.7848,100,100
13.7844,100,100
13.7839,100,100
13.7834,100,100
13.7829,100,100
13.7825,100,100
13.782,100,100
13.7815,100,100
13.781,100,100
13.7806,100,100
13.7801,100,100
13.7796,100,100
13.7791,100,100
13.7787,100,100
13.7782,100,100
13.7777,100,100
13.7772,100,100
13.7768,100,100
13.7763,100,100
13.7758,100,100
13.7753,100,100
13.7749,100,100
13.7744,100,100
13.7739,100,100
13.7734,100,100
13.773,100,100
13.7725,100,100
13.772,100,100
13.7716,100,100
13.7712,100,100
13.7707,100,100
13.7703,100,100
13.7698,100,100
13.7694,100,100
13.7689,100,100
13.7685,100,100
13.7681,100,100
13.7676,100,100
13.7672,100,100
13.7667,100,100
13.7663,100,100
13.7658,100,100
13.7654,100,100
13.7649,100,100
13.7645,100,100
13.7641,100,100
13.7636,100,100
13.7632,100,100
13.7627,100,100
13.7623,100,100
13.7618,100,100
13.7614,100,100
13.761,100,100
13.7605,100,100
13.7601,100,100
13.7596,100,100
13.7592,100,100
13.7587,100,100
13.7583,100,100
13.7579,100,100
13.7574,100,100
13.757,100,100
13.7565,100,100
13.7561,100,100
13.7556,100,100
13.7552,100,100
13.7548,100,100
13.7543,100,100
13.7539,100,100
13.7534,100,100
13.753,100,100
13.7525,100,100
13.7521,100,100
13.7516,100,100
13.7512,100,100
13.7508,100,100
13.7503,100,100
13.7499,100,100
13.7494,100,100
13.749,100,100
13.7485,100,100
13.7481,100,100
13.7477,100,100
13.7472,100,100
13.7468,100,100
13.7463,100,100
13.7459,100,100
13.7454,100,100
13.745,100,100
13.7446,100,100
13.7441,100,100
13.7437,100,100
13.7432,100,100
13.7428,100,100
13.7423,100,100
13.7419,100,100
13.7415,100,100
13.741,100,100
13.7406,100,100
13.7401,100,100
13.7397,100,100
13.7392,100,100
13.7388,100,100
13.7383,100,100
13.7379,100,100
13.7375,100,100
13.737,100,100
13.7366,100,100
13.7361,100,100
13.7357,100,100
13.7352,100,100
13.7348,100,100
13.7344,100,100
13.7339,100,100
13.7335,100,100
13.733,100,100
13.7326,100,100
13.7321,100,100
13.7317,100,100
13.7313,100,100
13.7308,100,100
13.7304,100,100
13.7299,100,100
13.7295,100,100
13.729,100,100
13.7286,100,100
13.7282,100,100
13.7277,100,100
13.7273,100,100
13.7269,100,100
13.7265,100,100
13.7261,100,100
13.7256,100,100
13.7252,100,100
13.7248,100,100
13.7244,100,100
13.724,100,100
13.7235,100,100
13.7231,100,100
13.7227,100,100
13.7223,100,100
13.7219,100,100
13.7214,100,100
13.721,100,100
13.7206,100,100
13.7202,100,100
13.7198,100,100
13.7194,100,100
13.7189,100,100
13.7185,100,100
13.7181,100,100
13.7177,100,100
13.7173,100,100
13.7168,100,100
13.7164,100,100
13.716,100,100
13.7156,100,100
13.7152,100,100
13.7147,100,100
13.7143,100,100
13.7139,100,100
13.7135,100,100
13.7131,100,100
13.7126,100,100
13.7122,100,100
13.7118,100,100
13.7114,100,100
13.711,100,100
13.7106,100,100
13.7101,100,100
13.7097,100,100
13.7093,100,100
13.7089,100,100
13.7085,100,100
13.708,100,100
13.7076,100,100
13.7072,100,100
13.7068,100,100
13.7064,100,100
13.7059,100,100
13.7055,100,100
13.7051,100,100
13.7047,100,100
13.7043,100,100
13.7039,100,100
13.7034,100,100
13.703,100,100
13.7026,100,100
13.7022,100,100
13.7018,100,100
13.7013,100,100
13.7009,100,100
13.7005,100,100
13.7001,100,100
13.6997,100,100
13.6992,100,100
13.6988,100,100
13.6984,100,100
13.698,100,100
13.6976,100,100
13.6971,100,100
13.6967,100,100
13.6963,100,100
13.6959,100,100
13.6955,100,100
13.6951,100,100
13.6946,100,100
13.6942,100,100
13.6938,100,100
13.6934,100,100
13.693,100,100
13.6925,100,100
13.6921,100,100
13.6917,100,100
13.6913,100,100
13.6909,100,100
13.6904,100,100
13.69,100,100
13.6896,100,100
13.6892,100,100
13.6888,100,100
13.6884,100,100
13.6879,100,100
13.6875,100,100
13.6871,100,100
13.6867,100,100
13.6863,100,100
13.6859,100,100
13.6855,100,100
13.6851,100,100
13.6847,100,100
13.6843,100,100
13.6839,100,100
13.6835,100,100
13.6831,100,100
13.6827,100,100
13.6823,100,100
13.6819,100,100
13.6815,100,100
13.6811,100,100
13.6807,100,100
13.6803,100,100
13.6799,100,100
13.6795,100,100
13.6791,100,100
13.6787,100,100
13.6783,100,100
13.6779,100,100
13.6775,100,100
13.6771,100,100
13.6767,100,100
13.6763,100,100
13.6759,100,100
13.6755,100,100
13.6751,100,100
13.6747,100,100
13.6743,100,100
13.6739,100,100
13.6735,100,100
13.6731,100,100
13.6727,100,100
13.6723,100,100
13.6719,100,100
13.6715,100,100
13.6711,100,100
13.6707,100,100
13.6703,100,100
13.6699,100,100
13.6695,100,100
13.6691,100,100
13.6687,100,100
13.6683,100,100
13.6679,100,100
13.6675,100,100
13.6671,100,100
13.6667,100,100
13.6663,100,100
13.6659,100,100
13.6655,100,100
13.6651,100,100
13.6647,100,100
13.6643,100,100
13.6639,100,100
13.6635,100,100
13.6631,100,100
13.6627,100,100
13.6623,100,100
13.6619,100,100
13.6615,100,100
13.6611,100,100
13.6607,100,100
13.6603,100,100
13.6599,100,100
13.6595,100,100
13.6591,100,100
13.6587,100,100
13.6583,100,100
13.6579,100,100
13.6575,100,100
13.6571,100,100
13.6567,100,100
13.6563,100,100
13.6559,100,100
13.6555,100,100
13.6551,100,100
13.6547,100,100
13.6543,100,100
13.6539,100,100
13.6535,100,100
13.6531,100,100
13.6527,100,100
13.6523,100,100
13.6519,100,100
13.6515,100,100
13.6511,100,100
13.6507,100,100
13.6503,100,100
13.6499,100,100
13.6495,100,100
13.6491,100,100
13.6487,100,100
13.6483,100,100
13.6479,100,100
13.6475,100,100
13.6471,100,100
13.6467,100,100
13.6463,100,100
13.6459,100,100
13.6455,100,100
13.6451,100,100
13.6447,100,100
13.6443,100,100
13.644,100,100
13.6436,100,100
13.6432,100,100
13.6428,100,100
13.6424,100,100
13.642,100,100
13.6416,100,100
13.6413,100,100
13.6409,100,100
13.6405,100,100
13.6401,100,100
13.6397,100,100
13.6393,100,100
13.639,100,100
13.6386,100,100
13.6382,100,100
13.6378,100,100
13.6374,100,100
13.637,100,100
13.6366,100,100
13.6363,100,100
13.6359,100,100
13.6355,100,100
13.6351,100,100
13.6347,100,100
13.6343,100,100
13.634,100,100
13.6336,100,100
13.6332,100,100
13.6328,100,100
13.6324,100,100
13.632,100,100
13.6317,100,100
13.6313,100,100
13.6309,100,100
13.6305,100,100
13.6301,100,100
13.6297,100,100
13.6293,100,100
13.629,100,100
13.6286,100,100
13.6282,100,100
13.6278,100,100
13.6274,100,100
13.627,100,100
13.6267,100,100
13.6263,100,100
13.6259,100,100
13.6255,100,100
13.6251,100,100
13.6247,100,100
13.6243,100,100
13.624,100,100
13.6236,100,100
13.6232,100,100
13.6228,100,100
13.6224,100,100
13.622,100,100
13.6217,100,100
13.6213,100,100
13.6209,100,100
13.6205,100,100
13.6201,100,100
13.6197,100,100
13.6193,100,100
13.619,100,100
13.6186,100,100
13.6182,100,100
13.6178,100,100
13.6174,100,100
13.617,100,100
13.6167,100,100
13.6163,100,100
13.6159,100,100
13.6155,100,100
13.6151,100,100
13.6147,100,100
13.6143,100,100
13.614,100,100
13.6136,100,100
13.6132,100,100
13.6128,100,100
13.6124,100,100
13.612,100,100
13.6117,100,100
13.6113,100,100
13.6109,100,100
13.6105,100,100
13.6101,100,100
13.6097,100,100
13.6094,100,100
13.609,100,100
13.6086,100,100
13.6082,100,100
13.6078,100,100
13.6074,100,100
13.6071,100,100
13.6067,100,100
13.6063,100,100
13.606,100,100
13.6056,100,100
13.6052,100,100
13.6048,100,100
13.6045,100,100
13.6041,100,100
13.6037,100,100
13.6033,100,100
13.603,100,100
13.6026,100,100
13.6022,100,100
13.6019,100,100
13.6015,100,100
13.6011,100,100
13.6007,100,100
13.6004,100,100
13.6,100,100
13.5996,100,100
13.5993,100,100
13.5989,100,100
13.5985,100,100
13.5981,100,100
13.5978,100,100
13.5974,100,100
13.597,100,100
13.5967,100,100
13.5963,100,100
13.5959,100,100
13.5955,100,100
13.5952,100,100
13.5948,100,100
13.5944,100,100
13.5941,100,100
13.5937,100,100
13.5933,100,100
13.5929,100,100
13.5926,100,100
13.5922,100,100
13.5918,100,100
13.5915,100,100
13.5911,100,100
13.5907,100,100
13.5903,100,100
13.59,100,100
13.5896,100,100
13.5892,100,100
13.5888,100,100
13.5885,100,100
13.5881,100,100
13.5877,100,100
13.5874,100,100
13.587,100,100
13.5866,100,100
13.5862,100,100
13.5859,100,100
13.5855,100,100
13.5851,100,100
13.5848,100,100
13.5844,100,100
13.584,100,100
13.5836,100,100
13.5833,100,100
13.5829,100,100
13.5825,100,100
13.5822,100,100
13.5818,100,100
13.5814,100,100
13.581,100,100
13.5807,100,100
13.5803,100,100
13.5799,100,100
13.5796,100,100
13.5792,100,100
13.5788,100,100
13.5784,100,100
13.5781,100,100
13.5777,100,100
13.5773,100,100
13.577,100,100
13.5766,100,100
13.5762,100,100
13.5758,100,100
13.5755,100,100
13.5751,100,100
13.5747,100,100
13.5743,100,100
13.574,100,100
13.5736,100,100
13.5732,100,100
13.5729,100,100
13.5725,100,100
13.5721,100,100
13.5717,100,100
13.5714,100,100
13.571,100,100
13.5706,100,100
13.5703,100,100
13.5699,100,100
13.5696,100,100
13.5692,100,100
13.5689,100,100
13.5685,100,100
13.5681,100,100
13.5678,100,100
13.5674,100,100
13.5671,100,100
13.5667,100,100
13.5664,100,100
13.566,100,100
13.5657,100,100
13.5653,100,100
13.565,100,100
13.5646,100,100
13.5643,100,100
13.5639,100,100
13.5636,100,100
13.5632,100,100
13.5628,100,100
13.5625,100,100
13.5621,100,100
13.5618,100,100
13.5614,100,100
13.5611,100,100
13.5607,100,100
13.5604,100,100
13.56,100,100
13.5597,100,100
13.5593,100,100
13.559,100,100
13.5586,100,100
13.5582,100,100
13.5579,100,100
13.5575,100,100
13.5572,100,100
13.5568,100,100
13.5565,100,100
13.5561,100,100
13.5558,100,100
13.5554,100,100
13.5551,100,100
13.5547,100,100
13.5544,100,100
13.554,100,100
13.5536,100,100
13.5533,100,100
13.5529,100,100
13.5526,100,100
13.5522,100,100
13.5519,100,100
13.5515,100,100
13.5512,100,100
13.5508,100,100
13.5505,100,100
13.5501,100,100
13.5498,100,100
13.5494,100,100
13.549,100,100
13.5487,100,100
13.5483,100,100
13.548,100,100
13.5476,100,100
13.5473,100,100
13.5469,100,100
13.5466,100,100
13.5462,100,100
13.5459,100,100
13.5455,100,100
13.5452,100,100
13.5448,100,100
13.5444,100,100
13.5441,100,100
13.5437,100,100
13.5434,100,100
13.543,100,100
13.5427,100,100
13.5423,100,100
13.542,100,100
13.5416,100,100
13.5413,100,100
13.5409,100,100
13.5406,100,100
13.5402,100,100
13.5398,100,100
13.5395,100,100
13.5391,100,100
13.5388,100,100
13.5384,100,100
13.5381,100,100
13.5377,100,100
13.5374,100,100
13.537,100,100
13.5367,100,100
13.5363,100,100
13.536,100,100
13.5356,100,100
13.5352,100,100
13.5349,100,100
13.5346,100,100
13.5342,100,100
13.5339,100,100
13.5336,100,100
13.5332,100,100
13.5329,100,100
13.5325,100,100
13.5322,100,100
13.5319,100,100
13.5315,100,100
13.5312,100,100
13.5309,100,100
13.5305,100,100
13.5302,100,100
13.5299,100,100
13.5295,100,100
13.5292,100,100
13.5288,100,100
13.5285,100,100
13.5282,100,100
13.5278,100,100
13.5275,100,100
13.5272,100,100
13.5268,100,100
13.5265,100,100
13.5261,100,100
13.5258,100,100
13.5255,100,100
13.5251,100,100
13.5248,100,100
13.5245,100,100
13.5241,100,100
13.5238,100,100
13.5234,100,100
13.5231,100,100
13.5228,100,100
13.5224,100,100
13.5221,100,100
13.5218,100,100
13.5214,100,100
13.5211,100,100
13.5208,100,100
13.5204,100,100
13.5201,100,100
13.5197,100,100
13.5194,100,100
13.5191,100,100
13.5187,100,100
13.5184,100,100
13.5181,100,100
13.5177,100,100
13.5174,100,100
13.517,100,100
13.5167,100,100
13.5164,100,100
13.516,100,100
13.5157,100,100
13.5154,100,100
13.515,100,100
13.5147,100,100
13.5143,100,100
13.514,100,100
13.5137,100,100
13.5133,100,100
13.513,100,100
13.5127,100,100
13.5123,100,100
13.512,100,100
13.5117,100,100
13.5113,100,100
13.511,100,100
13.5106,100,100
13.5103,100,100
13.51,100,100
13.5096,100,100
13.5093,100,100
13.509,100,100
13.5086,100,100
13.5083,100,100
13.5079,100,100
13.5076,100,100
13.5073,100,100
13.5069,100,100
13.5066,100,100
13.5063,100,100
13.5059,100,100
13.5056,100,100
13.5052,100,100
13.5049,100,100
13.5046,100,100
13.5042,100,100
13.5039,100,100
13.5036,100,100
13.5032,100,100
13.5029,100,100
13.5025,100,100
13.5022,100,100
13.5019,100,100
13.5015,100,100
13.5012,100,100
13.5009,100,100
13.5006,100,100
13.5003,100,100
13.4999,100,100
13.4996,100,100
13.4993,100,100
13.499,100,100
13.4986,100,100
13.4983,100,100
13.498,100,100
13.4977,100,100
13.4974,100,100
13.497,100,100
13.4967,100,100
13.4964,100,100
13.4961,100,100
13.4958,100,100
13.4954,100,100
13.4951,100,100
13.4948,100,100
13.4945,100,100
13.4942,100,100
13.4938,100,100
13.4935,100,100
13.4932,100,100
13.4929,100,100
13.4926,100,100
13.4922,100,100
13.4919,100,100
13.4916,100,100
13.4913,100,100
13.491,100,100
13.4906,100,100
13.4903,100,100
13.49,100,100
13.4897,100,100
13.4894,100,100
13.489,100,100
13.4887,100,100
13.4884,100,100
13.4881,100,100
13.4877,100,100
13.4874,100,100
13.4871,100,100
13.4868,100,100
13.4865,100,100
13.4861,100,100
13.4858,100,100
13.4855,100,100
13.4852,100,100
13.4849,100,100
13.4845,100,100
13.4842,100,100
13.4839,100,100
13.4836,100,100
13.4833,100,100
13.4829,100,100
13.4826,100,100
13.4823,100,100
13.482,100,100
13.4817,100,100
13.4813,100,100
13.481,100,100
13.4807,100,100
13.4804,100,100
13.4801,100,100
13.4797,100,100
13.4794,100,100
13.4791,100,100
13.4788,100,100
13.4784,100,100
13.4781,100,100
13.4778,100,100
13.4775,100,100
13.4772,100,100
13.4768,100,100
13.4765,100,100
13.4762,100,100
13.4759,100,100
13.4756,100,100
13.4752,100,100
13.4749,100,100
13.4746,100,100
13.4743,100,100
13.474,100,100
13.4736,100,100
13.4733,100,100
13.473,100,100
13.4727,100,100
13.4724,100,100
13.472,100,100
13.4717,100,100
13.4714,100,100
13.4711,100,100
13.4708,100,100
13.4704,100,100
13.4701,100,100
13.4698,100,100
13.4695,100,100
13.4692,100,100
13.4689,100,100
13.4685,100,100
13.4682,100,100
13.4679,100,100
13.4676,100,100
13.4673,100,100
13.467,100,100
13.4667,100,100
13.4664,100,100
13.4661,100,100
13.4658,100,100
13.4655,100,100
13.4652,100,100
13.4649,100,100
13.4646,100,100
13.4643,100,100
13.4639,100,100
13.4636,100,100
13.4633,100,100
13.463,100,100
13.4627,100,100
13.4624,100,100
13.4621,100,100
13.4618,100,100
13.4615,100,100
13.4612,100,100
13.4609,100,100
13.4606,100,100
13.4603,100,100
13.46,100,100
13.4597,100,100
13.4594,100,100
13.459,100,100
13.4587,100,100
13.4584,100,100
13.4581,100,100
13.4578,100,100
13.4575,100,100
13.4572,100,100
13.4569,100,100
13.4566,100,100
13.4563,100,100
13.456,100,100
13.4557,100,100
13.4554,100,100
13.4551,100,100
13.4548,100,100
13.4544,100,100
13.4541,100,100
13.4538,100,100
13.4535,100,100
13.4532,100,100
13.4529,100,100
13.4526,100,100
13.4523,100,100
13.452,100,100
13.4517,100,100
13.4514,100,100
13.4511,100,100
13.4508,100,100
13.4505,100,100
13.4502,100,100
13.4498,100,100
13.4495,100,100
13.4492,100,100
13.4489,100,100
13.4486,100,100
13.4483,100,100
13.448,100,100
13.4477,100,100
13.4474,100,100
13.4471,100,100
13.4468,100,100
13.4465,100,100
13.4462,100,100
13.4459,100,100
13.4456,100,100
13.4453,100,100
13.4449,100,100
13.4446,100,100
13.4443,100,100
13.444,100,100
13.4437,100,100
13.4434,100,100
13.4431,100,100
13.4428,100,100
13.4425,100,100
13.4422,100,100
13.4419,100,100
13.4416,100,100
13.4413,100,100
13.441,100,100
13.4407,100,100
13.4403,100,100
13.44,100,100
13.4397,100,100
13.4394,100,100
13.4391,100,100
13.4388,100,100
13.4385,100,100
13.4382,100,100
13.4379,100,100
13.4376,100,100
13.4373,100,100
13.437,100,100
13.4368,100,100
13.4365,100,100
13.4362,100,100
13.4359,100,100
13.4356,100,100
13.4353,100,100
13.435,100,100
13.4347,100,100
13.4344,100,100
13.4341,100,100
13.4338,100,100
13.4335,100,100
13.4332,100,100
13.4329,100,100
13.4326,100,100
13.4323,100,100
13.4321,100,100
13.4318,100,100
13.4315,100,100
13.4312,100,100
13.4309,100,100
13.4306,100,100
13.4303,100,100
13.43,100,100
13.4297,100,100
13.4294,100,100
13.4291,100,100
13.4288,100,100
13.4285,100,100
13.4282,100,100
13.4279,100,100
13.4276,100,100
13.4274,100,100
13.4271,100,100
13.4268,100,100
13.4265,100,100
13.4262,100,100
13.4259,100,100
13.4256,100,100
13.4253,100,100
13.425,100,100
13.4247,100,100
13.4244,100,100
13.4241,100,100
13.4238,100,100
13.4235,100,100
13.4232,100,100
13.4229,100,100
13.4227,100,100
13.4224,100,100
13.4221,100,100
13.4218,100,100
13.4215,100,100
13.4212,100,100
13.4209,100,100
13.4206,100,100
13.4203,100,100
13.42,100,100
13.4197,100,100
13.4194,100,100
13.4191,100,100
13.4188,100,100
13.4185,100,100
13.4182,100,100
13.4179,100,100
13.4177,100,100
13.4174,100,100
13.4171,100,100
13.4168,100,100
13.4165,100,100
13.4162,100,100
13.4159,100,100
13.4156,100,100
13.4153,100,100
13.415,100,100
13.4147,100,100
13.4144,100,100
13.4141,100,100
13.4138,100,100
13.4135,100,100
13.4132,100,100
13.413,100,100
13.4127,100,100
13.4124,100,100
13.4121,100,100
13.4118,100,100
13.4115,100,100
13.4112,100,100
13.4109,100,100
13.4106,100,100
13.4103,100,100
13.41,100,100
13.4097,100,100
13.4094,100,100
13.4091,100,100
13.4089,100,100
13.4086,100,100
13.4083,100,100
13.408,100,100
13.4077,100,100
13.4074,100,100
13.4072,100,100
13.4069,100,100
13.4066,100,100
13.4063,100,100
13.406,100,100
13.4057,100,100
13.4054,100,100
13.4052,100,100
13.4049,100,100
13.4046,100,100
13.4043,100,100
13.404,100,100
13.4037,100,100
13.4035,100,100
13.4032,100,100
13.4029,100,100
13.4026,100,100
13.4023,100,100
13.402,100,100
13.4017,100,100
13.4015,100,100
13.4012,100,100
13.4009,100,100
13.4006,100,100
13.4003,100,100
13.4,100,100
13.3998,100,100
13.3995,100,100
13.3992,100,100
13.3989,100,100
13.3986,100,100
13.3983,100,100
13.3981,100,100
13.3978,100,100
13.3975,100,100
13.3972,100,100
13.3969,100,100
13.3966,100,100
13.3963,100,100
13.3961,100,100
13.3958,100,100
13.3955,100,100
13.3952,100,100
13.3949,100,100
13.3946,100,100
13.3944,100,100
13.3941,100,100
13.3938,100,100
13.3935,100,100
13.3932,100,100
13.3929,100,100
13.3926,100,100
13.3924,100,100
13.3921,100,100
13.3918,100,100
13.3915,100,100
13.3912,100,100
13.3909,100,100
13.3907,100,100
13.3904,100,100
13.3901,100,100
13.3898,100,100
13.3895,100,100
13.3892,100,100
13.389,100,100
13.3887,100,100
13.3884,100,100
13.3881,100,100
13.3878,100,100
13.3875,100,100
13.3872,100,100
13.387,100,100
13.3867,100,100
13.3864,100,100
13.3861,100,100
13.3858,100,100
13.3855,100,100
13.3853,100,100
13.385,100,100
13.3847,100,100
13.3844,100,100
13.3841,100,100
13.3838,100,100
13.3835,100,100
13.3833,100,100
13.383,100,100
13.3827,100,100
13.3824,100,100
13.3821,100,100
13.3818,100,100
13.3816,100,100
13.3813,100,100
13.381,100,100
13.3807,100,100
13.3804,100,100
13.3802,100,100
13.3799,100,100
13.3796,100,100
13.3793,100,100
13.3791,100,100
13.3788,100,100
13.3785,100,100
13.3782,100,100
13.378,100,100
13.3777,100,100
13.3774,100,100
13.3771,100,100
13.3769,100,100
13.3766,100,100
13.3763,100,100
13.3761,100,100
13.3758,100,100
13.3755,100,100
13.3752,100,100
13.375,100,100
13.3747,100,100
13.3744,100,100
13.3741,100,100
13.3739,100,100
13.3736,100,100
13.3733,100,100
13.373,100,100
13.3728,100,100
13.3725,100,100
13.3722,100,100
13.3719,100,100
13.3717,100,100
13.3714,100,100
13.3711,100,100
13.3708,100,100
13.3706,100,100
13.3703,100,100
13.37,100,100
13.3697,100,100
13.3695,100,100
13.3692,100,100
13.3689,100,100
13.3686,100,100
13.3684,100,100
13.3681,100,100
13.3678,100,100
13.3675,100,100
13.3673,100,100
13.367,100,100
13.3667,100,100
13.3665,100,100
13.3662,100,100
13.3659,100,100
13.3656,100,100
13.3654,100,100
13.3651,100,100
13.3648,100,100
13.3645,100,100
13.3643,100,100
13.364,100,100
13.3637,100,100
13.3634,100,100
13.3632,100,100
13.3629,100,100
13.3626,100,100
13.3623,100,100
13.3621,100,100
13.3618,100,100
13.3615,100,100
13.3612,100,100
13.361,100,100
13.3607,100,100
13.3604,100,100
13.3601,100,100
13.3599,100,100
13.3596,100,100
13.3593,100,100
13.359,100,100
13.3588,100,100
13.3585,100,100
13.3582,100,100
13.3579,100,100
13.3577,100,100
13.3574,100,100
13.3571,100,100
13.3569,100,100
13.3566,100,100
13.3563,100,100
13.356,100,100
13.3558,100,100
13.3555,100,100
13.3552,100,100
13.3549,100,100
13.3547,100,100
13.3544,100,100
13.3541,100,100
13.3538,100,100
13.3536,100,100
13.3533,100,100
13.353,100,100
13.3528,100,100
13.3525,100,100
13.3522,100,100
13.352,100,100
13.3517,100,100
13.3515,100,100
13.3512,100,100
13.3509,100,100
13.3507,100,100
13.3504,100,100
13.3502,100,100
13.3499,100,100
13.3496,100,100
13.3494,100,100
13.3491,100,100
13.3488,100,100
13.3486,100,100
13.3483,100,100
13.3481,100,100
13.3478,100,100
13.3475,100,100
13.3473,100,100
13.347,100,100
13.3467,100,100
13.3465,100,100
13.3462,100,100
13.346,100,100
13.3457,100,100
13.3454,100,100
13.3452,100,100
13.3449,100,100
13.3447,100,100
13.3444,100,100
13.3441,100,100
13.3439,100,100
13.3436,100,100
13.3433,100,100
13.3431,100,100
13.3428,100,100
13.3426,100,100
13.3423,100,100
13.342,100,100
13.3418,100,100
13.3415,100,100
13.3413,100,100
13.341,100,100
13.3407,100,100
13.3405,100,100
13.3402,100,100
13.3399,100,100
13.3397,100,100
13.3394,100,100
13.3392,100,100
13.3389,100,100
13.3386,100,100
13.3384,100,100
13.3381,100,100
13.3378,100,100
13.3376,100,100
13.3373,100,100
13.3371,100,100
13.3368,100,100
13.3365,100,100
13.3363,100,100
13.336,100,100
13.3358,100,100
13.3355,100,100
13.3352,100,100
13.335,100,100
13.3347,100,100
13.3344,100,100
13.3342,100,100
13.3339,100,100
13.3337,100,100
13.3334,100,100
13.3331,100,100
13.3329,100,100
13.3326,100,100
13.3324,100,100
13.3321,100,100
13.3318,100,100
13.3316,100,100
13.3313,100,100
13.331,100,100
13.3308,100,100
13.3305,100,100
13.3303,100,100
13.33,100,100
13.3297,100,100
13.3295,100,100
13.3292,100,100
13.3289,100,100
13.3287,100,100
13.3284,100,100
13.3282,100,100
13.3279,100,100
13.3276,100,100
13.3274,100,100
13.3271,100,100
13.3269,100,100
13.3266,100,100
13.3264,100,100
13.3261,100,100
13.3259,100,100
13.3256,100,100
13.3254,100,100
13.3251,100,100
13.3249,100,100
13.3246,100,100
13.3244,100,100
13.3241,100,100
13.3239,100,100
13.3236,100,100
13.3234,100,100
13.3231,100,100
13.3229,100,100
13.3226,100,100
13.3224,100,100
13.3221,100,100
13.3219,100,100
13.3216,100,100
13.3214,100,100
13.3212,100,100
13.3209,100,100
13.3207,100,100
13.3204,100,100
13.3202,100,100
13.3199,100,100
13.3197,100,100
13.3194,100,100
13.3192,100,100
13.3189,100,100
13.3187,100,100
13.3184,100,100
13.3182,100,100
13.3179,100,100
13.3177,100,100
13.3174,100,100
13.3172,100,100
13.3169,100,100
13.3167,100,100
13.3164,100,100
13.3162,100,100
13.3159,100,100
13.3157,100,100
13.3154,100,100
13.3152,100,100
13.3149,100,100
13.3147,100,100
13.3144,100,100
13.3142,100,100
13.3139,100,100
13.3137,100,100
13.3134,100,100
13.3132,100,100
13.3129,100,100
13.3127,100,100
13.3124,100,100
13.3122,100,100
13.3119,100,100
13.3117,100,100
13.3114,100,100
13.3112,100,100
13.3109,100,100
13.3107,100,100
13.3104,100,100
13.3102,100,100
13.3099,100,100
13.3097,100,100
13.3094,100,100
13.3092,100,100
13.3089,100,100
13.3087,100,100
13.3085,100,100
13.3082,100,100
13.308,100,100
13.3077,100,100
13.3075,100,100
13.3072,100,100
13.307,100,100
13.3067,100,100
13.3065,100,100
13.3062,100,100
13.306,100,100
13.3057,100,100
13.3055,100,100
13.3052,100,100
13.305,100,100
13.3047,100,100
13.3045,100,100
13.3042,100,100
13.304,100,100
13.3037,100,100
13.3035,100,100
13.3032,100,100
13.303,100,100
13.3027,100,100
13.3025,100,100
13.3022,100,100
13.302,100,100
13.3018,100,100
13.3015,100,100
13.3013,100,100
13.301,100,100
13.3008,100,100
13.3006,100,100
13.3003,100,100
13.3001,100,100
13.2999,100,100
13.2996,100,100
13.2994,100,100
13.2991,100,100
13.2989,100,100
13.2987,100,100
13.2984,100,100
13.2982,100,100
13.2979,100,100
13.2977,100,100
13.2975,100,100
13.2972,100,100
13.297,100,100
13.2968,100,100
13.2965,100,100
13.2963,100,100
13.296,100,100
13.2958,100,100
13.2956,100,100
13.2953,100,100
13.2951,100,100
13.2948,100,100
13.2946,100,100
13.2944,100,100
13.2941,100,100
13.2939,100,100
13.2937,100,100
13.2934,100,100
13.2932,100,100
13.2929,100,100
13.2927,100,100
13.2925,100,100
13.2922,100,100
13.292,100,100
13.2917,100,100
13.2915,100,100
13.2913,100,100
13.291,100,100
13.2908,100,100
13.2906,100,100
13.2903,100,100
13.2901,100,100
13.2898,100,100
13.2896,100,100
13.2894,100,100
13.2891,100,100
13.2889,100,100
13.2887,100,100
13.2884,100,100
13.2882,100,100
13.2879,100,100
13.2877,100,100
13.2875,100,100
13.2872,100,100
13.287,100,100
13.2867,100,100
13.2865,100,100
13.2863,100,100
13.286,100,100
13.2858,100,100
13.2856,100,100
13.2853,100,100
13.2851,100,100
13.2848,100,100
13.2846,100,100
13.2844,100,100
13.2841,100,100
13.2839,100,100
13.2836,100,100
13.2834,100,100
13.2832,100,100
13.2829,100,100
13.2827,100,100
13.2825,100,100
13.2822,100,100
13.282,100,100
13.2817,100,100
13.2815,100,100
13.2813,100,100
13.281,100,100
13.2808,100,100
13.2806,100,100
13.2803,100,100
13.2801,100,100
13.2798,100,100
13.2796,100,100
13.2794,100,100
13.2791,100,100
13.2789,100,100
13.2786,100,100
13.2784,100,100
13.2782,100,100
13.278,100,100
13.2777,100,100
13.2775,100,100
13.2773,100,100
13.277,100,100
13.2768,100,100
13.2766,100,100
13.2763,100,100
13.2761,100,100
13.2759,100,100
13.2757,100,100
13.2754,100,100
13.2752,100,100
13.275,100,100
13.2747,100,100
13.2745,100,100
13.2743,100,100
13.274,100,100
13.2738,100,100
13.2736,100,100
13.2734,100,100
13.2731,100,100
13.2729,100,100
13.2727,100,100
13.2724,100,100
13.2722,100,100
13.272,100,100
13.2718,100,100
13.2715,100,100
13.2713,100,100
13.2711,100,100
13.2708,100,100
13.2706,100,100
13.2704,100,100
13.2701,100,100
13.2699,100,100
13.2697,100,100
13.2695,100,100
13.2692,100,100
13.269,100,100
13.2688,100,100
13.2685,100,100
13.2683,100,100
13.2681,100,100
13.2678,100,100
13.2676,100,100
13.2674,100,100
13.2672,100,100
13.2669,100,100
13.2667,100,100
13.2665,100,100
13.2662,100,100
13.266,100,100
13.2658,100,100
13.2655,100,100
13.2653,100,100
13.2651,100,100
13.2649,100,100
13.2646,100,100
13.2644,100,100
13.2642,100,100
13.2639,100,100
13.2637,100,100
13.2635,100,100
13.2632,100,100
13.263,100,100
13.2628,100,100
13.2626,100,100
13.2623,100,100
13.2621,100,100
13.2619,100,100
13.2616,100,100
13.2614,100,100
13.2612,100,100
13.261,100,100
13.2607,100,100
13.2605,100,100
13.2603,100,100
13.26,100,100
13.2598,100,100
13.2596,100,100
13.2593,100,100
13.2591,100,100
13.2589,100,100
13.2587,100,100
13.2584,100,100
13.2582,100,100
13.258,100,100
13.2577,100,100
13.2575,100,100
13.2573,100,100
13.257,100,100
13.2568,100,100
13.2566,100,100
13.2564,100,100
13.2561,100,100
13.2559,100,100
13.2557,100,100
13.2554,100,100
13.2552,100,100
13.255,100,100
13.2548,100,100
13.2546,100,100
13.2543,100,100
13.2541,100,100
13.2539,100,100
13.2537,100,100
13.2534,100,100
13.2532,100,100
13.253,100,100
13.2528,100,100
13.2526,100,100
13.2523,100,100
13.2521,100,100
13.2519,100,100
13.2517,100,100
13.2514,100,100
13.2512,100,100
13.251,100,100
13.2508,100,100
13.2506,100,100
13.2503,100,100
13.2501,100,100
13.2499,100,100
13.2497,100,100
13.2495,100,100
13.2492,100,100
13.249,100,100
13.2488,100,100
13.2486,100,100
13.2483,100,100
13.2481,100,100
13.2479,100,100
13.2477,100,100
13.2475,100,100
13.2472,100,100
13.247,100,100
13.2468,100,100
13.2466,100,100
13.2463,100,100
13.2461,100,100
13.2459,100,100
13.2457,100,100
13.2455,100,100
13.2452,100,100
13.245,100,100
13.2448,100,100
13.2446,100,100
13.2443,100,100
13.2441,100,100
13.2439,100,100
13.2437,100,100
13.2435,100,100
13.2432,100,100
13.243,100,100
13.2428,100,100
13.2426,100,100
13.2423,100,100
13.2421,100,100
13.2419,100,100
13.2417,100,100
13.2415,100,100
13.2412,100,100
13.241,100,100
13.2408,100,100
13.2406,100,100
13.2404,100,100
13.2401,100,100
13.2399,100,100
13.2397,100,100
13.2395,100,100
13.2392,100,100
13.239,100,100
13.2388,100,100
13.2386,100,100
13.2384,100,100
13.2381,100,100
13.2379,100,100
13.2377,100,100
13.2375,100,100
13.2372,100,100
13.237,100,100
13.2368,100,100
13.2366,100,100
13.2364,100,100
13.2361,100,100
13.2359,100,100
13.2357,100,100
13.2355,100,100
13.2352,100,100
13.235,100,100
13.2348,100,100
13.2346,100,100
13.2344,100,100
13.2341,100,100
13.2339,100,100
13.2337,100,100
13.2335,100,100
13.2333,100,100
13.233,100,100
13.2328,100,100
13.2326,100,100
13.2324,100,100
13.2322,100,100
13.232,100,100
13.2317,100,100
13.2315,100,100
13.2313,100,100
13.2311,100,100
13.2309,100,100
13.2306,100,100
13.2304,100,100
13.2302,100,100
13.23,100,100
13.2298,100,100
13.2296,100,100
13.2293,100,100
13.2291,100,100
13.2289,100,100
13.2287,100,100
13.2285,100,100
13.2283,100,100
13.228,100,100
13.2278,100,100
13.2276,100,100
13.2274,100,100
13.2272,100,100
13.227,100,100
13.2267,100,100
13.2265,100,100
13.2263,100,100
13.2261,100,100
13.2259,100,100
13.2256,100,100
13.2254,100,100
13.2252,100,100
13.225,100,100
13.2248,100,100
13.2246,100,100
13.2243,100,100
13.2241,100,100
13.2239,100,100
13.2237,100,100
13.2235,100,100
13.2233,100,100
13.223,100,100
13.2228,100,100
13.2226,100,100
13.2224,100,100
13.2222,100,100
13.222,100,100
13.2217,100,100
13.2215,100,100
13.2213,100,100
13.2211,100,100
13.2209,100,100
13.2207,100,100
13.2204,100,100
13.2202,100,100
13.22,100,100
13.2198,100,100
13.2196,100,100
13.2193,100,100
13.2191,100,100
13.2189,100,100
13.2187,100,100
13.2185,100,100
13.2183,100,100
13.218,100,100
13.2178,100,100
13.2176,100,100
13.2174,100,100
13.2172,100,100
13.217,100,100
13.2167,100,100
13.2165,100,100
13.2163,100,100
13.2161,100,100
13.2159,100,100
13.2157,100,100
13.2154,100,100
13.2152,100,100
13.215,100,100
13.2148,100,100
13.2146,100,100
13.2144,100,100
13.2141,100,100
13.2139,100,100
13.2137,100,100
13.2135,100,100
13.2133,100,100
13.213,100,100
13.2128,100,100
13.2126,100,100
13.2124,100,100
13.2122,100,100
13.212,100,100
13.2117,100,100
13.2115,100,100
13.2113,100,100
13.2111,100,100
13.2109,100,100
13.2107,100,100
13.2105,100,100
13.2103,100,100
13.21,100,100
13.2098,100,100
13.2096,100,100
13.2094,100,100
13.2092,100,100
13.209,100,100
13.2088,100,100
13.2086,100,100
13.2083,100,100
13.2081,100,100
13.2079,100,100
13.2077,100,100
13.2075,100,100
13.2073,100,100
13.2071,100,100
13.2069,100,100
13.2066,100,100
13.2064,100,100
13.2062,100,100
13.206,100,100
13.2058,100,100
13.2056,100,100
13.2054,100,100
13.2052,100,100
13.2049,100,100
13.2047,100,100
13.2045,100,100
13.2043,100,100
13.2041,100,100
13.2039,100,100
13.2037,100,100
13.2035,100,100
13.2032,100,100
13.203,100,100
13.2028,100,100
13.2026,100,100
13.2024,100,100
13.2022,100,100
13.202,100,100
13.2018,100,100
13.2015,100,100
13.2013,100,100
13.2011,100,100
13.2009,100,100
13.2007,100,100
13.2005,100,100
13.2003,100,100
13.2001,100,100
13.1998,100,100
13.1996,100,100
13.1994,100,100
13.1992,100,100
13.199,100,100
13.1988,100,100
13.1986,100,100
13.1984,100,100
13.1981,100,100
13.1979,100,100
13.1977,100,100
13.1975,100,100
13.1973,100,100
13.1971,100,100
13.1969,100,100
13.1966,100,100
13.1964,100,100
13.1962,100,100
13.196,100,100
13.1958,100,100
13.1956,100,100
13.1954,100,100
13.1952,100,100
13.1949,100,100
13.1947,100,100
13.1945,100,100
13.1943,100,100
13.1941,100,100
13.1939,100,100
13.1937,100,100
13.1935,100,100
13.1932,100,100
13.193,100,100
13.1928,100,100
13.1926,100,100
13.1924,100,100
13.1922,100,100
13.192,100,100
13.1918,100,100
13.1915,100,100
13.1913,100,100
13.1911,100,100
13.1909,100,100
13.1907,100,100
13.1905,100,100
13.1903,100,100
13.1901,100,100
13.1899,100,100
13.1897,100,100
13.1894,100,100
13.1892,100,100
13.189,100,100
13.1888,100,100
13.1886,100,100
13.1884,100,100
13.1882,100,100
13.188,100,100
13.1878,100,100
13.1876,100,100
13.1874,100,100
13.1872,100,100
13.1869,100,100
13.1867,100,100
13.1865,100,100
13.1863,100,100
13.1861,100,100
13.1859,100,100
13.1857,100,100
13.1855,100,100
13.1853,100,100
13.1851,100,100
13.1849,100,100
13.1847,100,100
13.1844,100,100
13.1842,100,100
13.184,100,100
13.1838,100,100
13.1836,100,100
13.1834,100,100
13.1832,100,100
13.183,100,100
13.1828,100,100
13.1826,100,100
13.1824,100,100
13.1822,100,100
13.182,100,100
13.1817,100,100
13.1815,100,100
13.1813,100,100
13.1811,100,100
13.1809,100,100
13.1807,100,100
13.1805,100,100
13.1803,100,100
13.1801,100,100
13.1799,100,100
13.1797,100,100
13.1795,100,100
13.1792,100,100
13.179,100,100
13.1788,100,100
13.1786,100,100
13.1784,100,100
13.1782,100,100
13.178,100,100
13.1778,100,100
13.1776,100,100
13.1774,100,100
13.1772,100,100
13.177,100,100
13.1767,100,100
13.1765,100,100
13.1763,100,100
13.1761,100,100
13.1759,100,100
13.1757,100,100
13.1755,100,100
13.1753,100,100
13.1751,100,100
13.1749,100,100
13.1747,100,100
13.1745,100,100
13.1742,100,100
13.174,100,100
13.1738,100,100
13.1736,100,100
13.1734,100,100
13.1732,100,100
13.173,100,100
13.1728,100,100
13.1726,100,100
13.1724,100,100
13.1722,100,100
13.172,100,100
13.1718,100,100
13.1715,100,100
13.1713,100,100
13.1711,100,100
13.1709,100,100
13.1707,100,100
13.1705,100,100
13.1703,100,100
13.1701,100,100
13.1699,100,100
13.1697,100,100
13.1695,100,100
13.1693,100,100
13.169,100,100
13.1688,100,100
13.1686,100,100
13.1684,100,100
13.1682,100,100
13.168,100,100
13.1678,100,100
13.1676,100,100
13.1674,100,100
13.1672,100,100
13.167,100,100
13.1668,100,100
13.1666,100,100
13.1664,100,100
13.1661,100,100
13.1659,100,100
13.1657,100,100
13.1655,100,100
13.1653,100,100
13.1651,100,100
13.1649,100,100
13.1647,100,100
13.1645,100,100
13.1643,100,100
13.1641,100,100
13.1639,100,100
13.1637,100,100
13.1634,100,100
13.1632,100,100
13.163,100,100
13.1628,100,100
13.1626,100,100
13.1624,100,100
13.1622,100,100
13.162,100,100
13.1618,100,100
13.1616,100,100
13.1614,100,100
13.1612,100,100
13.161,100,100
13.1608,100,100
13.1605,100,100
13.1603,100,100
13.1601,100,100
13.1599,100,100
13.1597,100,100
13.1595,100,100
13.1593,100,100
13.1591,100,100
13.1589,100,100
13.1587,100,100
13.1585,100,100
13.1583,100,100
13.1581,100,100
13.1579,100,100
13.1576,100,100
13.1574,100,100
13.1572,100,100
13.157,100,100
13.1568,100,100
13.1566,100,100
13.1564,100,100
13.1562,100,100
13.156,100,100
13.1558,100,100
13.1556,100,100
13.1554,100,100
13.1552,100,100
13.1549,100,100
13.1547,100,100
13.1545,100,100
13.1543,100,100
13.1541,100,100
13.1539,100,100
13.1537,100,100
13.1535,100,100
13.1533,100,100
13.1531,100,100
13.1529,100,100
13.1527,100,100
13.1525,100,100
13.1523,100,100
13.152,100,100
13.1518,100,100
13.1516,100,100
13.1514,100,100
13.1512,100,100
13.151,100,100
13.1508,100,100
13.1506,100,100
13.1504,100,100
13.1502,100,100
13.15,100,100
13.1498,100,100
13.1496,100,100
13.1494,100,100
13.1491,100,100
13.1489,100,100
13.1487,100,100
13.1485,100,100
13.1483,100,100
13.1481,100,100
13.1479,100,100
13.1477,100,100
13.1475,100,100
13.1473,100,100
13.1471,100,100
13.1469,100,100
13.1467,100,100
13.1465,100,100
13.1463,100,100
13.1461,100,100
13.1459,100,100
13.1457,100,100
13.1455,100,100
13.1453,100,100
13.1451,100,100
13.1449,100,100
13.1447,100,100
13.1445,100,100
13.1443,100,100
13.1441,100,100
13.1439,100,100
13.1437,100,100
13.1435,100,100
13.1433,100,100
13.1431,100,100
13.1429,100,100
13.1427,100,100
13.1425,100,100
13.1423,100,100
13.1421,100,100
13.1419,100,100
13.1417,100,100
13.1415,100,100
13.1413,100,100
13.1411,100,100
13.1408,100,100
13.1406,100,100
13.1404,100,100
13.1402,100,100
13.14,100,100
13.1398,100,100
13.1396,100,100
13.1394,100,100
13.1392,100,100
13.139,100,100
13.1388,100,100
13.1386,100,100
13.1384,100,100
13.1382,100,100
13.138,100,100
13.1378,100,100
13.1376,100,100
13.1374,100,100
13.1372,100,100
13.137,100,100
13.1368,100,100
13.1366,100,100
13.1364,100,100
13.1362,100,100
13.136,100,100
13.1358,100,100
13.1356,100,100
13.1354,100,100
13.1352,100,100
13.135,100,100
13.1348,100,100
13.1346,100,100
13.1344,100,100
13.1342,100,100
13.134,100,100
13.1338,100,100
13.1336,100,100
13.1334,100,100
13.1332,100,100
13.133,100,100
13.1328,100,100
13.1326,100,100
13.1324,100,100
13.1322,100,100
13.132,100,100
13.1318,100,100
13.1315,100,100
13.1313,100,100
13.1311,100,100
13.1309,100,100
13.1307,100,100
13.1305,100,100
13.1303,100,100
13.1301,100,100
13.1299,100,100
13.1297,100,100
13.1295,100,100
13.1293,100,100
13.1291,100,100
13.1289,100,100
13.1287,100,100
13.1285,100,100
13.1283,100,100
13.1281,100,100
13.1279,100,100
13.1277,100,100
13.1275,100,100
13.1273,100,100
13.1271,100,100
13.1269,100,100
13.1267,100,100
13.1265,100,100
13.1263,100,100
13.1261,100,100
13.1259,100,100
13.1257,100,100
13.1255,100,100
13.1253,100,100
13.1251,100,100
13.1249,100,100
13.1247,100,100
13.1245,100,100
13.1243,100,100
13.1241,100,100
13.1239,100,100
13.1237,100,100
13.1235,100,100
13.1233,100,100
13.1231,100,100
13.1229,100,100
13.1227,100,100
13.1225,100,100
13.1222,100,100
13.122,100,100
13.1218,100,100
13.1216,100,100
13.1214,100,100
13.1212,100,100
13.121,100,100
13.1208,100,100
13.1206,100,100
13.1204,100,100
13.1202,100,100
13.12,100,100
13.1198,100,100
13.1196,100,100
13.1194,100,100
13.1192,100,100
13.119,100,100
13.1188,100,100
13.1186,100,100
13.1184,100,100
13.1182,100,100
13.118,100,100
13.1178,100,100
13.1176,100,100
13.1174,100,100
13.1172,100,100
13.117,100,100
13.1168,100,100
13.1166,100,100
13.1164,100,100
13.1162,100,100
13.116,100,100
13.1158,100,100
13.1156,100,100
13.1154,100,100
13.1152,100,100
13.115,100,100
13.1148,100,100
13.1146,100,100
13.1144,100,100
13.1142,100,100
13.114,100,100
13.1138,100,100
13.1136,100,100
13.1134,100,100
13.1132,100,100
13.1129,100,100
13.1127,100,100
13.1125,100,100
13.1123,100,100
13.1121,100,100
13.1119,100,100
13.1117,100,100
13.1115,100,100
13.1113,100,100
13.1111,100,100
13.1109,100,100
13.1107,100,100
13.1105,100,100
13.1103,100,100
13.1101,100,100
13.1099,100,100
13.1097,100,100
13.1095,100,100
13.1093,100,100
13.1091,100,100
13.1089,100,100
13.1087,100,100
13.1085,100,100
13.1083,100,100
13.1081,100,100
13.1079,100,100
13.1077,100,100
13.1075,100,100
13.1073,100,100
13.1071,100,100
13.1069,100,100
13.1067,100,100
13.1065,100,100
13.1063,100,100
13.1061,100,100
13.1059,100,100
13.1057,100,100
13.1055,100,100
13.1053,100,100
13.1051,100,100
13.1049,100,100
13.1047,100,100
13.1045,100,100
13.1043,100,100
13.1041,100,100
13.1039,100,100
13.1037,100,100
13.1034,100,100
13.1032,100,100
13.103,100,100
13.1028,100,100
13.1026,100,100
13.1024,100,100
13.1022,100,100
13.102,100,100
13.1018,100,100
13.1016,100,100
13.1014,100,100
13.1012,100,100
13.101,100,100
13.1008,100,100
13.1006,100,100
13.1004,100,100
13.1002,100,100
13.1,100,100
13.0998,100,100
13.0996,100,100
13.0994,100,100
13.0992,100,100
13.099,100,100
13.0988,100,100
13.0986,100,100
13.0984,100,100
13.0982,100,100
13.098,100,100
13.0978,100,100
13.0976,100,100
13.0974,100,100
13.0972,100,100
13.097,100,100
13.0968,100,100
13.0966,100,100
13.0964,100,100
13.0962,100,100
13.096,100,100
13.0958,100,100
13.0956,100,100
13.0954,100,100
13.0952,100,100
13.095,100,100
13.0948,100,100
13.0946,100,100
13.0944,100,100
13.0941,100,100
13.0939,100,100
13.0937,100,100
13.0935,100,100
13.0933,100,100
13.0931,100,100
13.0929,100,100
13.0927,100,100
13.0925,100,100
13.0923,100,100
13.0921,100,100
13.0919,100,100
13.0917,100,100
13.0915,100,100
13.0913,100,100
13.0911,100,100
13.0909,100,100
13.0907,100,100
13.0905,100,100
13.0903,100,100
13.0901,100,100
13.0899,100,100
13.0897,100,100
13.0895,100,100
13.0893,100,100
13.0891,100,100
13.0889,100,100
13.0887,100,100
13.0885,100,100
13.0883,100,100
13.0881,100,100
13.0879,100,100
13.0877,100,100
13.0875,100,100
13.0873,100,100
13.0871,100,100
13.0869,100,100
13.0867,100,100
13.0865,100,100
13.0863,100,100
13.0861,100,100
13.0859,100,100
13.0857,100,100
13.0855,100,100
13.0853,100,100
13.0851,100,100
13.0848,100,100
13.0846,100,100
13.0844,100,100
13.0842,100,100
13.084,100,100
13.0838,100,100
13.0836,100,100
13.0834,100,100
13.0832,100,100
13.083,100,100
13.0828,100,100
13.0826,100,100
13.0824,100,100
13.0822,100,100
13.082,100,100
13.0818,100,100
13.0816,100,100
13.0814,100,100
13.0812,100,100
13.081,100,100
13.0808,100,100
13.0806,100,100
13.0804,100,100
13.0802,100,100
13.08,100,100
13.0798,100,100
13.0796,100,100
13.0794,100,100
13.0792,100,100
13.079,100,100
13.0788,100,100
13.0786,100,100
13.0784,100,100
13.0782,100,100
13.078,100,100
13.0778,100,100
13.0776,100,100
13.0774,100,100
13.0772,100,100
13.077,100,100
13.0768,100,100
13.0766,100,100
13.0764,100,100
13.0762,100,100
13.076,100,100
13.0758,100,100
13.0755,100,100
13.0753,100,100
13.0751,100,100
13.0749,100,100
13.0747,100,100
13.0745,100,100
13.0743,100,100
13.0741,100,100
13.0739,100,100
13.0737,100,100
13.0735,100,100
13.0733,100,100
13.0731,100,100
13.0729,100,100
13.0727,100,100
13.0725,100,100
13.0723,100,100
13.0721,100,100
13.0719,100,100
13.0717,100,100
13.0715,100,100
13.0713,100,100
13.0711,100,100
13.0709,100,100
13.0707,100,100
13.0705,100,100
13.0703,100,100
13.0701,100,100
13.0699,100,100
13.0697,100,100
13.0695,100,100
13.0693,100,100
13.0691,100,100
13.0689,100,100
13.0687,100,100
13.0685,100,100
13.0683,100,100
13.0681,100,100
13.0679,100,100
13.0677,100,100
13.0675,100,100
13.0673,100,100
13.0671,100,100
13.0669,100,100
13.0667,100,100
13.0664,100,100
13.0662,100,100
13.066,100,100
13.0658,100,100
13.0656,100,100
13.0654,100,100
13.0652,100,100
13.065,100,100
13.0648,100,100
13.0646,100,100
13.0644,100,100
13.0642,100,100
13.064,100,100
13.0638,100,100
13.0636,100,100
13.0634,100,100
13.0632,100,100
13.063,100,100
13.0628,100,100
13.0626,100,100
13.0624,100,100
13.0622,100,100
13.062,100,100
13.0618,100,100
13.0616,100,100
13.0614,100,100
13.0612,100,100
13.061,100,100
13.0608,100,100
13.0606,100,100
13.0604,100,100
13.0602,100,100
13.06,100,100
13.0598,100,100
13.0596,100,100
13.0594,100,100
13.0592,100,100
13.059,100,100
13.0588,100,100
13.0586,100,100
13.0584,100,100
13.0582,100,100
13.058,100,100
13.0578,100,100
13.0575,100,100
13.0573,100,100
13.0571,100,100
13.0569,100,100
13.0567,100,100
13.0565,100,100
13.0563,100,100
13.0561,100,100
13.0559,100,100
13.0557,100,100
13.0555,100,100
13.0553,100,100
13.0551,100,100
13.0549,100,100
13.0547,100,100
13.0545,100,100
13.0543,100,100
13.0541,100,100
13.0539,100,100
13.0537,100,100
13.0535,100,100
13.0533,100,100
13.0531,100,100
13.0529,100,100
13.0527,100,100
13.0525,100,100
13.0523,100,100
13.0521,100,100
13.0519,100,100
13.0517,100,100
13.0515,100,100
13.0513,100,100
13.0511,100,100
13.0509,100,100
13.0507,100,100
13.0505,100,100
13.0503,100,100
13.0501,100,100
13.0499,100,100
13.0497,100,100
13.0495,100,100
13.0493,100,100
13.0491,100,100
13.0488,100,100
13.0486,100,100
13.0484,100,100
13.0482,100,100
13.048,100,100
13.0478,100,100
13.0476,100,100
13.0474,100,100
13.0472,100,100
13.047,100,100
13.0468,100,100
13.0466,100,100
13.0464,100,100
13.0462,100,100
13.046,100,100
13.0458,100,100
13.0456,100,100
13.0454,100,100
13.0452,100,100
13.045,100,100
13.0448,100,100
13.0446,100,100
13.0444,100,100
13.0442,100,100
13.044,100,100
13.0438,100,100
13.0436,100,100
13.0434,100,100
13.0432,100,100
13.043,100,100
13.0428,100,100
13.0426,100,100
13.0424,100,100
13.0422,100,100
13.042,100,100
13.0418,100,100
13.0416,100,100
13.0414,100,100
13.0412,100,100
13.041,100,100
13.0408,100,100
13.0406,100,100
13.0404,100,100
13.0402,100,100
13.0399,100,100
13.0397,100,100
13.0395,100,100
13.0393,100,100
13.0391,100,100
13.0389,100,100
13.0387,100,100
13.0385,100,100
13.0383,100,100
13.0381,100,100
13.0379,100,100
13.0377,100,100
13.0375,100,100
13.0373,100,100
13.0371,100,100
13.0369,100,100
13.0367,100,100
13.0365,100,100
13.0363,100,100
13.0361,100,100
13.0359,100,100
13.0357,100,100
13.0355,100,100
13.0353,100,100
13.0351,100,100
13.0349,100,100
13.0347,100,100
13.0345,100,100
13.0343,100,100
13.0341,100,100
13.0339,100,100
13.0337,100,100
13.0335,100,100
13.0333,100,100
13.0331,100,100
13.0329,100,100
13.0327,100,100
13.0325,100,100
13.0323,100,100
13.0321,100,100
13.0319,100,100
13.0317,100,100
13.0315,100,100
13.0313,100,100
13.031,100,100
13.0308,100,100
13.0306,100,100
13.0304,100,100
13.0302,100,100
13.03,100,100
13.0298,100,100
13.0296,100,100
13.0294,100,100
13.0292,100,100
13.029,100,100
13.0288,100,100
13.0286,100,100
13.0284,100,100
13.0282,100,100
13.028,100,100
13.0278,100,100
13.0276,100,100
13.0274,100,100
13.0272,100,100
13.027,100,100
13.0268,100,100
13.0266,100,100
13.0264,100,100
13.0262,100,100
13.026,100,100
13.0258,100,100
13.0256,100,100
13.0254,100,100
13.0252,100,100
13.025,100,100
13.0248,100,100
13.0246,100,100
13.0244,100,100
13.0242,100,100
13.024,100,100
13.0238,100,100
13.0236,100,100
13.0234,100,100
13.0232,100,100
13.023,100,100
13.0228,100,100
13.0226,100,100
13.0224,100,100
13.0221,100,100
13.0219,100,100
13.0217,100,100
13.0215,100,100
13.0213,100,100
13.0211,100,100
13.0209,100,100
13.0207,100,100
13.0205,100,100
13.0203,100,100
13.0201,100,100
13.0199,100,100
13.0197,100,100
13.0195,100,100
13.0193,100,100
13.0191,100,100
13.0189,100,100
13.0187,100,100
13.0185,100,100
13.0183,100,100
13.0181,100,100
13.0179,100,100
13.0177,100,100
13.0175,100,100
13.0173,100,100
13.0171,100,100
13.0169,100,100
13.0167,100,100
13.0165,100,100
13.0163,100,100
13.0161,100,100
13.0159,100,100
13.0157,100,100
13.0155,100,100
13.0153,100,100
13.0151,100,100
13.0149,100,100
13.0147,100,100
13.0145,100,100
13.0143,100,100
13.0141,100,100
13.0139,100,100
13.0137,100,100
13.0134,100,100
13.0132,100,100
13.013,100,100
13.0128,100,100
13.0126,100,100
13.0124,100,100
13.0122,100,100
13.012,100,100
13.0118,100,100
13.0116,100,100
13.0114,100,100
13.0112,100,100
13.011,100,100
13.0108,100,100
13.0106,100,100
13.0104,100,100
13.0102,100,100
13.01,100,100
13.0098,100,100
13.0096,100,100
13.0094,100,100
13.0092,100,100
13.009,100,100
13.0088,100,100
13.0086,100,100
13.0084,100,100
13.0082,100,100
13.008,100,100
13.0078,100,100
13.0076,100,100
13.0074,100,100
13.0072,100,100
13.007,100,100
13.0068,100,100
13.0066,100,100
13.0064,100,100
13.0062,100,100
13.006,100,100
13.0058,100,100
13.0056,100,100
13.0054,100,100
13.0052,100,100
13.005,100,100
13.0048,100,100
13.0045,100,100
13.0043,100,100
13.0041,100,100
13.0039,100,100
13.0037,100,100
13.0035,100,100
13.0033,100,100
13.0031,100,100
13.0029,100,100
13.0027,100,100
13.0025,100,100
13.0023,100,100
13.0021,100,100
13.0019,100,100
13.0017,100,100
13.0015,100,100
13.0013,100,100
13.0011,100,100
13.0009,100,100
13.0007,100,100
13.0005,100,100
13.0003,100,100
13.0001,100,100
12.9999,100,100
12.9997,100,100
12.9995,100,100
12.9993,100,100
12.9991,100,100
12.9989,100,100
12.9987,100,100
12.9985,100,100
12.9983,100,100
12.9981,100,100
12.9979,100,100
12.9977,100,100
12.9975,100,100
12.9973,100,100
12.9971,100,100
12.9969,100,100
12.9967,100,100
12.9965,100,100
12.9963,100,100
12.9961,100,100
12.9958,100,100
12.9956,100,100
12.9954,100,100
12.9952,100,100
12.995,100,100
12.9948,100,100
12.9946,100,100
12.9944,100,100
12.9942,100,100
12.994,100,100
12.9938,100,100
12.9936,100,100
12.9934,100,100
12.9932,100,100
12.993,100,100
12.9928,100,100
12.9926,100,100
12.9924,100,100
12.9922,100,100
12.992,100,100
12.9918,100,100
12.9916,100,100
12.9914,100,100
12.9912,100,100
12.991,100,100
12.9908,100,100
12.9906,100,100
12.9904,100,100
12.9902,100,100
12.99,100,100
12.9898,100,100
12.9896,100,100
12.9894,100,100
12.9892,100,100
12.989,100,100
12.9888,100,100
12.9886,100,100
12.9884,100,100
12.9882,100,100
12.988,100,100
12.9878,100,100
12.9876,100,100
12.9874,100,100
12.9872,100,100
12.9869,100,100
12.9867,100,100
12.9865,100,100
12.9863,100,100
12.9861,100,100
12.9859,100,100
12.9857,100,100
12.9855,100,100
12.9853,100,100
12.9851,100,100
12.9849,100,100
12.9847,100,100
12.9845,100,100
12.9843,100,100
12.9841,100,100
12.9839,100,100
12.9837,100,100
12.9835,100,100
12.9833,100,100
12.9831,100,100
12.9829,100,100
12.9827,100,100
12.9825,100,100
12.9823,100,100
12.9821,100,100
12.9819,100,100
12.9817,100,100
12.9815,100,100
12.9813,100,100
12.9811,100,100
12.9809,100,100
12.9807,100,100
12.9805,100,100
12.9803,100,100
12.9801,100,100
12.9799,100,100
12.9797,100,100
12.9795,100,100
12.9793,100,100
12.9791,100,100
12.9789,100,100
12.9787,100,100
12.9785,100,100
12.9782,100,100
12.978,100,100
12.9778,100,100
12.9776,100,100
12.9774,100,100
12.9772,100,100
12.977,100,100
12.9768,100,100
12.9766,100,100
12.9764,100,100
12.9762,100,100
12.976,100,100
12.9758,100,100
12.9756,100,100
12.9754,100,100
12.9752,100,100
12.975,100,100
12.9748,100,100
12.9746,100,100
12.9744,100,100
12.9742,100,100
12.974,100,100
12.9738,100,100
12.9736,100,100
12.9734,100,100
12.9732,100,100
12.973,100,100
12.9728,100,100
12.9726,100,100
12.9724,100,100
12.9722,100,100
12.972,100,100
12.9718,100,100
12.9716,100,100
12.9714,100,100
12.9712,100,100
12.971,100,100
12.9708,100,100
12.9706,100,100
12.9704,100,100
12.9702,100,100
12.97,100,100
12.9698,100,100
12.9696,100,100
12.9693,100,100
12.9691,100,100
12.9689,100,100
12.9687,100,100
12.9685,100,100
12.9683,100,100
12.9681,100,100
12.9679,100,100
12.9677,100,100
12.9675,100,100
12.9673,100,100
12.9671,100,100
12.9669,100,100
12.9667,100,100
12.9665,100,100
12.9663,100,100
12.9661,100,100
12.9659,100,100
12.9657,100,100
12.9655,100,100
12.9653,100,100
12.9651,100,100
12.9649,100,100
12.9647,100,100
12.9645,100,100
12.9643,100,100
12.9641,100,100
12.9639,100,100
12.9637,100,100
12.9635,100,100
12.9633,100,100
12.9631,100,100
12.9629,100,100
12.9627,100,100
12.9625,100,100
12.9623,100,100
12.9621,100,100
12.9619,100,100
12.9617,100,100
12.9615,100,100
12.9613,100,100
12.9611,100,100
12.9609,100,100
12.9606,100,100
12.9604,100,100
12.9602,100,100
12.96,100,100
12.9598,100,100
12.9596,100,100
12.9594,100,100
12.9592,100,100
12.959,100,100
12.9588,100,100
12.9586,100,100
12.9584,100,100
12.9582,100,100
12.958,100,100
12.9578,100,100
12.9576,100,100
12.9574,100,100
12.9572,100,100
12.957,100,100
12.9568,100,100
12.9566,100,100
12.9564,100,100
12.9562,100,100
12.956,100,100
12.9558,100,100
12.9556,100,100
12.9554,100,100
12.9552,100,100
12.955,100,100
12.9548,100,100
12.9546,100,100
12.9544,100,100
12.9542,100,100
12.954,100,100
12.9538,100,100
12.9536,100,100
12.9534,100,100
12.9532,100,100
12.953,100,100
12.9528,100,100
12.9526,100,100
12.9524,100,100
12.9522,100,100
12.952,100,100
12.9517,100,100
12.9515,100,100
12.9513,100,100
12.9511,100,100
12.9509,100,100
12.9507,100,100
12.9505,100,100
12.9503,100,100
12.9501,100,100
12.9499,100,100
12.9497,100,100
12.9495,100,100
12.9493,100,100
12.9491,100,100
12.9489,100,100
12.9487,100,100
12.9485,100,100
12.9483,100,100
12.9481,100,100
12.9479,100,100
12.9477,100,100
12.9475,100,100
12.9473,100,100
12.9471,100,100
12.9469,100,100
12.9467,100,100
12.9465,100,100
12.9463,100,100
12.9461,100,100
12.9459,100,100
12.9457,100,100
12.9455,100,100
12.9453,100,100
12.9451,100,100
12.9449,100,100
12.9447,100,100
12.9445,100,100
12.9443,100,100
12.9441,100,100
12.9439,100,100
12.9437,100,100
12.9435,100,100
12.9433,100,100
12.943,100,100
12.9428,100,100
12.9426,100,100
12.9424,100,100
12.9422,100,100
12.942,100,100
12.9418,100,100
12.9416,100,100
12.9414,100,100
12.9412,100,100
12.941,100,100
12.9408,100,100
12.9406,100,100
12.9404,100,100
12.9402,100,100
12.94,100,100
12.9398,100,100
12.9396,100,100
12.9394,100,100
12.9392,100,100
12.939,100,100
12.9388,100,100
12.9386,100,100
12.9384,100,100
12.9382,100,100
12.938,100,100
12.9378,100,100
12.9376,100,100
12.9374,100,100
12.9372,100,100
12.937,100,100
12.9368,100,100
12.9366,100,100
12.9364,100,100
12.9362,100,100
12.936,100,100
12.9358,100,100
12.9356,100,100
12.9354,100,100
12.9352,100,100
12.935,100,100
12.9348,100,100
12.9346,100,100
12.9344,100,100
12.9341,100,100
12.9339,100,100
12.9337,100,100
12.9335,100,100
12.9333,100,100
12.9331,100,100
12.9329,100,100
12.9327,100,100
12.9325,100,100
12.9323,100,100
12.9321,100,100
12.9319,100,100
12.9317,100,100
12.9315,100,100
12.9313,100,100
12.9311,100,100
12.9309,100,100
12.9307,100,100
12.9305,100,100
12.9303,100,100
12.9301,100,100
12.9299,100,100
12.9297,100,100
12.9295,100,100
12.9293,100,100
12.9291,100,100
12.9289,100,100
12.9287,100,100
12.9285,100,100
12.9283,100,100
12.9281,100,100
12.9279,100,100
12.9277,100,100
12.9275,100,100
12.9273,100,100
12.9271,100,100
12.9269,100,100
12.9267,100,100
12.9265,100,100
12.9263,100,100
12.9261,100,100
12.9259,100,100
12.9257,100,100
12.9255,100,100
12.9253,100,100
12.9251,100,100
12.9249,100,100
12.9247,100,100
12.9245,100,100
12.9243,100,100
12.9241,100,100
12.9239,100,100
12.9237,100,100
12.9235,100,100
12.9233,100,100
12.9231,100,100
12.9229,100,100
12.9227,100,100
12.9225,100,100
12.9223,100,100
12.9221,100,100
12.9219,100,100
12.9217,100,100
12.9215,100,100
12.9213,100,100
12.9211,100,100
12.9209,100,100
12.9207,100,100
12.9205,100,100
12.9203,100,100
12.9201,100,100
12.9199,100,100
12.9197,100,100
12.9195,100,100
12.9193,100,100
12.9191,100,100
12.9189,100,100
12.9187,100,100
12.9185,100,100
12.9183,100,100
12.9181,100,100
12.9179,100,100
12.9177,100,100
12.9175,100,100
12.9173,100,100
12.9171,100,100
12.9169,100,100
12.9167,100,100
12.9165,100,100
12.9163,100,100
12.9161,100,100
12.9159,100,100
12.9157,100,100
12.9155,100,100
12.9153,100,100
12.9151,100,100
12.9149,100,100
12.9147,100,100
12.9145,100,100
12.9143,100,100
12.9141,100,100
12.9139,100,100
12.9137,100,100
12.9135,100,100
12.9133,100,100
12.9131,100,100
12.9129,100,100
12.9127,100,100
12.9125,100,100
12.9123,100,100
12.9121,100,100
12.9119,100,100
12.9117,100,100
12.9115,100,100
12.9113,100,100
12.9111,100,100
12.9109,100,100
12.9107,100,100
12.9105,100,100
12.9103,100,100
12.9101,100,100
12.9099,100,100
12.9097,100,100
12.9095,100,100
12.9093,100,100
12.9091,100,100
12.9089,100,100
12.9087,100,100
12.9085,100,100
12.9083,100,100
12.9081,100,100
12.9079,100,100
12.9077,100,100
12.9075,100,100
12.9073,100,100
12.9071,100,100
12.9069,100,100
12.9067,100,100
12.9065,100,100
12.9063,100,100
12.9061,100,100
12.9059,100,100
12.9057,100,100
12.9055,100,100
12.9053,100,100
12.9051,100,100
12.9049,100,100
12.9047,100,100
12.9045,100,100
12.9043,100,100
12.9041,100,100
12.9039,100,100
12.9037,100,100
12.9035,100,100
12.9034,100,100
12.9032,100,100
12.903,100,100
12.9028,100,100
12.9026,100,100
12.9024,100,100
12.9022,100,100
12.902,100,100
12.9018,100,100
12.9016,100,100
12.9014,100,100
12.9012,100,100
12.901,100,100
12.9008,100,100
12.9006,100,100
12.9004,100,100
12.9002,100,100
12.9,100,100
12.8998,100,100
12.8996,100,100
12.8994,100,100
12.8992,100,100
12.899,100,100
12.8988,100,100
12.8986,100,100
12.8984,100,100
12.8982,100,100
12.898,100,100
12.8978,100,100
12.8976,100,100
12.8974,100,100
12.8972,100,100
12.897,100,100
12.8968,100,100
12.8966,100,100
12.8964,100,100
12.8963,100,100
12.8961,100,100
12.8959,100,100
12.8957,100,100
12.8955,100,100
12.8953,100,100
12.8951,100,100
12.8949,100,100
12.8947,100,100
12.8945,100,100
12.8943,100,100
12.8941,100,100
12.8939,100,100
12.8937,100,100
12.8935,100,100
12.8933,100,100
12.8931,100,100
12.8929,100,100
12.8927,100,100
12.8925,100,100
12.8923,100,100
12.8921,100,100
12.8919,100,100
12.8917,100,100
12.8915,100,100
12.8913,100,100
12.8911,100,100
12.8909,100,100
12.8907,100,100
12.8905,100,100
12.8903,100,100
12.8901,100,100
12.8899,100,100
12.8897,100,100
12.8895,100,100
12.8894,100,100
12.8892,100,100
12.889,100,100
12.8888,100,100
12.8886,100,100
12.8884,100,100
12.8882,100,100
12.888,100,100
12.8878,100,100
12.8876,100,100
12.8874,100,100
12.8872,100,100
12.887,100,100
12.8868,100,100
12.8866,100,100
12.8864,100,100
12.8862,100,100
12.886,100,100
12.8858,100,100
12.8856,100,100
12.8854,100,100
12.8852,100,100
12.885,100,100
12.8848,100,100
12.8846,100,100
12.8844,100,100
12.8842,100,100
12.884,100,100
12.8838,100,100
12.8836,100,100
12.8834,100,100
12.8832,100,100
12.883,100,100
12.8828,100,100
12.8826,100,100
12.8825,100,100
12.8823,100,100
12.8821,100,100
12.8819,100,100
12.8817,100,100
12.8815,100,100
12.8813,100,100
12.8811,100,100
12.8809,100,100
12.8807,100,100
12.8805,100,100
12.8803,100,100
12.8801,100,100
12.8799,100,100
12.8797,100,100
12.8795,100,100
12.8793,100,100
12.8791,100,100
12.8789,100,100
12.8787,100,100
12.8785,100,100
12.8783,100,100
12.8781,100,100
12.8779,100,100
12.8777,100,100
12.8775,100,100
12.8773,100,100
12.8771,100,100
12.8769,100,100
12.8767,100,100
12.8765,100,100
12.8763,100,100
12.8761,100,100
12.8759,100,100
12.8757,100,100
12.8756,100,100
12.8754,100,100
12.8752,100,100
12.875,100,100
12.8748,100,100
12.8746,100,100
12.8744,100,100
12.8742,100,100
12.874,100,100
12.8738,100,100
12.8736,100,100
12.8734,100,100
12.8732,100,100
12.873,100,100
12.8728,100,100
12.8726,100,100
12.8724,100,100
12.8722,100,100
12.872,100,100
12.8718,100,100
12.8716,100,100
12.8714,100,100
12.8712,100,100
12.871,100,100
12.8708,100,100
12.8706,100,100
12.8704,100,100
12.8702,100,100
12.87,100,100
12.8698,100,100
12.8696,100,100
12.8694,100,100
12.8692,100,100
12.869,100,100
12.8688,100,100
12.8686,100,100
12.8685,100,100
12.8683,100,100
12.8681,100,100
12.8679,100,100
12.8677,100,100
12.8675,100,100
12.8673,100,100
12.8671,100,100
12.8669,100,100
12.8667,100,100
12.8665,100,100
12.8663,100,100
12.8661,100,100
12.8659,100,100
12.8657,100,100
12.8655,100,100
12.8653,100,100
12.8651,100,100
12.8649,100,100
12.8647,100,100
12.8645,100,100
12.8643,100,100
12.8641,100,100
12.8639,100,100
12.8637,100,100
12.8635,100,100
12.8633,100,100
12.8631,100,100
12.8629,100,100
12.8627,100,100
12.8625,100,100
12.8623,100,100
12.8621,100,100
12.8619,100,100
12.8617,100,100
12.8616,100,100
12.8614,100,100
12.8612,100,100
12.861,100,100
12.8608,100,100
12.8606,100,100
12.8604,100,100
12.8602,100,100
12.86,100,100
12.8598,100,100
12.8596,100,100
12.8594,100,100
12.8592,100,100
12.859,100,100
12.8588,100,100
12.8586,100,100
12.8584,100,100
12.8582,100,100
12.858,100,100
12.8578,100,100
12.8576,100,100
12.8574,100,100
12.8572,100,100
12.857,100,100
12.8568,100,100
12.8566,100,100
12.8564,100,100
12.8562,100,100
12.856,100,100
12.8558,100,100
12.8556,100,100
12.8554,100,100
12.8552,100,100
12.855,100,100
12.8548,100,100
12.8547,100,100
12.8545,100,100
12.8543,100,100
12.8541,100,100
12.8539,100,100
12.8537,100,100
12.8535,100,100
12.8533,100,100
12.8531,100,100
12.8529,100,100
12.8527,100,100
12.8525,100,100
12.8523,100,100
12.8521,100,100
12.8519,100,100
12.8517,100,100
12.8515,100,100
12.8513,100,100
12.8511,100,100
12.8509,100,100
12.8507,100,100
12.8505,100,100
12.8503,100,100
12.8501,100,100
12.8499,100,100
12.8497,100,100
12.8495,100,100
12.8493,100,100
12.8491,100,100
12.8489,100,100
12.8487,100,100
12.8485,100,100
12.8483,100,100
12.8481,100,100
12.8479,100,100
12.8478,100,100
12.8476,100,100
12.8474,100,100
12.8472,100,100
12.847,100,100
12.8468,100,100
12.8466,100,100
12.8464,100,100
12.8462,100,100
12.846,100,100
12.8458,100,100
12.8456,100,100
12.8454,100,100
12.8452,100,100
12.845,100,100
12.8448,100,100
12.8446,100,100
12.8444,100,100
12.8442,100,100
12.844,100,100
12.8438,100,100
12.8436,100,100
12.8434,100,100
12.8432,100,100
12.843,100,100
12.8428,100,100
12.8426,100,100
12.8424,100,100
12.8422,100,100
12.842,100,100
12.8418,100,100
12.8416,100,100
12.8414,100,100
12.8412,100,100
12.841,100,100
12.8409,100,100
12.8407,100,100
12.8405,100,100
12.8403,100,100
12.8401,100,100
12.8399,100,100
12.8397,100,100
12.8395,100,100
12.8393,100,100
12.8391,100,100
12.8389,100,100
12.8387,100,100
12.8385,100,100
12.8383,100,100
12.8381,100,100
12.8379,100,100
12.8377,100,100
12.8375,100,100
12.8373,100,100
12.8371,100,100
12.8369,100,100
12.8367,100,100
12.8365,100,100
12.8363,100,100
12.8361,100,100
12.8359,100,100
12.8357,100,100
12.8355,100,100
12.8353,100,100
12.8351,100,100
12.8349,100,100
12.8347,100,100
12.8345,100,100
12.8343,100,100
12.8341,100,100
12.834,100,100
12.8338,100,100
12.8336,100,100
12.8334,100,100
12.8332,100,100
12.833,100,100
12.8328,100,100
12.8326,100,100
12.8324,100,100
12.8322,100,100
12.832,100,100
12.8318,100,100
12.8316,100,100
12.8314,100,100
12.8312,100,100
12.831,100,100
12.8308,100,100
12.8306,100,100
12.8304,100,100
12.8302,100,100
12.83,100,100
12.8298,100,100
12.8296,100,100
12.8294,100,100
12.8292,100,100
12.829,100,100
12.8288,100,100
12.8286,100,100
12.8284,100,100
12.8282,100,100
12.828,100,100
12.8278,100,100
12.8276,100,100
12.8274,100,100
12.8272,100,100
12.8271,100,100
12.8269,100,100
12.8267,100,100
12.8265,100,100
12.8263,100,100
12.8261,100,100
12.8259,100,100
12.8257,100,100
12.8255,100,100
12.8253,100,100
12.8251,100,100
12.8249,100,100
12.8247,100,100
12.8245,100,100
12.8243,100,100
12.8241,100,100
12.8239,100,100
12.8237,100,100
12.8235,100,100
12.8233,100,100
12.8231,100,100
12.8229,100,100
12.8227,100,100
12.8225,100,100
12.8223,100,100
12.8221,100,100
12.8219,100,100
12.8217,100,100
12.8215,100,100
12.8213,100,100
12.8211,100,100
12.8209,100,100
12.8207,100,100
12.8205,100,100
12.8204,100,100
12.8202,100,100
12.82,100,100
12.8198,100,100
12.8196,100,100
12.8194,100,100
12.8192,100,100
12.819,100,100
12.8188,100,100
12.8186,100,100
12.8184,100,100
12.8182,100,100
12.818,100,100
12.8178,100,100
12.8176,100,100
12.8174,100,100
12.8172,100,100
12.817,100,100
12.8168,100,100
12.8166,100,100
12.8164,100,100
12.8162,100,100
12.816,100,100
12.8158,100,100
12.8156,100,100
12.8154,100,100
12.8152,100,100
12.815,100,100
12.8148,100,100
12.8146,100,100
12.8144,100,100
12.8142,100,100
12.814,100,100
12.8138,100,100
12.8136,100,100
12.8135,100,100
12.8133,100,100
12.8131,100,100
12.8129,100,100
12.8127,100,100
12.8125,100,100
12.8123,100,100
12.8121,100,100
12.8119,100,100
12.8117,100,100
12.8115,100,100
12.8113,100,100
12.8111,100,100
12.8109,100,100
12.8107,100,100
12.8105,100,100
12.8103,100,100
12.8101,100,100
12.8099,100,100
12.8097,100,100
12.8095,100,100
12.8093,100,100
12.8091,100,100
12.8089,100,100
12.8087,100,100
12.8085,100,100
12.8083,100,100
12.8081,100,100
12.8079,100,100
12.8077,100,100
12.8075,100,100
12.8073,100,100
12.8071,100,100
12.8069,100,100
12.8068,100,100
12.8066,100,100
12.8064,100,100
12.8062,100,100
12.806,100,100
12.8058,100,100
12.8056,100,100
12.8054,100,100
12.8052,100,100
12.805,100,100
12.8048,100,100
12.8046,100,100
12.8044,100,100
12.8042,100,100
12.804,100,100
12.8038,100,100
12.8036,100,100
12.8034,100,100
12.8032,100,100
12.803,100,100
12.8028,100,100
12.8026,100,100
12.8024,100,100
12.8022,100,100
12.802,100,100
12.8018,100,100
12.8016,100,100
12.8014,100,100
12.8012,100,100
12.801,100,100
12.8008,100,100
12.8006,100,100
12.8004,100,100
12.8002,100,100
12.8001,100,100
12.7999,100,100
12.7997,100,100
12.7995,100,100
12.7993,100,100
12.7991,100,100
12.7989,100,100
12.7987,100,100
12.7985,100,100
12.7983,100,100
12.7981,100,100
12.7979,100,100
12.7977,100,100
12.7975,100,100
12.7973,100,100
12.7971,100,100
12.7969,100,100
12.7967,100,100
12.7965,100,100
12.7963,100,100
12.7961,100,100
12.7959,100,100
12.7957,100,100
12.7955,100,100
12.7953,100,100
12.7951,100,100
12.7949,100,100
12.7947,100,100
12.7945,100,100
12.7943,100,100
12.7941,100,100
12.7939,100,100
12.7937,100,100
12.7935,100,100
12.7934,100,100
12.7932,100,100
12.793,100,100
12.7928,100,100
12.7926,100,100
12.7924,100,100
12.7922,100,100
12.792,100,100
12.7918,100,100
12.7916,100,100
12.7914,100,100
12.7912,100,100
12.791,100,100
12.7908,100,100
12.7906,100,100
12.7904,100,100
12.7902,100,100
12.79,100,100
12.7898,100,100
12.7896,100,100
12.7894,100,100
12.7892,100,100
12.789,100,100
12.7888,100,100
12.7886,100,100
12.7884,100,100
12.7882,100,100
12.788,100,100
12.7878,100,100
12.7876,100,100
12.7874,100,100
12.7872,100,100
12.787,100,100
12.7868,100,100
12.7867,100,100
12.7865,100,100
12.7863,100,100
12.7861,100,100
12.7859,100,100
12.7857,100,100
12.7855,100,100
12.7853,100,100
12.7851,100,100
12.7849,100,100
12.7847,100,100
12.7845,100,100
12.7843,100,100
12.7841,100,100
12.7839,100,100
12.7837,100,100
12.7835,100,100
12.7833,100,100
12.7831,100,100
12.7829,100,100
12.7827,100,100
12.7825,100,100
12.7823,100,100
12.7821,100,100
12.7819,100,100
12.7817,100,100
12.7815,100,100
12.7813,100,100
12.7811,100,100
12.7809,100,100
12.7807,100,100
12.7805,100,100
12.7803,100,100
12.7801,100,100
12.78,100,100
12.7798,100,100
12.7796,100,100
12.7794,100,100
12.7792,100,100
12.779,100,100
12.7788,100,100
12.7786,100,100
12.7784,100,100
12.7782,100,100
12.778,100,100
12.7778,100,100
12.7776,100,100
12.7774,100,100
12.7772,100,100
12.777,100,100
12.7768,100,100
12.7766,100,100
12.7764,100,100
12.7762,100,100
12.776,100,100
12.7758,100,100
12.7756,100,100
12.7754,100,100
12.7752,100,100
12.775,100,100
12.7748,100,100
12.7746,100,100
12.7744,100,100
12.7742,100,100
12.774,100,100
12.7738,100,100
12.7736,100,100
12.7734,100,100
12.7733,100,100
12.7731,100,100
12.7729,100,100
12.7727,100,100
12.7725,100,100
12.7723,100,100
12.7721,100,100
12.7719,100,100
12.7717,100,100
12.7715,100,100
12.7713,100,100
12.7711,100,100
12.7709,100,100
12.7707,100,100
12.7705,100,100
12.7703,100,100
12.7701,100,100
12.7699,100,100
12.7697,100,100
12.7695,100,100
12.7693,100,100
12.7691,100,100
12.7689,100,100
12.7687,100,100
12.7685,100,100
12.7683,100,100
12.7681,100,100
12.7679,100,100
12.7677,100,100
12.7675,100,100
12.7673,100,100
12.7671,100,100
12.7669,100,100
12.7667,100,100
12.7666,100,100
12.7664,100,100
12.7662,100,100
12.766,100,100
12.7658,100,100
12.7656,100,100
12.7654,100,100
12.7652,100,100
12.765,100,100
12.7648,100,100
12.7646,100,100
12.7644,100,100
12.7642,100,100
12.764,100,100
12.7638,100,100
12.7636,100,100
12.7634,100,100
12.7632,100,100
12.763,100,100
12.7628,100,100
12.7626,100,100
12.7624,100,100
12.7622,100,100
12.762,100,100
12.7618,100,100
12.7616,100,100
12.7614,100,100
12.7612,100,100
12.761,100,100
12.7608,100,100
12.7606,100,100
12.7604,100,100
12.7602,100,100
12.76,100,100
12.7599,100,100
12.7597,100,100
12.7595,100,100
12.7593,100,100
12.7591,100,100
12.7589,100,100
12.7587,100,100
12.7585,100,100
12.7583,100,100
12.7581,100,100
12.7579,100,100
12.7577,100,100
12.7575,100,100
12.7573,100,100
12.7571,100,100
12.7569,100,100
12.7567,100,100
12.7565,100,100
12.7563,100,100
12.7561,100,100
12.7559,100,100
12.7557,100,100
12.7555,100,100
12.7553,100,100
12.7551,100,100
12.7549,100,100
12.7547,100,100
12.7545,100,100
12.7543,100,100
12.7541,100,100
12.7539,100,100
12.7537,100,100
12.7535,100,100
12.7533,100,100
12.7532,100,100
12.753,100,100
12.7528,100,100
12.7526,100,100
12.7524,100,100
12.7522,100,100
12.752,100,100
12.7518,100,100
12.7516,100,100
12.7514,100,100
12.7512,100,100
12.751,100,100
12.7508,100,100
12.7506,100,100
12.7504,100,100
12.7502,100,100
12.75,100,100
12.7498,100,100
12.7496,100,100
12.7494,100,100
12.7492,100,100
12.749,100,100
12.7488,100,100
12.7486,100,100
12.7484,100,100
12.7482,100,100
12.748,100,100
12.7478,100,100
12.7476,100,100
12.7474,100,100
12.7472,100,100
12.747,100,100
12.7468,100,100
12.7466,100,100
12.7465,100,100
12.7463,100,100
12.7461,100,100
12.7459,100,100
12.7457,100,100
12.7455,100,100
12.7453,100,100
12.7451,100,100
12.7449,100,100
12.7447,100,100
12.7445,100,100
12.7443,100,100
12.7441,100,100
12.7439,100,100
12.7437,100,100
12.7435,100,100
12.7433,100,100
12.7431,100,100
12.7429,100,100
12.7427,100,100
12.7425,100,100
12.7423,100,100
12.7421,100,100
12.7419,100,100
12.7417,100,100
12.7415,100,100
12.7413,100,100
12.7411,100,100
12.7409,100,100
12.7407,100,100
12.7405,100,100
12.7403,100,100
12.7401,100,100
12.7399,100,100
12.7398,100,100
12.7396,100,100
12.7394,100,100
12.7392,100,100
12.739,100,100
12.7388,100,100
12.7386,100,100
12.7384,100,100
12.7382,100,100
12.738,100,100
12.7378,100,100
12.7376,100,100
12.7374,100,100
12.7372,100,100
12.737,100,100
12.7368,100,100
12.7366,100,100
12.7364,100,100
12.7362,100,100
12.736,100,100
12.7358,100,100
12.7356,100,100
12.7354,100,100
12.7352,100,100
12.735,100,100
12.7348,100,100
12.7346,100,100
12.7344,100,100
12.7342,100,100
12.734,100,100
12.7338,100,100
12.7336,100,100
12.7334,100,100
12.7332,100,100
12.733,100,100
12.7329,100,100
12.7327,100,100
12.7325,100,100
12.7323,100,100
12.7321,100,100
12.7319,100,100
12.7317,100,100
12.7315,100,100
12.7313,100,100
12.7311,100,100
12.7309,100,100
12.7307,100,100
12.7305,100,100
12.7303,100,100
12.7301,100,100
12.7299,100,100
12.7297,100,100
12.7295,100,100
12.7293,100,100
12.7291,100,100
12.7289,100,100
12.7287,100,100
12.7285,100,100
12.7283,100,100
12.7281,100,100
12.7279,100,100
12.7277,100,100
12.7275,100,100
12.7273,100,100
12.7271,100,100
12.7269,100,100
12.7267,100,100
12.7265,100,100
12.7263,100,100
12.7261,100,100
12.7259,100,100
12.7257,100,100
12.7255,100,100
12.7253,100,100
12.7251,100,100
12.7249,100,100
12.7247,100,100
12.7245,100,100
12.7243,100,100
12.7241,100,100
12.7239,100,100
12.7237,100,100
12.7235,100,100
12.7233,100,100
12.7231,100,100
12.7229,100,100
12.7227,100,100
12.7225,100,100
12.7223,100,100
12.7221,100,100
12.7219,100,100
12.7217,100,100
12.7215,100,100
12.7213,100,100
12.7211,100,100
12.7209,100,100
12.7207,100,100
12.7205,100,100
12.7203,100,100
12.7201,100,100
12.7199,100,100
12.7197,100,100
12.7195,100,100
12.7193,100,100
12.7191,100,100
12.7188,100,100
12.7186,100,100
12.7184,100,100
12.7182,100,100
12.718,100,100
12.7178,100,100
12.7176,100,100
12.7174,100,100
12.7172,100,100
12.717,100,100
12.7168,100,100
12.7166,100,100
12.7164,100,100
12.7162,100,100
12.716,100,100
12.7158,100,100
12.7156,100,100
12.7154,100,100
12.7152,100,100
12.715,100,100
12.7148,100,100
12.7146,100,100
12.7144,100,100
12.7142,100,100
12.714,100,100
12.7138,100,100
12.7136,100,100
12.7134,100,100
12.7132,100,100
12.713,100,100
12.7128,100,100
12.7126,100,100
12.7124,100,100
12.7122,100,100
12.712,100,100
12.7118,100,100
12.7116,100,100
12.7114,100,100
12.7112,100,100
12.711,100,100
12.7108,100,100
12.7106,100,100
12.7104,100,100
12.7102,100,100
12.71,100,100
12.7098,100,100
12.7096,100,100
12.7094,100,100
12.7092,100,100
12.709,100,100
12.7088,100,100
12.7086,100,100
12.7084,100,100
12.7082,100,100
12.708,100,100
12.7078,100,100
12.7076,100,100
12.7074,100,100
12.7072,100,100
12.707,100,100
12.7068,100,100
12.7066,100,100
12.7064,100,100
12.7062,100,100
12.706,100,100
12.7058,100,100
12.7056,100,100
12.7054,100,100
12.7052,100,100
12.705,100,100
12.7048,100,100
12.7046,100,100
12.7044,100,100
12.7042,100,100
12.704,100,100
12.7038,100,100
12.7036,100,100
12.7034,100,100
12.7032,100,100
12.703,100,100
12.7028,100,100
12.7026,100,100
12.7024,100,100
12.7022,100,100
12.7021,100,100
12.7019,100,100
12.7017,100,100
12.7015,100,100
12.7013,100,100
12.7011,100,100
12.7009,100,100
12.7007,100,100
12.7005,100,100
12.7003,100,100
12.7001,100,100
12.6999,100,100
12.6997,100,100
12.6995,100,100
12.6993,100,100
12.6991,100,100
12.6989,100,100
12.6987,100,100
12.6985,100,100
12.6983,100,100
12.6981,100,100
12.6979,100,100
12.6977,100,100
12.6975,100,100
12.6973,100,100
12.6971,100,100
12.6969,100,100
12.6967,100,100
12.6965,100,100
12.6963,100,100
12.6961,100,100
12.6959,100,100
12.6957,100,100
12.6955,100,100
12.6953,100,100
12.6951,100,100
12.6949,100,100
12.6947,100,100
12.6945,100,100
12.6943,100,100
12.6941,100,100
12.6939,100,100
12.6937,100,100
12.6935,100,100
12.6933,100,100
12.6931,100,100
12.6929,100,100
12.6927,100,100
12.6925,100,100
12.6923,100,100
12.6921,100,100
12.6919,100,100
12.6917,100,100
12.6915,100,100
12.6913,100,100
12.6911,100,100
12.6909,100,100
12.6907,100,100
12.6905,100,100
12.6904,100,100
12.6902,100,100
12.69,100,100
12.6898,100,100
12.6896,100,100
12.6894,100,100
12.6892,100,100
12.689,100,100
12.6888,100,100
12.6886,100,100
12.6884,100,100
12.6882,100,100
12.688,100,100
12.6878,100,100
12.6876,100,100
12.6874,100,100
12.6872,100,100
12.687,100,100
12.6868,100,100
12.6866,100,100
12.6864,100,100
12.6862,100,100
12.686,100,100
12.6858,100,100
12.6856,100,100
12.6854,100,100
12.6852,100,100
12.685,100,100
12.6848,100,100
12.6846,100,100
12.6844,100,100
12.6842,100,100
12.684,100,100
12.6838,100,100
12.6836,100,100
12.6834,100,100
12.6832,100,100
12.6831,100,100
12.6829,100,100
12.6827,100,100
12.6825,100,100
12.6823,100,100
12.6821,100,100
12.6819,100,100
12.6817,100,100
12.6815,100,100
12.6813,100,100
12.6811,100,100
12.6809,100,100
12.6807,100,100
12.6805,100,100
12.6803,100,100
12.6801,100,100
12.6799,100,100
12.6797,100,100
12.6795,100,100
12.6793,100,100
12.6791,100,100
12.6789,100,100
12.6787,100,100
12.6785,100,100
12.6783,100,100
12.6781,100,100
12.6779,100,100
12.6777,100,100
12.6775,100,100
12.6773,100,100
12.6771,100,100
12.6769,100,100
12.6767,100,100
12.6766,100,100
12.6764,100,100
12.6762,100,100
12.676,100,100
12.6758,100,100
12.6756,100,100
12.6754,100,100
12.6752,100,100
12.675,100,100
12.6748,100,100
12.6746,100,100
12.6744,100,100
12.6742,100,100
12.674,100,100
12.6738,100,100
12.6736,100,100
12.6734,100,100
12.6732,100,100
12.673,100,100
12.6728,100,100
12.6726,100,100
12.6724,100,100
12.6722,100,100
12.672,100,100
12.6718,100,100
12.6716,100,100
12.6714,100,100
12.6712,100,100
12.671,100,100
12.6708,100,100
12.6706,100,100
12.6704,100,100
12.6702,100,100
12.67,100,100
12.6699,100,100
12.6697,100,100
12.6695,100,100
12.6693,100,100
12.6691,100,100
12.6689,100,100
12.6687,100,100
12.6685,100,100
12.6683,100,100
12.6681,100,100
12.6679,100,100
12.6677,100,100
12.6675,100,100
12.6673,100,100
12.6671,100,100
12.6669,100,100
12.6667,100,100
12.6665,100,100
12.6663,100,100
12.6661,100,100
12.6659,100,100
12.6657,100,100
12.6655,100,100
12.6653,100,100
12.6651,100,100
12.6649,100,100
12.6647,100,100
12.6645,100,100
12.6643,100,100
12.6641,100,100
12.6639,100,100
12.6637,100,100
12.6635,100,100
12.6633,100,100
12.6632,100,100
12.663,100,100
12.6628,100,100
12.6626,100,100
12.6624,100,100
12.6622,100,100
12.662,100,100
12.6618,100,100
12.6616,100,100
12.6614,100,100
12.6612,100,100
12.661,100,100
12.6608,100,100
12.6606,100,100
12.6604,100,100
12.6602,100,100
12.66,100,100
12.6598,100,100
12.6596,100,100
12.6594,100,100
12.6592,100,100
12.659,100,100
12.6588,100,100
12.6586,100,100
12.6584,100,100
12.6582,100,100
12.658,100,100
12.6578,100,100
12.6576,100,100
12.6574,100,100
12.6572,100,100
12.657,100,100
12.6568,100,100
12.6567,100,100
12.6565,100,100
12.6563,100,100
12.6561,100,100
12.6559,100,100
12.6557,100,100
12.6555,100,100
12.6553,100,100
12.6551,100,100
12.6549,100,100
12.6547,100,100
12.6545,100,100
12.6543,100,100
12.6541,100,100
12.6539,100,100
12.6537,100,100
12.6535,100,100
12.6533,100,100
12.6531,100,100
12.6529,100,100
12.6527,100,100
12.6525,100,100
12.6523,100,100
12.6521,100,100
12.6519,100,100
12.6517,100,100
12.6515,100,100
12.6513,100,100
12.6511,100,100
12.6509,100,100
12.6507,100,100
12.6505,100,100
12.6503,100,100
12.6501,100,100
12.65,100,100
12.6498,100,100
12.6496,100,100
12.6494,100,100
12.6492,100,100
12.649,100,100
12.6488,100,100
12.6486,100,100
12.6484,100,100
12.6482,100,100
12.648,100,100
12.6478,100,100
12.6476,100,100
12.6474,100,100
12.6472,100,100
12.647,100,100
12.6468,100,100
12.6466,100,100
12.6464,100,100
12.6462,100,100
12.646,100,100
12.6458,100,100
12.6456,100,100
12.6454,100,100
12.6452,100,100
12.645,100,100
12.6448,100,100
12.6446,100,100
12.6444,100,100
12.6442,100,100
12.644,100,100
12.6438,100,100
12.6436,100,100
12.6434,100,100
12.6433,100,100
12.6431,100,100
12.6429,100,100
12.6427,100,100
12.6425,100,100
12.6423,100,100
12.6421,100,100
12.6419,100,100
12.6417,100,100
12.6415,100,100
12.6413,100,100
12.6411,100,100
12.6409,100,100
12.6407,100,100
12.6405,100,100
12.6403,100,100
12.6401,100,100
12.6399,100,100
12.6397,100,100
12.6395,100,100
12.6393,100,100
12.6391,100,100
12.6389,100,100
12.6387,100,100
12.6385,100,100
12.6383,100,100
12.6381,100,100
12.6379,100,100
12.6377,100,100
12.6375,100,100
12.6373,100,100
12.6371,100,100
12.6369,100,100
12.6368,100,100
12.6366,100,100
12.6364,100,100
12.6362,100,100
12.636,100,100
12.6358,100,100
12.6356,100,100
12.6354,100,100
12.6352,100,100
12.635,100,100
12.6348,100,100
12.6346,100,100
12.6344,100,100
12.6342,100,100
12.634,100,100
12.6338,100,100
12.6336,100,100
12.6334,100,100
12.6332,100,100
12.633,100,100
12.6328,100,100
12.6326,100,100
12.6324,100,100
12.6322,100,100
12.632,100,100
12.6318,100,100
12.6316,100,100
12.6314,100,100
12.6312,100,100
12.631,100,100
12.6308,100,100
12.6306,100,100
12.6304,100,100
12.6302,100,100
12.6301,100,100
12.6299,100,100
12.6297,100,100
12.6295,100,100
12.6293,100,100
12.6291,100,100
12.6289,100,100
12.6287,100,100
12.6285,100,100
12.6283,100,100
12.6281,100,100
12.6279,100,100
12.6277,100,100
12.6275,100,100
12.6273,100,100
12.6271,100,100
12.6269,100,100
12.6267,100,100
12.6265,100,100
12.6263,100,100
12.6261,100,100
12.6259,100,100
12.6257,100,100
12.6255,100,100
12.6253,100,100
12.6251,100,100
12.6249,100,100
12.6247,100,100
12.6245,100,100
12.6243,100,100
12.6241,100,100
12.6239,100,100
12.6237,100,100
12.6235,100,100
12.6234,100,100
12.6232,100,100
12.623,100,100
12.6228,100,100
12.6226,100,100
12.6224,100,100
12.6222,100,100
12.622,100,100
12.6218,100,100
12.6216,100,100
12.6214,100,100
12.6212,100,100
12.621,100,100
12.6208,100,100
12.6206,100,100
12.6204,100,100
12.6202,100,100
12.62,100,100
12.6198,100,100
12.6196,100,100
12.6194,100,100
12.6192,100,100
12.619,100,100
12.6188,100,100
12.6186,100,100
12.6184,100,100
12.6182,100,100
12.618,100,100
12.6178,100,100
12.6176,100,100
12.6174,100,100
12.6172,100,100
12.617,100,100
12.6169,100,100
12.6167,100,100
12.6165,100,100
12.6163,100,100
12.6161,100,100
12.6159,100,100
12.6157,100,100
12.6155,100,100
12.6153,100,100
12.6151,100,100
12.6149,100,100
12.6147,100,100
12.6145,100,100
12.6143,100,100
12.6141,100,100
12.6139,100,100
12.6137,100,100
12.6135,100,100
12.6133,100,100
12.6131,100,100
12.6129,100,100
12.6127,100,100
12.6125,100,100
12.6123,100,100
12.6121,100,100
12.6119,100,100
12.6117,100,100
12.6115,100,100
12.6113,100,100
12.6111,100,100
12.6109,100,100
12.6107,100,100
12.6105,100,100
12.6103,100,100
12.6102,100,100
12.61,100,100
12.6098,100,100
12.6096,100,100
12.6094,100,100
12.6092,100,100
12.609,100,100
12.6088,100,100
12.6086,100,100
12.6084,100,100
12.6082,100,100
12.608,100,100
12.6078,100,100
12.6076,100,100
12.6074,100,100
12.6072,100,100
12.607,100,100
12.6068,100,100
12.6066,100,100
12.6064,100,100
12.6062,100,100
12.606,100,100
12.6058,100,100
12.6056,100,100
12.6054,100,100
12.6052,100,100
12.605,100,100
12.6048,100,100
12.6046,100,100
12.6044,100,100
12.6042,100,100
12.604,100,100
12.6038,100,100
12.6037,100,100
12.6035,100,100
12.6033,100,100
12.6031,100,100
12.6029,100,100
12.6027,100,100
12.6025,100,100
12.6023,100,100
12.6021,100,100
12.6019,100,100
12.6017,100,100
12.6015,100,100
12.6013,100,100
12.6011,100,100
12.6009,100,100
12.6007,100,100
12.6005,100,100
12.6003,100,100
12.6001,100,100
12.5999,100,100
12.5997,100,100
12.5995,100,100
12.5993,100,100
12.5991,100,100
12.5989,100,100
12.5987,100,100
12.5985,100,100
12.5983,100,100
12.5981,100,100
12.5979,100,100
12.5977,100,100
12.5975,100,100
12.5973,100,100
12.5971,100,100
12.597,100,100
12.5968,100,100
12.5966,100,100
12.5964,100,100
12.5962,100,100
12.596,100,100
12.5958,100,100
12.5956,100,100
12.5954,100,100
12.5952,100,100
12.595,100,100
12.5948,100,100
12.5946,100,100
12.5944,100,100
12.5942,100,100
12.594,100,100
12.5938,100,100
12.5936,100,100
12.5934,100,100
12.5932,100,100
12.593,100,100
12.5928,100,100
12.5926,100,100
12.5924,100,100
12.5922,100,100
12.592,100,100
12.5918,100,100
12.5916,100,100
12.5914,100,100
12.5912,100,100
12.591,100,100
12.5908,100,100
12.5906,100,100
12.5904,100,100
12.5903,100,100
12.5901,100,100
12.5899,100,100
12.5897,100,100
12.5895,100,100
12.5893,100,100
12.5891,100,100
12.5889,100,100
12.5887,100,100
12.5885,100,100
12.5883,100,100
12.5881,100,100
12.5879,100,100
12.5877,100,100
12.5875,100,100
12.5873,100,100
12.5871,100,100
12.5869,100,100
12.5867,100,100
12.5865,100,100
12.5863,100,100
12.5861,100,100
12.5859,100,100
12.5857,100,100
12.5855,100,100
12.5853,100,100
12.5851,100,100
12.5849,100,100
12.5847,100,100
12.5845,100,100
12.5843,100,100
12.5841,100,100
12.5839,100,100
12.5838,100,100
12.5836,100,100
12.5834,100,100
12.5832,100,100
12.583,100,100
12.5828,100,100
12.5826,100,100
12.5824,100,100
12.5822,100,100
12.582,100,100
12.5818,100,100
12.5816,100,100
12.5814,100,100
12.5812,100,100
12.581,100,100
12.5808,100,100
12.5806,100,100
12.5804,100,100
12.5802,100,100
12.58,100,100
12.5798,100,100
12.5796,100,100
12.5794,100,100
12.5792,100,100
12.579,100,100
12.5788,100,100
12.5786,100,100
12.5784,100,100
12.5782,100,100
12.578,100,100
12.5778,100,100
12.5776,100,100
12.5774,100,100
12.5772,100,100
12.5771,100,100
12.5769,100,100
12.5767,100,100
12.5765,100,100
12.5763,100,100
12.5761,100,100
12.5759,100,100
12.5757,100,100
12.5755,100,100
12.5753,100,100
12.5751,100,100
12.5749,100,100
12.5747,100,100
12.5745,100,100
12.5743,100,100
12.5741,100,100
12.5739,100,100
12.5737,100,100
12.5735,100,100
12.5733,100,100
12.5731,100,100
12.5729,100,100
12.5727,100,100
12.5725,100,100
12.5723,100,100
12.5721,100,100
12.5719,100,100
12.5717,100,100
12.5715,100,100
12.5713,100,100
12.5711,100,100
12.5709,100,100
12.5707,100,100
12.5705,100,100
12.5704,100,100
12.5702,100,100
12.57,100,100
12.5698,100,100
12.5696,100,100
12.5694,100,100
12.5692,100,100
12.569,100,100
12.5688,100,100
12.5686,100,100
12.5684,100,100
12.5682,100,100
12.568,100,100
12.5678,100,100
12.5676,100,100
12.5674,100,100
12.5672,100,100
12.567,100,100
12.5668,100,100
12.5666,100,100
12.5664,100,100
12.5662,100,100
12.566,100,100
12.5658,100,100
12.5656,100,100
12.5654,100,100
12.5652,100,100
12.565,100,100
12.5648,100,100
12.5646,100,100
12.5644,100,100
12.5642,100,100
12.564,100,100
12.5639,100,100
12.5637,100,100
12.5635,100,100
12.5633,100,100
12.5631,100,100
12.5629,100,100
12.5627,100,100
12.5625,100,100
12.5623,100,100
12.5621,100,100
12.5619,100,100
12.5617,100,100
12.5615,100,100
12.5613,100,100
12.5611,100,100
12.5609,100,100
12.5607,100,100
12.5605,100,100
12.5603,100,100
12.5601,100,100
12.5599,100,100
12.5597,100,100
12.5595,100,100
12.5593,100,100
12.5591,100,100
12.5589,100,100
12.5587,100,100
12.5585,100,100
12.5583,100,100
12.5581,100,100
12.5579,100,100
12.5577,100,100
12.5575,100,100
12.5573,100,100
12.5572,100,100
12.557,100,100
12.5568,100,100
12.5566,100,100
12.5564,100,100
12.5562,100,100
12.556,100,100
12.5558,100,100
12.5556,100,100
12.5554,100,100
12.5552,100,100
12.555,100,100
12.5548,100,100
12.5546,100,100
12.5544,100,100
12.5542,100,100
12.554,100,100
12.5538,100,100
12.5536,100,100
12.5534,100,100
12.5532,100,100
12.553,100,100
12.5528,100,100
12.5526,100,100
12.5524,100,100
12.5522,100,100
12.552,100,100
12.5518,100,100
12.5516,100,100
12.5514,100,100
12.5512,100,100
12.551,100,100
12.5508,100,100
12.5506,100,100
12.5505,100,100
12.5503,100,100
12.5501,100,100
12.5499,100,100
12.5497,100,100
12.5495,100,100
12.5493,100,100
12.5491,100,100
12.5489,100,100
12.5487,100,100
12.5485,100,100
12.5483,100,100
12.5481,100,100
12.5479,100,100
12.5477,100,100
12.5475,100,100
12.5473,100,100
12.5471,100,100
12.5469,100,100
12.5467,100,100
12.5465,100,100
12.5463,100,100
12.5461,100,100
12.5459,100,100
12.5457,100,100
12.5455,100,100
12.5453,100,100
12.5451,100,100
12.5449,100,100
12.5447,100,100
12.5445,100,100
12.5443,100,100
12.5441,100,100
12.544,100,100
12.5438,100,100
12.5436,100,100
12.5434,100,100
12.5432,100,100
12.543,100,100
12.5428,100,100
12.5426,100,100
12.5424,100,100
12.5422,100,100
12.542,100,100
12.5418,100,100
12.5416,100,100
12.5414,100,100
12.5412,100,100
12.541,100,100
12.5408,100,100
12.5406,100,100
12.5404,100,100
12.5402,100,100
12.54,100,100
12.5398,100,100
12.5396,100,100
12.5394,100,100
12.5392,100,100
12.539,100,100
12.5388,100,100
12.5386,100,100
12.5384,100,100
12.5382,100,100
12.538,100,100
12.5378,100,100
12.5376,100,100
12.5374,100,100
12.5373,100,100
12.5371,100,100
12.5369,100,100
12.5367,100,100
12.5365,100,100
12.5363,100,100
12.5361,100,100
12.5359,100,100
12.5357,100,100
12.5355,100,100
12.5353,100,100
12.5351,100,100
12.5349,100,100
12.5347,100,100
12.5345,100,100
12.5343,100,100
12.5341,100,100
12.5339,100,100
12.5337,100,100
12.5335,100,100
12.5333,100,100
12.5331,100,100
12.5329,100,100
12.5327,100,100
12.5325,100,100
12.5323,100,100
12.5321,100,100
12.5319,100,100
12.5317,100,100
12.5315,100,100
12.5313,100,100
12.5311,100,100
12.5309,100,100
12.5307,100,100
12.5306,100,100
12.5304,100,100
12.5302,100,100
12.53,100,100
12.5298,100,100
12.5296,100,100
12.5294,100,100
12.5292,100,100
12.529,100,100
12.5288,100,100
12.5286,100,100
12.5284,100,100
12.5282,100,100
12.528,100,100
12.5278,100,100
12.5276,100,100
12.5274,100,100
12.5272,100,100
12.527,100,100
12.5268,100,100
12.5266,100,100
12.5264,100,100
12.5262,100,100
12.526,100,100
12.5258,100,100
12.5256,100,100
12.5254,100,100
12.5252,100,100
12.525,100,100
12.5248,100,100
12.5246,100,100
12.5244,100,100
12.5242,100,100
12.5241,100,100
12.5239,100,100
12.5237,100,100
12.5235,100,100
12.5233,100,100
12.5231,100,100
12.5229,100,100
12.5227,100,100
12.5225,100,100
12.5223,100,100
12.5221,100,100
12.5219,100,100
12.5217,100,100
12.5215,100,100
12.5213,100,100
12.5211,100,100
12.5209,100,100
12.5207,100,100
12.5205,100,100
12.5203,100,100
12.5201,100,100
12.5199,100,100
12.5197,100,100
12.5195,100,100
12.5193,100,100
12.5191,100,100
12.5189,100,100
12.5187,100,100
12.5185,100,100
12.5183,100,100
12.5181,100,100
12.5179,100,100
12.5177,100,100
12.5175,100,100
12.5174,100,100
12.5172,100,100
12.517,100,100
12.5168,100,100
12.5166,100,100
12.5164,100,100
12.5162,100,100
12.516,100,100
12.5158,100,100
12.5156,100,100
12.5154,100,100
12.5152,100,100
12.515,100,100
12.5148,100,100
12.5146,100,100
12.5144,100,100
12.5142,100,100
12.514,100,100
12.5138,100,100
12.5136,100,100
12.5134,100,100
12.5132,100,100
12.513,100,100
12.5128,100,100
12.5126,100,100
12.5124,100,100
12.5122,100,100
12.512,100,100
12.5118,100,100
12.5116,100,100
12.5114,100,100
12.5112,100,100
12.511,100,100
12.5108,100,100
12.5107,100,100
12.5105,100,100
12.5103,100,100
12.5101,100,100
12.5099,100,100
12.5097,100,100
12.5095,100,100
12.5093,100,100
12.5091,100,100
12.5089,100,100
12.5087,100,100
12.5085,100,100
12.5083,100,100
12.5081,100,100
12.5079,100,100
12.5077,100,100
12.5075,100,100
12.5073,100,100
12.5071,100,100
12.5069,100,100
12.5067,100,100
12.5065,100,100
12.5063,100,100
12.5061,100,100
12.5059,100,100
12.5057,100,100
12.5055,100,100
12.5053,100,100
12.5051,100,100
12.5049,100,100
12.5047,100,100
12.5045,100,100
12.5043,100,100
12.5042,100,100
12.504,100,100
12.5038,100,100
12.5036,100,100
12.5034,100,100
12.5032,100,100
12.503,100,100
12.5028,100,100
12.5026,100,100
12.5024,100,100
12.5022,100,100
12.502,100,100
12.5018,100,100
12.5016,100,100
12.5014,100,100
12.5012,100,100
12.501,100,100
12.5008,100,100
12.5006,100,100
12.5004,100,100
12.5002,100,100
12.5,100,100
12.4998,100,100
12.4996,100,100
12.4994,100,100
12.4992,100,100
12.499,100,100
12.4988,100,100
12.4986,100,100
12.4984,100,100
12.4982,100,100
12.498,100,100
12.4978,100,100
12.4976,100,100
12.4975,100,100
12.4973,100,100
12.4971,100,100
12.4969,100,100
12.4967,100,100
12.4965,100,100
12.4963,100,100
12.4961,100,100
12.4959,100,100
12.4957,100,100
12.4955,100,100
12.4953,100,100
12.4951,100,100
12.4949,100,100
12.4947,100,100
12.4945,100,100
12.4943,100,100
12.4941,100,100
12.4939,100,100
12.4937,100,100
12.4935,100,100
12.4933,100,100
12.4931,100,100
12.4929,100,100
12.4927,100,100
12.4925,100,100
12.4923,100,100
12.4921,100,100
12.4919,100,100
12.4917,100,100
12.4915,100,100
12.4913,100,100
12.4911,100,100
12.4909,100,100
12.4908,100,100
12.4906,100,100
12.4904,100,100
12.4902,100,100
12.49,100,100
12.4898,100,100
12.4896,100,100
12.4894,100,100
12.4892,100,100
12.489,100,100
12.4888,100,100
12.4886,100,100
12.4884,100,100
12.4882,100,100
12.488,100,100
12.4878,100,100
12.4876,100,100
12.4874,100,100
12.4872,100,100
12.487,100,100
12.4868,100,100
12.4866,100,100
12.4864,100,100
12.4862,100,100
12.486,100,100
12.4858,100,100
12.4856,100,100
12.4854,100,100
12.4852,100,100
12.485,100,100
12.4848,100,100
12.4846,100,100
12.4844,100,100
12.4843,100,100
12.4841,100,100
12.4839,100,100
12.4837,100,100
12.4835,100,100
12.4833,100,100
12.4831,100,100
12.4829,100,100
12.4827,100,100
12.4825,100,100
12.4823,100,100
12.4821,100,100
12.4819,100,100
12.4817,100,100
12.4815,100,100
12.4813,100,100
12.4811,100,100
12.4809,100,100
12.4807,100,100
12.4805,100,100
12.4803,100,100
12.4801,100,100
12.4799,100,100
12.4797,100,100
12.4795,100,100
12.4793,100,100
12.4791,100,100
12.4789,100,100
12.4787,100,100
12.4785,100,100
12.4783,100,100
12.4781,100,100
12.4779,100,100
12.4777,100,100
12.4776,100,100
12.4774,100,100
12.4772,100,100
12.477,100,100
12.4768,100,100
12.4766,100,100
12.4764,100,100
12.4762,100,100
12.476,100,100
12.4758,100,100
12.4756,100,100
12.4754,100,100
12.4752,100,100
12.475,100,100
12.4748,100,100
12.4746,100,100
12.4744,100,100
12.4742,100,100
12.474,100,100
12.4738,100,100
12.4736,100,100
12.4734,100,100
12.4732,100,100
12.473,100,100
12.4728,100,100
12.4726,100,100
12.4724,100,100
12.4722,100,100
12.472,100,100
12.4718,100,100
12.4716,100,100
12.4714,100,100
12.4712,100,100
12.4711,100,100
12.4709,100,100
12.4707,100,100
12.4705,100,100
12.4703,100,100
12.4701,100,100
12.4699,100,100
12.4697,100,100
12.4695,100,100
12.4693,100,100
12.4691,100,100
12.4689,100,100
12.4687,100,100
12.4685,100,100
12.4683,100,100
12.4681,100,100
12.4679,100,100
12.4677,100,100
12.4675,100,100
12.4673,100,100
12.4671,100,100
12.4669,100,100
12.4667,100,100
12.4665,100,100
12.4663,100,100
12.4661,100,100
12.4659,100,100
12.4657,100,100
12.4655,100,100
12.4653,100,100
12.4651,100,100
12.4649,100,100
12.4648,100,100
12.4646,100,100
12.4644,100,100
12.4642,100,100
12.464,100,100
12.4638,100,100
12.4636,100,100
12.4634,100,100
12.4632,100,100
12.463,100,100
12.4628,100,100
12.4626,100,100
12.4624,100,100
12.4622,100,100
12.462,100,100
12.4618,100,100
12.4616,100,100
12.4614,100,100
12.4612,100,100
12.461,100,100
12.4608,100,100
12.4606,100,100
12.4604,100,100
12.4602,100,100
12.46,100,100
12.4598,100,100
12.4596,100,100
12.4594,100,100
12.4592,100,100
12.459,100,100
12.4588,100,100
12.4586,100,100
12.4585,100,100
12.4583,100,100
12.4581,100,100
12.4579,100,100
12.4577,100,100
12.4575,100,100
12.4573,100,100
12.4571,100,100
12.4569,100,100
12.4567,100,100
12.4565,100,100
12.4563,100,100
12.4561,100,100
12.4559,100,100
12.4557,100,100
12.4555,100,100
12.4553,100,100
12.4551,100,100
12.4549,100,100
12.4547,100,100
12.4545,100,100
12.4543,100,100
12.4541,100,100
12.4539,100,100
12.4537,100,100
12.4535,100,100
12.4533,100,100
12.4531,100,100
12.4529,100,100
12.4527,100,100
12.4525,100,100
12.4524,100,100
12.4522,100,100
12.452,100,100
12.4518,100,100
12.4516,100,100
12.4514,100,100
12.4512,100,100
12.451,100,100
12.4508,100,100
12.4506,100,100
12.4504,100,100
12.4502,100,100
12.45,100,100
12.4498,100,100
12.4496,100,100
12.4494,100,100
12.4492,100,100
12.449,100,100
12.4488,100,100
12.4486,100,100
12.4485,100,100
12.4483,100,100
12.4481,100,100
12.4479,100,100
12.4477,100,100
12.4475,100,100
12.4473,100,100
12.4471,100,100
12.4469,100,100
12.4467,100,100
12.4465,100,100
12.4463,100,100
12.4461,100,100
12.4459,100,100
12.4457,100,100
12.4455,100,100
12.4453,100,100
12.4451,100,100
12.4449,100,100
12.4447,100,100
12.4446,100,100
12.4444,100,100
12.4442,100,100
12.444,100,100
12.4438,100,100
12.4436,100,100
12.4434,100,100
12.4432,100,100
12.443,100,100
12.4428,100,100
12.4426,100,100
12.4424,100,100
12.4422,100,100
12.442,100,100
12.4418,100,100
12.4416,100,100
12.4414,100,100
12.4412,100,100
12.441,100,100
12.4408,100,100
12.4407,100,100
12.4405,100,100
12.4403,100,100
12.4401,100,100
12.4399,100,100
12.4397,100,100
12.4395,100,100
12.4393,100,100
12.4391,100,100
12.4389,100,100
12.4387,100,100
12.4385,100,100
12.4383,100,100
12.4381,100,100
12.4379,100,100
12.4377,100,100
12.4375,100,100
12.4373,100,100
12.4371,100,100
12.4369,100,100
12.4367,100,100
12.4366,100,100
12.4364,100,100
12.4362,100,100
12.436,100,100
12.4358,100,100
12.4356,100,100
12.4354,100,100
12.4352,100,100
12.435,100,100
12.4348,100,100
12.4346,100,100
12.4344,100,100
12.4342,100,100
12.434,100,100
12.4338,100,100
12.4336,100,100
12.4334,100,100
12.4332,100,100
12.433,100,100
12.4328,100,100
12.4326,100,100
12.4324,100,100
12.4322,100,100
12.4321,100,100
12.4319,100,100
12.4317,100,100
12.4315,100,100
12.4313,100,100
12.4311,100,100
12.4309,100,100
12.4307,100,100
12.4305,100,100
12.4303,100,100
12.4301,100,100
12.4299,100,100
12.4297,100,100
12.4295,100,100
12.4293,100,100
12.4291,100,100
12.4289,100,100
12.4287,100,100
12.4285,100,100
12.4283,100,100
12.4281,100,100
12.4279,100,100
12.4277,100,100
12.4275,100,100
12.4273,100,100
12.4271,100,100
12.4269,100,100
12.4267,100,100
12.4265,100,100
12.4263,100,100
12.4261,100,100
12.4259,100,100
12.4257,100,100
12.4255,100,100
12.4253,100,100
12.4251,100,100
12.4249,100,100
12.4247,100,100
12.4245,100,100
12.4243,100,100
12.4241,100,100
12.4239,100,100
12.4237,100,100
12.4235,100,100
12.4233,100,100
12.4231,100,100
12.423,100,100
12.4228,100,100
12.4226,100,100
12.4224,100,100
12.4222,100,100
12.422,100,100
12.4218,100,100
12.4216,100,100
12.4214,100,100
12.4212,100,100
12.421,100,100
12.4208,100,100
12.4206,100,100
12.4204,100,100
12.4202,100,100
12.42,100,100
12.4198,100,100
12.4196,100,100
12.4194,100,100
12.4192,100,100
12.419,100,100
12.4188,100,100
12.4186,100,100
12.4184,100,100
12.4182,100,100
12.418,100,100
12.4178,100,100
12.4176,100,100
12.4174,100,100
12.4172,100,100
12.417,100,100
12.4168,100,100
12.4166,100,100
12.4164,100,100
12.4162,100,100
12.416,100,100
12.4158,100,100
12.4156,100,100
12.4154,100,100
12.4152,100,100
12.415,100,100
12.4148,100,100
12.4146,100,100
12.4144,100,100
12.4142,100,100
12.414,100,100
12.4139,100,100
12.4137,100,100
12.4135,100,100
12.4133,100,100
12.4131,100,100
12.4129,100,100
12.4127,100,100
12.4125,100,100
12.4123,100,100
12.4121,100,100
12.4119,100,100
12.4117,100,100
12.4115,100,100
12.4113,100,100
12.4111,100,100
12.4109,100,100
12.4107,100,100
12.4105,100,100
12.4103,100,100
12.4101,100,100
12.4099,100,100
12.4097,100,100
12.4095,100,100
12.4093,100,100
12.4091,100,100
12.4089,100,100
12.4087,100,100
12.4085,100,100
12.4083,100,100
12.4081,100,100
12.4079,100,100
12.4077,100,100
12.4075,100,100
12.4073,100,100
12.4071,100,100
12.4069,100,100
12.4067,100,100
12.4065,100,100
12.4063,100,100
12.4061,100,100
12.4059,100,100
12.4057,100,100
12.4055,100,100
12.4053,100,100
12.4051,100,100
12.4049,100,100
12.4047,100,100
12.4045,100,100
12.4043,100,100
12.4041,100,100
12.4039,100,100
12.4037,100,100
12.4035,100,100
12.4033,100,100
12.4031,100,100
12.4029,100,100
12.4027,100,100
12.4025,100,100
12.4023,100,100
12.4021,100,100
12.4019,100,100
12.4017,100,100
12.4015,100,100
12.4013,100,100
12.4011,100,100
12.4009,100,100
12.4007,100,100
12.4005,100,100
12.4003,100,100
12.4001,100,100
12.3999,100,100
12.3997,100,100
12.3995,100,100
12.3993,100,100
12.3991,100,100
12.3989,100,100
12.3987,100,100
12.3985,100,100
12.3983,100,100
12.3981,100,100
12.3979,100,100
12.3977,100,100
12.3975,100,100
12.3973,100,100
12.3971,100,100
12.3969,100,100
12.3967,100,100
12.3965,100,100
12.3963,100,100
12.3961,100,100
12.3959,100,100
12.3957,100,100
12.3955,100,100
12.3953,100,100
12.3951,100,100
12.3949,100,100
12.3947,100,100
12.3945,100,100
12.3943,100,100
12.3941,100,100
12.3939,100,100
12.3937,100,100
12.3935,100,100
12.3933,100,100
12.3931,100,100
12.3929,100,100
12.3927,100,100
12.3925,100,100
12.3923,100,100
12.3921,100,100
12.3919,100,100
12.3917,100,100
12.3915,100,100
12.3913,100,100
12.3911,100,100
12.3909,100,100
12.3907,100,100
12.3905,100,100
12.3903,100,100
12.3901,100,100
12.3899,100,100
12.3897,100,100
12.3895,100,100
12.3893,100,100
12.3891,100,100
12.3889,100,100
12.3887,100,100
12.3885,100,100
12.3883,100,100
12.3881,100,100
12.388,100,100
12.3878,100,100
12.3876,100,100
12.3874,100,100
12.3872,100,100
12.387,100,100
12.3868,100,100
12.3866,100,100
12.3864,100,100
12.3862,100,100
12.386,100,100
12.3858,100,100
12.3856,100,100
12.3854,100,100
12.3852,100,100
12.385,100,100
12.3848,100,100
12.3846,100,100
12.3844,100,100
12.3842,100,100
12.384,100,100
12.3838,100,100
12.3836,100,100
12.3834,100,100
12.3832,100,100
12.383,100,100
12.3828,100,100
12.3826,100,100
12.3824,100,100
12.3822,100,100
12.382,100,100
12.3818,100,100
12.3816,100,100
12.3814,100,100
12.3813,100,100
12.3811,100,100
12.3809,100,100
12.3807,100,100
12.3805,100,100
12.3803,100,100
12.3801,100,100
12.3799,100,100
12.3797,100,100
12.3795,100,100
12.3793,100,100
12.3791,100,100
12.3789,100,100
12.3787,100,100
12.3785,100,100
12.3783,100,100
12.3781,100,100
12.3779,100,100
12.3777,100,100
12.3775,100,100
12.3773,100,100
12.3771,100,100
12.3769,100,100
12.3767,100,100
12.3765,100,100
12.3763,100,100
12.3761,100,100
12.3759,100,100
12.3757,100,100
12.3755,100,100
12.3753,100,100
12.3751,100,100
12.3749,100,100
12.3747,100,100
12.3745,100,100
12.3744,100,100
12.3742,100,100
12.374,100,100
12.3738,100,100
12.3736,100,100
12.3734,100,100
12.3732,100,100
12.373,100,100
12.3728,100,100
12.3726,100,100
12.3724,100,100
12.3722,100,100
12.372,100,100
12.3718,100,100
12.3716,100,100
12.3714,100,100
12.3712,100,100
12.371,100,100
12.3708,100,100
12.3706,100,100
12.3704,100,100
12.3702,100,100
12.37,100,100
12.3698,100,100
12.3696,100,100
12.3694,100,100
12.3692,100,100
12.369,100,100
12.3688,100,100
12.3686,100,100
12.3684,100,100
12.3682,100,100
12.368,100,100
12.3678,100,100
12.3677,100,100
12.3675,100,100
12.3673,100,100
12.3671,100,100
12.3669,100,100
12.3667,100,100
12.3665,100,100
12.3663,100,100
12.3661,100,100
12.3659,100,100
12.3657,100,100
12.3655,100,100
12.3653,100,100
12.3651,100,100
12.3649,100,100
12.3647,100,100
12.3645,100,100
12.3643,100,100
12.3641,100,100
12.3639,100,100
12.3637,100,100
12.3635,100,100
12.3633,100,100
12.3631,100,100
12.3629,100,100
12.3627,100,100
12.3625,100,100
12.3623,100,100
12.3621,100,100
12.3619,100,100
12.3617,100,100
12.3615,100,100
12.3613,100,100
12.3612,100,100
12.361,100,100
12.3608,100,100
12.3606,100,100
12.3604,100,100
12.3602,100,100
12.36,100,100
12.3598,100,100
12.3596,100,100
12.3594,100,100
12.3592,100,100
12.359,100,100
12.3588,100,100
12.3586,100,100
12.3584,100,100
12.3582,100,100
12.358,100,100
12.3578,100,100
12.3576,100,100
12.3574,100,100
12.3572,100,100
12.357,100,100
12.3568,100,100
12.3566,100,100
12.3564,100,100
12.3562,100,100
12.356,100,100
12.3558,100,100
12.3556,100,100
12.3554,100,100
12.3552,100,100
12.355,100,100
12.3548,100,100
12.3546,100,100
12.3545,100,100
12.3543,100,100
12.3541,100,100
12.3539,100,100
12.3537,100,100
12.3535,100,100
12.3533,100,100
12.3531,100,100
12.3529,100,100
12.3527,100,100
12.3525,100,100
12.3523,100,100
12.3521,100,100
12.3519,100,100
12.3517,100,100
12.3515,100,100
12.3513,100,100
12.3511,100,100
12.3509,100,100
12.3507,100,100
12.3505,100,100
12.3503,100,100
12.3501,100,100
12.3499,100,100
12.3497,100,100
12.3495,100,100
12.3493,100,100
12.3491,100,100
12.3489,100,100
12.3487,100,100
12.3485,100,100
12.3483,100,100
12.3481,100,100
12.3479,100,100
12.3478,100,100
12.3476,100,100
12.3474,100,100
12.3472,100,100
12.347,100,100
12.3468,100,100
12.3466,100,100
12.3464,100,100
12.3462,100,100
12.346,100,100
12.3458,100,100
12.3456,100,100
12.3454,100,100
12.3452,100,100
12.345,100,100
12.3448,100,100
12.3446,100,100
12.3444,100,100
12.3442,100,100
12.344,100,100
12.3438,100,100
12.3436,100,100
12.3434,100,100
12.3432,100,100
12.343,100,100
12.3428,100,100
12.3426,100,100
12.3424,100,100
12.3422,100,100
12.342,100,100
12.3418,100,100
12.3416,100,100
12.3414,100,100
12.3413,100,100
12.3411,100,100
12.3409,100,100
12.3407,100,100
12.3405,100,100
12.3403,100,100
12.3401,100,100
12.3399,100,100
12.3397,100,100
12.3395,100,100
12.3393,100,100
12.3391,100,100
12.3389,100,100
12.3387,100,100
12.3385,100,100
12.3383,100,100
12.3381,100,100
12.3379,100,100
12.3377,100,100
12.3375,100,100
12.3373,100,100
12.3371,100,100
12.3369,100,100
12.3367,100,100
12.3365,100,100
12.3363,100,100
12.3361,100,100
12.3359,100,100
12.3357,100,100
12.3355,100,100
12.3353,100,100
12.3351,100,100
12.3349,100,100
12.3347,100,100
12.3346,100,100
12.3344,100,100
12.3342,100,100
12.334,100,100
12.3338,100,100
12.3336,100,100
12.3334,100,100
12.3332,100,100
12.333,100,100
12.3328,100,100
12.3326,100,100
12.3324,100,100
12.3322,100,100
12.332,100,100
12.3318,100,100
12.3316,100,100
12.3314,100,100
12.3312,100,100
12.331,100,100
12.3308,100,100
12.3306,100,100
12.3304,100,100
12.3302,100,100
12.33,100,100
12.3298,100,100
12.3296,100,100
12.3294,100,100
12.3292,100,100
12.329,100,100
12.3288,100,100
12.3286,100,100
12.3284,100,100
12.3282,100,100
12.328,100,100
12.3279,100,100
12.3277,100,100
12.3275,100,100
12.3273,100,100
12.3271,100,100
12.3269,100,100
12.3267,100,100
12.3265,100,100
12.3263,100,100
12.3261,100,100
12.3259,100,100
12.3257,100,100
12.3255,100,100
12.3253,100,100
12.3251,100,100
12.3249,100,100
12.3247,100,100
12.3245,100,100
12.3243,100,100
12.3241,100,100
12.3239,100,100
12.3237,100,100
12.3235,100,100
12.3233,100,100
12.3231,100,100
12.3229,100,100
12.3227,100,100
12.3225,100,100
12.3223,100,100
12.3221,100,100
12.3219,100,100
12.3217,100,100
12.3215,100,100
12.3214,100,100
12.3212,100,100
12.321,100,100
12.3208,100,100
12.3206,100,100
12.3204,100,100
12.3202,100,100
12.32,100,100
12.3198,100,100
12.3196,100,100
12.3194,100,100
12.3192,100,100
12.319,100,100
12.3188,100,100
12.3186,100,100
12.3184,100,100
12.3182,100,100
12.318,100,100
12.3178,100,100
12.3176,100,100
12.3174,100,100
12.3172,100,100
12.317,100,100
12.3168,100,100
12.3166,100,100
12.3164,100,100
12.3162,100,100
12.316,100,100
12.3158,100,100
12.3156,100,100
12.3154,100,100
12.3152,100,100
12.315,100,100
12.3148,100,100
12.3147,100,100
12.3145,100,100
12.3143,100,100
12.3141,100,100
12.3139,100,100
12.3137,100,100
12.3135,100,100
12.3133,100,100
12.3131,100,100
12.3129,100,100
12.3127,100,100
12.3125,100,100
12.3123,100,100
12.3121,100,100
12.3119,100,100
12.3117,100,100
12.3115,100,100
12.3113,100,100
12.3111,100,100
12.3109,100,100
12.3107,100,100
12.3105,100,100
12.3103,100,100
12.3101,100,100
12.3099,100,100
12.3097,100,100
12.3095,100,100
12.3093,100,100
12.3091,100,100
12.3089,100,100
12.3087,100,100
12.3085,100,100
12.3083,100,100
12.3081,100,100
12.308,100,100
12.3078,100,100
12.3076,100,100
12.3074,100,100
12.3072,100,100
12.307,100,100
12.3068,100,100
12.3066,100,100
12.3064,100,100
12.3062,100,100
12.306,100,100
12.3058,100,100
12.3056,100,100
12.3054,100,100
12.3052,100,100
12.305,100,100
12.3048,100,100
12.3046,100,100
12.3044,100,100
12.3042,100,100
12.304,100,100
12.3038,100,100
12.3036,100,100
12.3034,100,100
12.3032,100,100
12.303,100,100
12.3028,100,100
12.3026,100,100
12.3024,100,100
12.3022,100,100
12.302,100,100
12.3018,100,100
12.3016,100,100
12.3015,100,100
12.3013,100,100
12.3011,100,100
12.3009,100,100
12.3007,100,100
12.3005,100,100
12.3003,100,100
12.3001,100,100
12.2999,100,100
12.2997,100,100
12.2995,100,100
12.2993,100,100
12.2991,100,100
12.2989,100,100
12.2987,100,100
12.2985,100,100
12.2983,100,100
12.2981,100,100
12.2979,100,100
12.2977,100,100
12.2975,100,100
12.2973,100,100
12.2971,100,100
12.2969,100,100
12.2967,100,100
12.2965,100,100
12.2963,100,100
12.2961,100,100
12.2959,100,100
12.2957,100,100
12.2955,100,100
12.2953,100,100
12.2951,100,100
12.2949,100,100
12.2948,100,100
12.2946,100,100
12.2944,100,100
12.2942,100,100
12.294,100,100
12.2938,100,100
12.2936,100,100
12.2934,100,100
12.2932,100,100
12.293,100,100
12.2928,100,100
12.2926,100,100
12.2924,100,100
12.2922,100,100
12.292,100,100
12.2918,100,100
12.2916,100,100
12.2914,100,100
12.2912,100,100
12.291,100,100
12.2908,100,100
12.2906,100,100
12.2904,100,100
12.2902,100,100
12.29,100,100
12.2898,100,100
12.2896,100,100
12.2894,100,100
12.2892,100,100
12.289,100,100
12.2888,100,100
12.2886,100,100
12.2884,100,100
12.2882,100,100
12.2881,100,100
12.2879,100,100
12.2877,100,100
12.2875,100,100
12.2873,100,100
12.2871,100,100
12.2869,100,100
12.2867,100,100
12.2865,100,100
12.2863,100,100
12.2861,100,100
12.2859,100,100
12.2857,100,100
12.2855,100,100
12.2853,100,100
12.2851,100,100
12.2849,100,100
12.2847,100,100
12.2845,100,100
12.2843,100,100
12.2841,100,100
12.2839,100,100
12.2837,100,100
12.2835,100,100
12.2833,100,100
12.2831,100,100
12.2829,100,100
12.2827,100,100
12.2825,100,100
12.2823,100,100
12.2821,100,100
12.2819,100,100
12.2817,100,100
12.2816,100,100
12.2814,100,100
12.2812,100,100
12.281,100,100
12.2808,100,100
12.2806,100,100
12.2804,100,100
12.2802,100,100
12.28,100,100
12.2798,100,100
12.2796,100,100
12.2794,100,100
12.2792,100,100
12.279,100,100
12.2788,100,100
12.2786,100,100
12.2784,100,100
12.2782,100,100
12.278,100,100
12.2778,100,100
12.2776,100,100
12.2774,100,100
12.2772,100,100
12.277,100,100
12.2768,100,100
12.2766,100,100
12.2764,100,100
12.2762,100,100
12.276,100,100
12.2758,100,100
12.2756,100,100
12.2754,100,100
12.2752,100,100
12.275,100,100
12.2749,100,100
12.2747,100,100
12.2745,100,100
12.2743,100,100
12.2741,100,100
12.2739,100,100
12.2737,100,100
12.2735,100,100
12.2733,100,100
12.2731,100,100
12.2729,100,100
12.2727,100,100
12.2725,100,100
12.2723,100,100
12.2721,100,100
12.2719,100,100
12.2717,100,100
12.2715,100,100
12.2713,100,100
12.2711,100,100
12.2709,100,100
12.2707,100,100
12.2705,100,100
12.2703,100,100
12.2701,100,100
12.2699,100,100
12.2697,100,100
12.2695,100,100
12.2693,100,100
12.2691,100,100
12.2689,100,100
12.2687,100,100
12.2685,100,100
12.2683,100,100
12.2682,100,100
12.268,100,100
12.2678,100,100
12.2676,100,100
12.2674,100,100
12.2672,100,100
12.267,100,100
12.2668,100,100
12.2666,100,100
12.2664,100,100
12.2662,100,100
12.266,100,100
12.2658,100,100
12.2656,100,100
12.2654,100,100
12.2652,100,100
12.265,100,100
12.2648,100,100
12.2646,100,100
12.2644,100,100
12.2642,100,100
12.264,100,100
12.2638,100,100
12.2636,100,100
12.2634,100,100
12.2632,100,100
12.263,100,100
12.2628,100,100
12.2626,100,100
12.2624,100,100
12.2622,100,100
12.262,100,100
12.2618,100,100
12.2617,100,100
12.2615,100,100
12.2613,100,100
12.2611,100,100
12.2609,100,100
12.2607,100,100
12.2605,100,100
12.2603,100,100
12.2601,100,100
12.2599,100,100
12.2597,100,100
12.2595,100,100
12.2593,100,100
12.2591,100,100
12.2589,100,100
12.2587,100,100
12.2585,100,100
12.2583,100,100
12.2581,100,100
12.2579,100,100
12.2577,100,100
12.2575,100,100
12.2573,100,100
12.2571,100,100
12.2569,100,100
12.2567,100,100
12.2565,100,100
12.2563,100,100
12.2561,100,100
12.2559,100,100
12.2557,100,100
12.2555,100,100
12.2553,100,100
12.2551,100,100
12.255,100,100
12.2548,100,100
12.2546,100,100
12.2544,100,100
12.2542,100,100
12.254,100,100
12.2538,100,100
12.2536,100,100
12.2534,100,100
12.2532,100,100
12.253,100,100
12.2528,100,100
12.2526,100,100
12.2524,100,100
12.2522,100,100
12.252,100,100
12.2518,100,100
12.2516,100,100
12.2514,100,100
12.2512,100,100
12.251,100,100
12.2508,100,100
12.2506,100,100
12.2504,100,100
12.2502,100,100
12.25,100,100
12.2498,100,100
12.2496,100,100
12.2494,100,100
12.2492,100,100
12.249,100,100
12.2488,100,100
12.2486,100,100
12.2484,100,100
12.2483,100,100
12.2481,100,100
12.2479,100,100
12.2477,100,100
12.2475,100,100
12.2473,100,100
12.2471,100,100
12.2469,100,100
12.2467,100,100
12.2465,100,100
12.2463,100,100
12.2461,100,100
12.2459,100,100
12.2457,100,100
12.2455,100,100
12.2453,100,100
12.2451,100,100
12.2449,100,100
12.2447,100,100
12.2445,100,100
12.2443,100,100
12.2441,100,100
12.2439,100,100
12.2437,100,100
12.2435,100,100
12.2433,100,100
12.2431,100,100
12.2429,100,100
12.2427,100,100
12.2425,100,100
12.2423,100,100
12.2421,100,100
12.2419,100,100
12.2418,100,100
12.2416,100,100
12.2414,100,100
12.2412,100,100
12.241,100,100
12.2408,100,100
12.2406,100,100
12.2404,100,100
12.2402,100,100
12.24,100,100
12.2398,100,100
12.2396,100,100
12.2394,100,100
12.2392,100,100
12.239,100,100
12.2388,100,100
12.2386,100,100
12.2384,100,100
12.2382,100,100
12.238,100,100
12.2378,100,100
12.2376,100,100
12.2374,100,100
12.2372,100,100
12.237,100,100
12.2368,100,100
12.2366,100,100
12.2364,100,100
12.2362,100,100
12.236,100,100
12.2358,100,100
12.2356,100,100
12.2354,100,100
12.2352,100,100
12.2351,100,100
12.2349,100,100
12.2347,100,100
12.2345,100,100
12.2343,100,100
12.2341,100,100
12.2339,100,100
12.2337,100,100
12.2335,100,100
12.2333,100,100
12.2331,100,100
12.2329,100,100
12.2327,100,100
12.2325,100,100
12.2323,100,100
12.2321,100,100
12.2319,100,100
12.2317,100,100
12.2315,100,100
12.2313,100,100
12.2311,100,100
12.2309,100,100
12.2307,100,100
12.2305,100,100
12.2303,100,100
12.2301,100,100
12.2299,100,100
12.2297,100,100
12.2295,100,100
12.2293,100,100
12.2291,100,100
12.2289,100,100
12.2287,100,100
12.2285,100,100
12.2284,100,100
12.2282,100,100
12.228,100,100
12.2278,100,100
12.2276,100,100
12.2274,100,100
12.2272,100,100
12.227,100,100
12.2268,100,100
12.2266,100,100
12.2264,100,100
12.2262,100,100
12.226,100,100
12.2258,100,100
12.2256,100,100
12.2254,100,100
12.2252,100,100
12.225,100,100
12.2248,100,100
12.2246,100,100
12.2244,100,100
12.2242,100,100
12.224,100,100
12.2238,100,100
12.2236,100,100
12.2234,100,100
12.2232,100,100
12.223,100,100
12.2228,100,100
12.2226,100,100
12.2224,100,100
12.2222,100,100
12.222,100,100
12.2219,100,100
12.2217,100,100
12.2215,100,100
12.2213,100,100
12.2211,100,100
12.2209,100,100
12.2207,100,100
12.2205,100,100
12.2203,100,100
12.2201,100,100
12.2199,100,100
12.2197,100,100
12.2195,100,100
12.2193,100,100
12.2191,100,100
12.2189,100,100
12.2187,100,100
12.2185,100,100
12.2183,100,100
12.2181,100,100
12.2179,100,100
12.2177,100,100
12.2175,100,100
12.2173,100,100
12.2171,100,100
12.2169,100,100
12.2167,100,100
12.2165,100,100
12.2163,100,100
12.2161,100,100
12.2159,100,100
12.2157,100,100
12.2155,100,100
12.2153,100,100
12.2152,100,100
12.215,100,100
12.2148,100,100
12.2146,100,100
12.2144,100,100
12.2142,100,100
12.214,100,100
12.2138,100,100
12.2136,100,100
12.2134,100,100
12.2132,100,100
12.213,100,100
12.2128,100,100
12.2126,100,100
12.2124,100,100
12.2122,100,100
12.212,100,100
12.2118,100,100
12.2116,100,100
12.2114,100,100
12.2112,100,100
12.211,100,100
12.2108,100,100
12.2106,100,100
12.2104,100,100
12.2102,100,100
12.21,100,100
12.2098,100,100
12.2096,100,100
12.2094,100,100
12.2092,100,100
12.209,100,100
12.2088,100,100
12.2086,100,100
12.2085,100,100
12.2083,100,100
12.2081,100,100
12.2079,100,100
12.2077,100,100
12.2075,100,100
12.2073,100,100
12.2071,100,100
12.2069,100,100
12.2067,100,100
12.2065,100,100
12.2063,100,100
12.2061,100,100
12.2059,100,100
12.2057,100,100
12.2055,100,100
12.2053,100,100
12.2051,100,100
12.2049,100,100
12.2047,100,100
12.2045,100,100
12.2043,100,100
12.2041,100,100
12.2039,100,100
12.2037,100,100
12.2035,100,100
12.2033,100,100
12.2031,100,100
12.2029,100,100
12.2027,100,100
12.2025,100,100
12.2023,100,100
12.2021,100,100
12.202,100,100
12.2018,100,100
12.2016,100,100
12.2014,100,100
12.2012,100,100
12.201,100,100
12.2008,100,100
12.2006,100,100
12.2004,100,100
12.2002,100,100
12.2,100,100
12.1998,100,100
12.1996,100,100
12.1994,100,100
12.1992,100,100
12.199,100,100
12.1988,100,100
12.1986,100,100
12.1984,100,100
12.1982,100,100
12.198,100,100
12.1978,100,100
12.1976,100,100
12.1974,100,100
12.1972,100,100
12.197,100,100
12.1968,100,100
12.1966,100,100
12.1964,100,100
12.1962,100,100
12.196,100,100
12.1958,100,100
12.1956,100,100
12.1954,100,100
12.1953,100,100
12.1951,100,100
12.1949,100,100
12.1947,100,100
12.1945,100,100
12.1943,100,100
12.1941,100,100
12.1939,100,100
12.1937,100,100
12.1935,100,100
12.1933,100,100
12.1931,100,100
12.1929,100,100
12.1927,100,100
12.1925,100,100
12.1923,100,100
12.1921,100,100
12.1919,100,100
12.1917,100,100
12.1915,100,100
12.1913,100,100
12.1911,100,100
12.1909,100,100
12.1907,100,100
12.1905,100,100
12.1903,100,100
12.1901,100,100
12.1899,100,100
12.1897,100,100
12.1895,100,100
12.1893,100,100
12.1891,100,100
12.1889,100,100
12.1888,100,100
12.1886,100,100
12.1884,100,100
12.1882,100,100
12.188,100,100
12.1878,100,100
12.1876,100,100
12.1874,100,100
12.1872,100,100
12.187,100,100
12.1868,100,100
12.1866,100,100
12.1864,100,100
12.1862,100,100
12.186,100,100
12.1858,100,100
12.1856,100,100
12.1854,100,100
12.1852,100,100
12.185,100,100
12.1848,100,100
12.1846,100,100
12.1844,100,100
12.1842,100,100
12.184,100,100
12.1838,100,100
12.1836,100,100
12.1834,100,100
12.1832,100,100
12.183,100,100
12.1828,100,100
12.1826,100,100
12.1824,100,100
12.1822,100,100
12.1821,100,100
12.1819,100,100
12.1817,100,100
12.1815,100,100
12.1813,100,100
12.1811,100,100
12.1809,100,100
12.1807,100,100
12.1805,100,100
12.1803,100,100
12.1801,100,100
12.1799,100,100
12.1797,100,100
12.1795,100,100
12.1793,100,100
12.1791,100,100
12.1789,100,100
12.1787,100,100
12.1785,100,100
12.1783,100,100
12.1781,100,100
12.1779,100,100
12.1777,100,100
12.1775,100,100
12.1773,100,100
12.1771,100,100
12.1769,100,100
12.1767,100,100
12.1765,100,100
12.1763,100,100
12.1761,100,100
12.1759,100,100
12.1757,100,100
12.1755,100,100
12.1754,100,100
12.1752,100,100
12.175,100,100
12.1748,100,100
12.1746,100,100
12.1744,100,100
12.1742,100,100
12.174,100,100
12.1738,100,100
12.1736,100,100
12.1734,100,100
12.1732,100,100
12.173,100,100
12.1728,100,100
12.1726,100,100
12.1724,100,100
12.1722,100,100
12.172,100,100
12.1718,100,100
12.1716,100,100
12.1714,100,100
12.1712,100,100
12.171,100,100
12.1708,100,100
12.1706,100,100
12.1704,100,100
12.1702,100,100
12.17,100,100
12.1698,100,100
12.1696,100,100
12.1694,100,100
12.1692,100,100
12.169,100,100
12.1689,100,100
12.1687,100,100
12.1685,100,100
12.1683,100,100
12.1681,100,100
12.1679,100,100
12.1677,100,100
12.1675,100,100
12.1673,100,100
12.1671,100,100
12.1669,100,100
12.1667,100,100
12.1665,100,100
12.1663,100,100
12.1661,100,100
12.1659,100,100
12.1657,100,100
12.1655,100,100
12.1653,100,100
12.1651,100,100
12.1649,100,100
12.1647,100,100
12.1645,100,100
12.1643,100,100
12.1641,100,100
12.1639,100,100
12.1637,100,100
12.1635,100,100
12.1633,100,100
12.1631,100,100
12.1629,100,100
12.1627,100,100
12.1625,100,100
12.1623,100,100
12.1622,100,100
12.162,100,100
12.1618,100,100
12.1616,100,100
12.1614,100,100
12.1612,100,100
12.161,100,100
12.1608,100,100
12.1606,100,100
12.1604,100,100
12.1602,100,100
12.16,100,100
12.1598,100,100
12.1596,100,100
12.1594,100,100
12.1592,100,100
12.159,100,100
12.1588,100,100
12.1586,100,100
12.1584,100,100
12.1582,100,100
12.158,100,100
12.1578,100,100
12.1576,100,100
12.1574,100,100
12.1572,100,100
12.157,100,100
12.1568,100,100
12.1566,100,100
12.1564,100,100
12.1562,100,100
12.156,100,100
12.1558,100,100
12.1556,100,100
12.1555,100,100
12.1553,100,100
12.1551,100,100
12.1549,100,100
12.1547,100,100
12.1545,100,100
12.1543,100,100
12.1541,100,100
12.1539,100,100
12.1537,100,100
12.1535,100,100
12.1533,100,100
12.1531,100,100
12.1529,100,100
12.1527,100,100
12.1525,100,100
12.1523,100,100
12.1521,100,100
12.1519,100,100
12.1517,100,100
12.1515,100,100
12.1513,100,100
12.1511,100,100
12.1509,100,100
12.1507,100,100
12.1505,100,100
12.1503,100,100
12.1501,100,100
12.1499,100,100
12.1497,100,100
12.1495,100,100
12.1493,100,100
12.1491,100,100
12.149,100,100
12.1488,100,100
12.1486,100,100
12.1484,100,100
12.1482,100,100
12.148,100,100
12.1478,100,100
12.1476,100,100
12.1474,100,100
12.1472,100,100
12.147,100,100
12.1468,100,100
12.1466,100,100
12.1464,100,100
12.1462,100,100
12.146,100,100
12.1458,100,100
12.1456,100,100
12.1454,100,100
12.1452,100,100
12.145,100,100
12.1448,100,100
12.1446,100,100
12.1444,100,100
12.1442,100,100
12.144,100,100
12.1438,100,100
12.1436,100,100
12.1434,100,100
12.1432,100,100
12.143,100,100
12.1428,100,100
12.1426,100,100
12.1424,100,100
12.1423,100,100
12.1421,100,100
12.1419,100,100
12.1417,100,100
12.1415,100,100
12.1413,100,100
12.1411,100,100
12.1409,100,100
12.1407,100,100
12.1405,100,100
12.1403,100,100
12.1401,100,100
12.1399,100,100
12.1397,100,100
12.1395,100,100
12.1393,100,100
12.1391,100,100
12.1389,100,100
12.1387,100,100
12.1385,100,100
12.1383,100,100
12.1381,100,100
12.1379,100,100
12.1377,100,100
12.1375,100,100
12.1373,100,100
12.1371,100,100
12.1369,100,100
12.1367,100,100
12.1365,100,100
12.1363,100,100
12.1361,100,100
12.1359,100,100
12.1357,100,100
12.1355,100,100
12.1353,100,100
12.135,100,100
12.1348,100,100
12.1346,100,100
12.1344,100,100
12.1342,100,100
12.134,100,100
12.1338,100,100
12.1336,100,100
12.1334,100,100
12.1332,100,100
12.133,100,100
12.1328,100,100
12.1326,100,100
12.1324,100,100
12.1322,100,100
12.1319,100,100
12.1317,100,100
12.1315,100,100
12.1313,100,100
12.1311,100,100
12.1309,100,100
12.1307,100,100
12.1305,100,100
12.1303,100,100
12.1301,100,100
12.1299,100,100
12.1297,100,100
12.1295,100,100
12.1293,100,100
12.129,100,100
12.1288,100,100
12.1286,100,100
12.1284,100,100
12.1282,100,100
12.128,100,100
12.1278,100,100
12.1276,100,100
12.1274,100,100
12.1272,100,100
12.127,100,100
12.1268,100,100
12.1266,100,100
12.1264,100,100
12.1261,100,100
12.1259,100,100
12.1257,100,100
12.1255,100,100
12.1253,100,100
12.1251,100,100
12.1249,100,100
12.1247,100,100
12.1245,100,100
12.1243,100,100
12.1241,100,100
12.1239,100,100
12.1237,100,100
12.1235,100,100
12.1232,100,100
12.123,100,100
12.1228,100,100
12.1226,100,100
12.1224,100,100
12.1222,100,100
12.122,100,100
12.1218,100,100
12.1216,100,100
12.1214,100,100
12.1212,100,100
12.121,100,100
12.1208,100,100
12.1206,100,100
12.1203,100,100
12.1201,100,100
12.1199,100,100
12.1197,100,100
12.1195,100,100
12.1193,100,100
12.1191,100,100
12.1189,100,100
12.1187,100,100
12.1185,100,100
12.1183,100,100
12.1181,100,100
12.1179,100,100
12.1177,100,100
12.1174,100,100
12.1172,100,100
12.117,100,100
12.1168,100,100
12.1166,100,100
12.1164,100,100
12.1161,100,100
12.1159,100,100
12.1156,100,100
12.1154,100,100
12.1151,100,100
12.1148,100,100
12.1146,100,100
12.1143,100,100
12.1141,100,100
12.1138,100,100
12.1136,100,100
12.1133,100,100
12.1131,100,100
12.1128,100,100
12.1126,100,100
12.1123,100,100
12.112,100,100
12.1118,100,100
12.1115,100,100
12.1113,100,100
12.111,100,100
12.1108,100,100
12.1105,100,100
12.1103,100,100
12.11,100,100
12.1098,100,100
12.1095,100,100
12.1093,100,100
12.109,100,100
12.1087,100,100
12.1085,100,100
12.1082,100,100
12.108,100,100
12.1077,100,100
12.1075,100,100
12.1072,100,100
12.107,100,100
12.1067,100,100
12.1065,100,100
12.1062,100,100
12.1059,100,100
12.1057,100,100
12.1054,100,100
12.1052,100,100
12.1049,100,100
12.1047,100,100
12.1044,100,100
12.1042,100,100
12.1039,100,100
12.1037,100,100
12.1034,100,100
12.1031,100,100
12.1029,100,100
12.1026,100,100
12.1024,100,100
12.1021,100,100
12.1019,100,100
12.1016,100,100
12.1014,100,100
12.1011,100,100
12.1009,100,100
12.1006,100,100
12.1004,100,100
12.1001,100,100
12.0998,100,100
12.0996,100,100
12.0993,100,100
12.0991,100,100
12.0988,100,100
12.0986,100,100
12.0983,100,100
12.0981,100,100
12.0978,100,100
12.0976,100,100
12.0973,100,100
12.097,100,100
12.0968,100,100
12.0965,100,100
12.0963,100,100
12.096,100,100
12.0958,100,100
12.0955,100,100
12.0953,100,100
12.095,100,100
12.0948,100,100
12.0945,100,100
12.0942,100,100
12.094,100,100
12.0937,100,100
12.0935,100,100
12.0932,100,100
12.093,100,100
12.0927,100,100
12.0925,100,100
12.0922,100,100
12.092,100,100
12.0917,100,100
12.0914,100,100
12.0912,100,100
12.0909,100,100
12.0906,100,100
12.0903,100,100
12.09,100,100
12.0897,100,100
12.0894,100,100
12.0891,100,100
12.0888,100,100
12.0885,100,100
12.0882,100,100
12.0879,100,100
12.0876,100,100
12.0873,100,100
12.087,100,100
12.0867,100,100
12.0864,100,100
12.0861,100,100
12.0858,100,100
12.0855,100,100
12.0852,100,100
12.0849,100,100
12.0846,100,100
12.0843,100,100
12.084,100,100
12.0837,100,100
12.0834,100,100
12.0831,100,100
12.0828,100,100
12.0825,100,100
12.0822,100,100
12.0819,100,100
12.0816,100,100
12.0813,100,100
12.081,100,100
12.0807,100,100
12.0804,100,100
12.0801,100,100
12.0798,100,100
12.0795,100,100
12.0792,100,100
12.0789,100,100
12.0786,100,100
12.0783,100,100
12.078,100,100
12.0777,100,100
12.0774,100,100
12.0771,100,100
12.0768,100,100
12.0765,100,100
12.0762,100,100
12.0759,100,100
12.0756,100,100
12.0753,100,100
12.075,100,100
12.0747,100,100
12.0744,100,100
12.0741,100,100
12.0738,100,100
12.0735,100,100
12.0732,100,100
12.0729,100,100
12.0726,100,100
12.0723,100,100
12.072,100,100
12.0717,100,100
12.0714,100,100
12.0711,100,100
12.0708,100,100
12.0705,100,100
12.0702,100,100
12.0699,100,100
12.0696,100,100
12.0693,100,100
12.069,100,100
12.0687,100,100
12.0684,100,100
12.0681,100,100
12.0678,100,100
12.0675,100,100
12.0672,100,100
12.0669,100,100
12.0666,100,100
12.0663,100,100
12.066,100,100
12.0657,100,100
12.0654,100,100
12.0651,100,100
12.0648,100,100
12.0645,100,100
12.0642,100,100
12.0639,100,100
12.0636,100,100
12.0633,100,100
12.063,100,100
12.0627,100,100
12.0624,100,100
12.0621,100,100
12.0618,100,100
12.0615,100,100
12.0612,100,100
12.0609,100,100
12.0606,100,100
12.0602,100,100
12.0599,100,100
12.0596,100,100
12.0592,100,100
12.0589,100,100
12.0586,100,100
12.0582,100,100
12.0579,100,100
12.0576,100,100
12.0572,100,100
12.0569,100,100
12.0566,100,100
12.0562,100,100
12.0559,100,100
12.0556,100,100
12.0552,100,100
12.0549,100,100
12.0546,100,100
12.0542,100,100
12.0539,100,100
12.0535,100,100
12.0532,100,100
12.0529,100,100
12.0525,100,100
12.0522,100,100
12.0519,100,100
12.0515,100,100
12.0512,100,100
12.0509,100,100
12.0505,100,100
12.0502,100,100
12.0499,100,100
12.0495,100,100
12.0492,100,100
12.0489,100,100
12.0485,100,100
12.0482,100,100
12.0478,100,100
12.0475,100,100
12.0472,100,100
12.0468,100,100
12.0465,100,100
12.0462,100,100
12.0458,100,100
12.0455,100,100
12.0452,100,100
12.0448,100,100
12.0445,100,100
12.0442,100,100
12.0438,100,100
12.0435,100,100
12.0432,100,100
12.0428,100,100
12.0425,100,100
12.0422,100,100
12.0418,100,100
12.0415,100,100
12.0411,100,100
12.0408,100,100
12.0405,100,100
12.0401,100,100
12.0398,100,100
12.0395,100,100
12.0391,100,100
12.0388,100,100
12.0385,100,100
12.0381,100,100
12.0378,100,100
12.0375,100,100
12.0371,100,100
12.0368,100,100
12.0365,100,100
12.0361,100,100
12.0358,100,100
12.0355,100,100
12.0351,100,100
12.0348,100,100
12.0344,100,100
12.0341,100,100
12.0338,100,100
12.0334,100,100
12.0331,100,100
12.0328,100,100
12.0324,100,100
12.0321,100,100
12.0318,100,100
12.0314,100,100
12.0311,100,100
12.0308,100,100
12.0304,100,100
12.0301,100,100
12.0298,100,100
12.0294,100,100
12.0291,100,100
12.0288,100,100
12.0284,100,100
12.0281,100,100
12.0277,100,100
12.0274,100,100
12.027,100,100
12.0267,100,100
12.0263,100,100
12.0259,100,100
12.0256,100,100
12.0252,100,100
12.0248,100,100
12.0245,100,100
12.0241,100,100
12.0238,100,100
12.0234,100,100
12.023,100,100
12.0227,100,100
12.0223,100,100
12.0219,100,100
12.0216,100,100
12.0212,100,100
12.0209,100,100
12.0205,100,100
12.0201,100,100
12.0198,100,100
12.0194,100,100
12.019,100,100
12.0187,100,100
12.0183,100,100
12.018,100,100
12.0176,100,100
12.0172,100,100
12.0169,100,100
12.0165,100,100
12.0161,100,100
12.0158,100,100
12.0154,100,100
12.015,100,100
12.0147,100,100
12.0143,100,100
12.014,100,100
12.0136,100,100
12.0132,100,100
12.0129,100,100
12.0125,100,100
12.0121,100,100
12.0118,100,100
12.0114,100,100
12.0111,100,100
12.0107,100,100
12.0103,100,100
12.01,100,100
12.0096,100,100
12.0092,100,100
12.0089,100,100
12.0085,100,100
12.0081,100,100
12.0078,100,100
12.0074,100,100
12.0071,100,100
12.0067,100,100
12.0063,100,100
12.006,100,100
12.0056,100,100
12.0052,100,100
12.0049,100,100
12.0045,100,100
12.0042,100,100
12.0038,100,100
12.0034,100,100
12.0031,100,100
12.0027,100,100
12.0023,100,100
12.002,100,100
12.0016,100,100
12.0013,100,100
12.0009,100,100
12.0005,100,100
12.0002,100,100
11.9998,100,100
11.9994,100,100
11.9991,100,100
11.9987,100,100
11.9983,100,100
11.998,100,100
11.9976,100,100
11.9973,100,100
11.9969,100,100
11.9965,100,100
11.9962,100,100
11.9958,100,100
11.9954,100,100
11.9951,100,100
11.9947,100,100
11.9944,100,100
11.994,100,100
11.9936,100,100
11.9933,100,100
11.9929,100,100
11.9925,100,100
11.9922,100,100
11.9918,100,100
11.9914,100,100
11.9911,100,100
11.9907,100,100
11.9903,100,100
11.9899,100,100
11.9895,100,100
11.9891,100,100
11.9888,100,100
11.9884,100,100
11.988,100,100
11.9876,100,100
11.9872,100,100
11.9868,100,100
11.9864,100,100
11.9861,100,100
11.9857,100,100
11.9853,100,100
11.9849,100,100
11.9845,100,100
11.9841,100,100
11.9837,100,100
11.9834,100,100
11.983,100,100
11.9826,100,100
11.9822,100,100
11.9818,100,100
11.9814,100,100
11.981,100,100
11.9807,100,100
11.9803,100,100
11.9799,100,100
11.9795,100,100
11.9791,100,100
11.9787,100,100
11.9783,100,100
11.978,100,100
11.9776,100,100
11.9772,100,100
11.9768,100,100
11.9764,100,100
11.976,100,100
11.9756,100,100
11.9753,100,100
11.9749,100,100
11.9745,100,100
11.9741,100,100
11.9737,100,100
11.9733,100,100
11.9729,100,100
11.9726,100,100
11.9722,100,100
11.9718,100,100
11.9714,100,100
11.971,100,100
11.9706,100,100
11.9702,100,100
11.9699,100,100
11.9695,100,100
11.9691,100,100
11.9687,100,100
11.9683,100,100
11.9679,100,100
11.9675,100,100
11.9672,100,100
11.9668,100,100
11.9664,100,100
11.966,100,100
11.9656,100,100
11.9652,100,100
11.9648,100,100
11.9645,100,100
11.9641,100,100
11.9637,100,100
11.9633,100,100
11.9629,100,100
11.9625,100,100
11.9621,100,100
11.9618,100,100
11.9614,100,100
11.961,100,100
11.9606,100,100
11.9602,100,100
11.9598,100,100
11.9594,100,100
11.9591,100,100
11.9587,100,100
11.9583,100,100
11.9579,100,100
11.9575,100,100
11.9571,100,100
11.9567,100,100
11.9564,100,100
11.956,100,100
11.9556,100,100
11.9552,100,100
11.9548,100,100
11.9544,100,100
11.954,100,100
11.9537,100,100
11.9533,100,100
11.9529,100,100
11.9525,100,100
11.9521,100,100
11.9517,100,100
11.9513,100,100
11.9509,100,100
11.9505,100,100
11.9501,100,100
11.9497,100,100
11.9493,100,100
11.9489,100,100
11.9485,100,100
11.9481,100,100
11.9477,100,100
11.9473,100,100
11.9469,100,100
11.9465,100,100
11.946,100,100
11.9456,100,100
11.9452,100,100
11.9448,100,100
11.9444,100,100
11.944,100,100
11.9436,100,100
11.9432,100,100
11.9428,100,100
11.9424,100,100
11.942,100,100
11.9416,100,100
11.9412,100,100
11.9408,100,100
11.9404,100,100
11.94,100,100
11.9396,100,100
11.9392,100,100
11.9388,100,100
11.9384,100,100
11.938,100,100
11.9376,100,100
11.9372,100,100
11.9368,100,100
11.9364,100,100
11.936,100,100
11.9356,100,100
11.9352,100,100
11.9348,100,100
11.9344,100,100
11.934,100,100
11.9336,100,100
11.9332,100,100
11.9328,100,100
11.9324,100,100
11.932,100,100
11.9315,100,100
11.9311,100,100
11.9307,100,100
11.9303,100,100
11.9299,100,100
11.9295,100,100
11.9291,100,100
11.9287,100,100
11.9283,100,100
11.9279,100,100
11.9275,100,100
11.9271,100,100
11.9267,100,100
11.9263,100,100
11.9259,100,100
11.9255,100,100
11.9251,100,100
11.9247,100,100
11.9243,100,100
11.9239,100,100
11.9235,100,100
11.9231,100,100
11.9227,100,100
11.9223,100,100
11.9219,100,100
11.9215,100,100
11.9211,100,100
11.9207,100,100
11.9203,100,100
11.9199,100,100
11.9195,100,100
11.9191,100,100
11.9187,100,100
11.9183,100,100
11.9179,100,100
11.9175,100,100
11.9171,100,100
11.9166,100,100
11.9162,100,100
11.9158,100,100
11.9154,100,100
11.915,100,100
11.9146,100,100
11.9142,100,100
11.9138,100,100
11.9134,100,100
11.913,100,100
11.9126,100,100
11.9122,100,100
11.9118,100,100
11.9114,100,100
11.911,100,100
11.9105,100,100
11.9101,100,100
11.9097,100,100
11.9093,100,100
11.9089,100,100
11.9085,100,100
11.908,100,100
11.9076,100,100
11.9072,100,100
11.9068,100,100
11.9064,100,100
11.906,100,100
11.9055,100,100
11.9051,100,100
11.9047,100,100
11.9043,100,100
11.9039,100,100
11.9035,100,100
11.9031,100,100
11.9026,100,100
11.9022,100,100
11.9018,100,100
11.9014,100,100
11.901,100,100
11.9006,100,100
11.9001,100,100
11.8997,100,100
11.8993,100,100
11.8989,100,100
11.8985,100,100
11.8981,100,100
11.8976,100,100
11.8972,100,100
11.8968,100,100
11.8964,100,100
11.896,100,100
11.8956,100,100
11.8951,100,100
11.8947,100,100
11.8943,100,100
11.8939,100,100
11.8935,100,100
11.8931,100,100
11.8927,100,100
11.8922,100,100
11.8918,100,100
11.8914,100,100
11.891,100,100
11.8906,100,100
11.8902,100,100
11.8897,100,100
11.8893,100,100
11.8889,100,100
11.8885,100,100
11.8881,100,100
11.8877,100,100
11.8872,100,100
11.8868,100,100
11.8864,100,100
11.886,100,100
11.8856,100,100
11.8852,100,100
11.8847,100,100
11.8843,100,100
11.8839,100,100
11.8835,100,100
11.8831,100,100
11.8827,100,100
11.8823,100,100
11.8818,100,100
11.8814,100,100
11.881,100,100
11.8806,100,100
11.8802,100,100
11.8798,100,100
11.8793,100,100
11.8789,100,100
11.8785,100,100
11.8781,100,100
11.8777,100,100
11.8773,100,100
11.8768,100,100
11.8764,100,100
11.876,100,100
11.8756,100,100
11.8752,100,100
11.8748,100,100
11.8743,100,100
11.8739,100,100
11.8735,100,100
11.8731,100,100
11.8727,100,100
11.8723,100,100
11.8718,100,100
11.8714,100,100
11.871,100,100
11.8706,100,100
11.8702,100,100
11.8697,100,100
11.8693,100,100
11.8689,100,100
11.8685,100,100
11.868,100,100
11.8676,100,100
11.8672,100,100
11.8668,100,100
11.8663,100,100
11.8659,100,100
11.8655,100,100
11.865,100,100
11.8646,100,100
11.8642,100,100
11.8638,100,100
11.8633,100,100
11.8629,100,100
11.8625,100,100
11.8621,100,100
11.8616,100,100
11.8612,100,100
11.8608,100,100
11.8603,100,100
11.8599,100,100
11.8595,100,100
11.8591,100,100
11.8586,100,100
11.8582,100,100
11.8578,100,100
11.8574,100,100
11.8569,100,100
11.8565,100,100
11.8561,100,100
11.8557,100,100
11.8552,100,100
11.8548,100,100
11.8544,100,100
11.8539,100,100
11.8535,100,100
11.8531,100,100
11.8527,100,100
11.8522,100,100
11.8518,100,100
11.8514,100,100
11.851,100,100
11.8505,100,100
11.8501,100,100
11.8497,100,100
11.8492,100,100
11.8488,100,100
11.8484,100,100
11.848,100,100
11.8475,100,100
11.8471,100,100
11.8467,100,100
11.8463,100,100
11.8458,100,100
11.8454,100,100
11.845,100,100
11.8446,100,100
11.8441,100,100
11.8437,100,100
11.8433,100,100
11.8428,100,100
11.8424,100,100
11.842,100,100
11.8416,100,100
11.8411,100,100
11.8407,100,100
11.8403,100,100
11.8399,100,100
11.8394,100,100
11.839,100,100
11.8386,100,100
11.8381,100,100
11.8377,100,100
11.8373,100,100
11.8369,100,100
11.8364,100,100
11.836,100,100
11.8356,100,100
11.8352,100,100
11.8347,100,100
11.8343,100,100
11.8339,100,100
11.8335,100,100
11.833,100,100
11.8326,100,100
11.8322,100,100
11.8317,100,100
11.8313,100,100
11.8309,100,100
11.8305,100,100
11.83,100,100
11.8296,100,100
11.8292,100,100
11.8288,100,100
11.8283,100,100
11.8279,100,100
11.8275,100,100
11.827,100,100
11.8266,100,100
11.8262,100,100
11.8257,100,100
11.8253,100,100
11.8248,100,100
11.8244,100,100
11.824,100,100
11.8235,100,100
11.8231,100,100
11.8227,100,100
11.8222,100,100
11.8218,100,100
11.8214,100,100
11.8209,100,100
11.8205,100,100
11.82,100,100
11.8196,100,100
11.8192,100,100
11.8187,100,100
11.8183,100,100
11.8179,100,100
11.8174,100,100
11.817,100,100
11.8166,100,100
11.8161,100,100
11.8157,100,100
11.8153,100,100
11.8148,100,100
11.8144,100,100
11.8139,100,100
11.8135,100,100
11.8131,100,100
11.8126,100,100
11.8122,100,100
11.8118,100,100
11.8113,100,100
11.8109,100,100
11.8105,100,100
11.81,100,100
11.8096,100,100
11.8092,100,100
11.8087,100,100
11.8083,100,100
11.8078,100,100
11.8074,100,100
11.807,100,100
11.8065,100,100
11.8061,100,100
11.8057,100,100
11.8052,100,100
11.8048,100,100
11.8044,100,100
11.8039,100,100
11.8035,100,100
11.803,100,100
11.8026,100,100
11.8022,100,100
11.8017,100,100
11.8013,100,100
11.8009,100,100
11.8004,100,100
11.8,100,100
11.7996,100,100
11.7991,100,100
11.7987,100,100
11.7983,100,100
11.7978,100,100
11.7974,100,100
11.7969,100,100
11.7965,100,100
11.7961,100,100
11.7956,100,100
11.7952,100,100
11.7948,100,100
11.7943,100,100
11.7939,100,100
11.7935,100,100
11.793,100,100
11.7926,100,100
11.7921,100,100
11.7917,100,100
11.7913,100,100
11.7908,100,100
11.7904,100,100
11.79,100,100
11.7895,100,100
11.7891,100,100
11.7887,100,100
11.7882,100,100
11.7878,100,100
11.7874,100,100
11.7869,100,100
11.7865,100,100
11.786,100,100
11.7856,100,100
11.7852,100,100
11.7847,100,100
11.7843,100,100
11.7838,100,100
11.7833,100,100
11.7829,100,100
11.7824,100,100
11.7819,100,100
11.7815,100,100
11.781,100,100
11.7806,100,100
11.7801,100,100
11.7796,100,100
11.7792,100,100
11.7787,100,100
11.7782,100,100
11.7778,100,100
11.7773,100,100
11.7768,100,100
11.7764,100,100
11.7759,100,100
11.7754,100,100
11.775,100,100
11.7745,100,100
11.774,100,100
11.7736,100,100
11.7731,100,100
11.7726,100,100
11.7722,100,100
11.7717,100,100
11.7712,100,100
11.7708,100,100
11.7703,100,100
11.7698,100,100
11.7694,100,100
11.7689,100,100
11.7684,100,100
11.768,100,100
11.7675,100,100
11.767,100,100
11.7666,100,100
11.7661,100,100
11.7657,100,100
11.7652,100,100
11.7647,100,100
11.7643,100,100
11.7638,100,100
11.7633,100,100
11.7629,100,100
11.7624,100,100
11.7619,100,100
11.7615,100,100
11.761,100,100
11.7605,100,100
11.7601,100,100
11.7596,100,100
11.7591,100,100
11.7587,100,100
11.7582,100,100
11.7577,100,100
11.7573,100,100
11.7568,100,100
11.7563,100,100
11.7559,100,100
11.7554,100,100
11.7549,100,100
11.7545,100,100
11.754,100,100
11.7535,100,100
11.7531,100,100
11.7526,100,100
11.7521,100,100
11.7517,100,100
11.7512,100,100
11.7508,100,100
11.7503,100,100
11.7498,100,100
11.7494,100,100
11.7489,100,100
11.7484,100,100
11.748,100,100
11.7475,100,100
11.747,100,100
11.7466,100,100
11.7461,100,100
11.7456,100,100
11.7452,100,100
11.7447,100,100
11.7442,100,100
11.7438,100,100
11.7433,100,100
11.7428,100,100
11.7424,100,100
11.7419,100,100
11.7414,100,100
11.741,100,100
11.7405,100,100
11.74,100,100
11.7396,100,100
11.7391,100,100
11.7386,100,100
11.7382,100,100
11.7377,100,100
11.7371,100,100
11.7366,100,100
11.7361,100,100
11.7356,100,100
11.7351,100,100
11.7345,100,100
11.734,100,100
11.7335,100,100
11.733,100,100
11.7325,100,100
11.7319,100,100
11.7314,100,100
11.7309,100,100
11.7304,100,100
11.7299,100,100
11.7293,100,100
11.7288,100,100
11.7283,100,100
11.7278,100,100
11.7273,100,100
11.7267,100,100
11.7262,100,100
11.7257,100,100
11.7252,100,100
11.7246,100,100
11.7241,100,100
11.7236,100,100
11.7231,100,100
11.7226,100,100
11.722,100,100
11.7215,100,100
11.721,100,100
11.7205,100,100
11.72,100,100
11.7194,100,100
11.7189,100,100
11.7184,100,100
11.7179,100,100
11.7174,100,100
11.7168,100,100
11.7163,100,100
11.7158,100,100
11.7153,100,100
11.7148,100,100
11.7142,100,100
11.7137,100,100
11.7132,100,100
11.7127,100,100
11.7122,100,100
11.7116,100,100
11.7111,100,100
11.7106,100,100
11.7101,100,100
11.7096,100,100
11.709,100,100
11.7085,100,100
11.708,100,100
11.7075,100,100
11.7069,100,100
11.7064,100,100
11.7059,100,100
11.7054,100,100
11.7049,100,100
11.7043,100,100
11.7038,100,100
11.7033,100,100
11.7028,100,100
11.7023,100,100
11.7017,100,100
11.7012,100,100
11.7007,100,100
11.7002,100,100
11.6997,100,100
11.6991,100,100
11.6986,100,100
11.6981,100,100
11.6976,100,100
11.6971,100,100
11.6965,100,100
11.696,100,100
11.6955,100,100
11.695,100,100
11.6945,100,100
11.6939,100,100
11.6934,100,100
11.6929,100,100
11.6924,100,100
11.6918,100,100
11.6913,100,100
11.6908,100,100
11.6903,100,100
11.6898,100,100
11.6892,100,100
11.6887,100,100
11.6882,100,100
11.6877,100,100
11.6872,100,100
11.6866,100,100
11.6861,100,100
11.6856,100,100
11.685,100,100
11.6844,100,100
11.6839,100,100
11.6833,100,100
11.6827,100,100
11.6822,100,100
11.6816,100,100
11.681,100,100
11.6804,100,100
11.6799,100,100
11.6793,100,100
11.6787,100,100
11.6782,100,100
11.6776,100,100
11.677,100,100
11.6765,100,100
11.6759,100,100
11.6753,100,100
11.6748,100,100
11.6742,100,100
11.6736,100,100
11.6731,100,100
11.6725,100,100
11.6719,100,100
11.6714,100,100
11.6708,100,100
11.6702,100,100
11.6697,100,100
11.6691,100,100
11.6685,100,100
11.668,100,100
11.6674,100,100
11.6668,100,100
11.6663,100,100
11.6657,100,100
11.6651,100,100
11.6645,100,100
11.664,100,100
11.6634,100,100
11.6628,100,100
11.6623,100,100
11.6617,100,100
11.6611,100,100
11.6606,100,100
11.66,100,100
11.6594,100,100
11.6589,100,100
11.6583,100,100
11.6577,100,100
11.6572,100,100
11.6566,100,100
11.656,100,100
11.6555,100,100
11.6549,100,100
11.6543,100,100
11.6538,100,100
11.6532,100,100
11.6526,100,100
11.6521,100,100
11.6515,100,100
11.6509,100,100
11.6503,100,100
11.6498,100,100
11.6492,100,100
11.6486,100,100
11.6481,100,100
11.6475,100,100
11.6469,100,100
11.6464,100,100
11.6458,100,100
11.6452,100,100
11.6447,100,100
11.6441,100,100
11.6435,100,100
11.643,100,100
11.6424,100,100
11.6418,100,100
11.6413,100,100
11.6407,100,100
11.6401,100,100
11.6396,100,100
11.639,100,100
11.6384,100,100
11.6379,100,100
11.6373,100,100
11.6367,100,100
11.6362,100,100
11.6356,100,100
11.635,100,100
11.6344,100,100
11.6339,100,100
11.6333,100,100
11.6327,100,100
11.6322,100,100
11.6316,100,100
11.631,100,100
11.6305,100,100
11.6299,100,100
11.6293,100,100
11.6287,100,100
11.6281,100,100
11.6275,100,100
11.6269,100,100
11.6263,100,100
11.6257,100,100
11.6251,100,100
11.6245,100,100
11.6239,100,100
11.6233,100,100
11.6227,100,100
11.6221,100,100
11.6215,100,100
11.6209,100,100
11.6203,100,100
11.6197,100,100
11.6191,100,100
11.6184,100,100
11.6178,100,100
11.6172,100,100
11.6166,100,100
11.616,100,100
11.6154,100,100
11.6148,100,100
11.6142,100,100
11.6136,100,100
11.613,100,100
11.6124,100,100
11.6118,100,100
11.6112,100,100
11.6106,100,100
11.61,100,100
11.6094,100,100
11.6088,100,100
11.6082,100,100
11.6076,100,100
11.607,100,100
11.6063,100,100
11.6057,100,100
11.6051,100,100
11.6045,100,100
11.6039,100,100
11.6033,100,100
11.6027,100,100
11.6021,100,100
11.6015,100,100
11.6009,100,100
11.6003,100,100
11.5997,100,100
11.5991,100,100
11.5985,100,100
11.5979,100,100
11.5973,100,100
11.5967,100,100
11.5961,100,100
11.5955,100,100
11.5948,100,100
11.5942,100,100
11.5936,100,100
11.593,100,100
11.5924,100,100
11.5918,100,100
11.5912,100,100
11.5906,100,100
11.59,100,100
11.5894,100,100
11.5888,100,100
11.5882,100,100
11.5876,100,100
11.587,100,100
11.5864,100,100
11.5858,100,100
11.5852,100,100
11.5846,100,100
11.584,100,100
11.5833,100,100
11.5827,100,100
11.5821,100,100
11.5815,100,100
11.5809,100,100
11.5803,100,100
11.5797,100,100
11.5791,100,100
11.5785,100,100
11.5779,100,100
11.5773,100,100
11.5767,100,100
11.5761,100,100
11.5755,100,100
11.5749,100,100
11.5743,100,100
11.5737,100,100
11.5731,100,100
11.5725,100,100
11.5719,100,100
11.5712,100,100
11.5706,100,100
11.57,100,100
11.5694,100,100
11.5688,100,100
11.5682,100,100
11.5676,100,100
11.5669,100,100
11.5663,100,100
11.5657,100,100
11.565,100,100
11.5644,100,100
11.5638,100,100
11.5631,100,100
11.5625,100,100
11.5619,100,100
11.5612,100,100
11.5606,100,100
11.56,100,100
11.5593,100,100
11.5587,100,100
11.558,100,100
11.5574,100,100
11.5568,100,100
11.5561,100,100
11.5555,100,100
11.5549,100,100
11.5542,100,100
11.5536,100,100
11.553,100,100
11.5523,100,100
11.5517,100,100
11.5511,100,100
11.5504,100,100
11.5498,100,100
11.5492,100,100
11.5485,100,100
11.5479,100,100
11.5473,100,100
11.5466,100,100
11.546,100,100
11.5454,100,100
11.5447,100,100
11.5441,100,100
11.5435,100,100
11.5428,100,100
11.5422,100,100
11.5416,100,100
11.5409,100,100
11.5403,100,100
11.5397,100,100
11.539,100,100
11.5384,100,100
11.5378,100,100
11.5371,100,100
11.5365,100,100
11.5358,100,100
11.5352,100,100
11.5346,100,100
11.5339,100,100
11.5333,100,100
11.5327,100,100
11.532,100,100
11.5314,100,100
11.5308,100,100
11.5301,100,100
11.5295,100,100
11.5289,100,100
11.5282,100,100
11.5276,100,100
11.527,100,100
11.5263,100,100
11.5257,100,100
11.5251,100,100
11.5244,100,100
11.5238,100,100
11.5232,100,100
11.5225,100,100
11.5219,100,100
11.5213,100,100
11.5206,100,100
11.52,100,100
11.5194,100,100
11.5187,100,100
11.5181,100,100
11.5175,100,100
11.5168,100,100
11.5162,100,100
11.5156,100,100
11.5149,100,100
11.5143,100,100
11.5137,100,100
11.513,100,100
11.5124,100,100
11.5117,100,100
11.5111,100,100
11.5105,100,100
11.5098,100,100
11.5092,100,100
11.5086,100,100
11.5079,100,100
11.5073,100,100
11.5067,100,100
11.506,100,100
11.5054,100,100
11.5048,100,100
11.5041,100,100
11.5034,100,100
11.5028,100,100
11.5021,100,100
11.5015,100,100
11.5008,100,100
11.5001,100,100
11.4995,100,100
11.4988,100,100
11.4982,100,100
11.4975,100,100
11.4969,100,100
11.4962,100,100
11.4955,100,100
11.4949,100,100
11.4942,100,100
11.4936,100,100
11.4929,100,100
11.4923,100,100
11.4916,100,100
11.4909,100,100
11.4903,100,100
11.4896,100,100
11.489,100,100
11.4883,100,100
11.4877,100,100
11.487,100,100
11.4863,100,100
11.4857,100,100
11.485,100,100
11.4844,100,100
11.4837,100,100
11.483,100,100
11.4824,100,100
11.4817,100,100
11.4811,100,100
11.4804,100,100
11.4798,100,100
11.4791,100,100
11.4784,100,100
11.4778,100,100
11.4771,100,100
11.4765,100,100
11.4758,100,100
11.4752,100,100
11.4745,100,100
11.4738,100,100
11.4732,100,100
11.4725,100,100
11.4719,100,100
11.4712,100,100
11.4706,100,100
11.4699,100,100
11.4692,100,100
11.4686,100,100
11.4679,100,100
11.4673,100,100
11.4666,100,100
11.4659,100,100
11.4653,100,100
11.4646,100,100
11.464,100,100
11.4633,100,100
11.4627,100,100
11.462,100,100
11.4613,100,100
11.4607,100,100
11.46,100,100
11.4594,100,100
11.4587,100,100
11.4581,100,100
11.4574,100,100
11.4567,100,100
11.4561,100,100
11.4554,100,100
11.4548,100,100
11.4541,100,100
11.4535,100,100
11.4528,100,100
11.4521,100,100
11.4515,100,100
11.4508,100,100
11.4502,100,100
11.4495,100,100
11.4488,100,100
11.4482,100,100
11.4475,100,100
11.4469,100,100
11.4462,100,100
11.4456,100,100
11.4449,100,100
11.4442,100,100
11.4436,100,100
11.4429,100,100
11.4423,100,100
11.4416,100,100
11.441,100,100
11.4403,100,100
11.4396,100,100
11.4389,100,100
11.4382,100,100
11.4375,100,100
11.4368,100,100
11.436,100,100
11.4353,100,100
11.4346,100,100
11.4339,100,100
11.4332,100,100
11.4324,100,100
11.4317,100,100
11.431,100,100
11.4303,100,100
11.4295,100,100
11.4288,100,100
11.4281,100,100
11.4274,100,100
11.4267,100,100
11.4259,100,100
11.4252,100,100
11.4245,100,100
11.4238,100,100
11.4231,100,100
11.4223,100,100
11.4216,100,100
11.4209,100,100
11.4202,100,100
11.4194,100,100
11.4187,100,100
11.418,100,100
11.4173,100,100
11.4166,100,100
11.4158,100,100
11.4151,100,100
11.4144,100,100
11.4137,100,100
11.413,100,100
11.4122,100,100
11.4115,100,100
11.4108,100,100
11.4101,100,100
11.4093,100,100
11.4086,100,100
11.4079,100,100
11.4072,100,100
11.4065,100,100
11.4057,100,100
11.405,100,100
11.4043,100,100
11.4036,100,100
11.4029,100,100
11.4021,100,100
11.4014,100,100
11.4007,100,100
11.4,100,100
11.3992,100,100
11.3985,100,100
11.3978,100,100
11.3971,100,100
11.3964,100,100
11.3956,100,100
11.3949,100,100
11.3942,100,100
11.3935,100,100
11.3928,100,100
11.392,100,100
11.3913,100,100
11.3906,100,100
11.3899,100,100
11.3891,100,100
11.3884,100,100
11.3877,100,100
11.387,100,100
11.3863,100,100
11.3855,100,100
11.3848,100,100
11.3841,100,100
11.3834,100,100
11.3826,100,100
11.3819,100,100
11.3812,100,100
11.3805,100,100
11.3798,100,100
11.379,100,100
11.3783,100,100
11.3776,100,100
11.3769,100,100
11.3762,100,100
11.3754,100,100
11.3747,100,100
11.374,100,100
11.3733,100,100
11.3725,100,100
11.3718,100,100
11.3711,100,100
11.3704,100,100
11.3697,100,100
11.3689,100,100
11.3682,100,100
11.3675,100,100
11.3667,100,100
11.3659,100,100
11.3651,100,100
11.3642,100,100
11.3634,100,100
11.3626,100,100
11.3618,100,100
11.361,100,100
11.3601,100,100
11.3593,100,100
11.3585,100,100
11.3577,100,100
11.3569,100,100
11.3561,100,100
11.3552,100,100
11.3544,100,100
11.3536,100,100
11.3528,100,100
11.352,100,100
11.3511,100,100
11.3503,100,100
11.3495,100,100
11.3487,100,100
11.3479,100,100
11.347,100,100
11.3462,100,100
11.3454,100,100
11.3446,100,100
11.3438,100,100
11.343,100,100
11.3421,100,100
11.3413,100,100
11.3405,100,100
11.3397,100,100
11.3389,100,100
11.338,100,100
11.3372,100,100
11.3364,100,100
11.3356,100,100
11.3348,100,100
11.334,100,100
11.3331,100,100
11.3323,100,100
11.3315,100,100
11.3307,100,100
11.3299,100,100
11.329,100,100
11.3282,100,100
11.3274,100,100
11.3266,100,100
11.3258,100,100
11.3249,100,100
11.3241,100,100
11.3233,100,100
11.3225,100,100
11.3217,100,100
11.3209,100,100
11.32,100,100
11.3192,100,100
11.3184,100,100
11.3176,100,100
11.3168,100,100
11.3159,100,100
11.3151,100,100
11.3143,100,100
11.3135,100,100
11.3127,100,100
11.3118,100,100
11.311,100,100
11.3102,100,100
11.3094,100,100
11.3086,100,100
11.3078,100,100
11.3069,100,100
11.3061,100,100
11.3053,100,100
11.3045,100,100
11.3037,100,100
11.3028,100,100
11.302,100,100
11.3012,100,100
11.3004,100,100
11.2996,100,100
11.2988,100,100
11.2979,100,100
11.2971,100,100
11.2963,100,100
11.2955,100,100
11.2947,100,100
11.2938,100,100
11.293,100,100
11.2922,100,100
11.2914,100,100
11.2906,100,100
11.2897,100,100
11.2889,100,100
11.2881,100,100
11.2873,100,100
11.2865,100,100
11.2857,100,100
11.2848,100,100
11.2839,100,100
11.283,100,100
11.2821,100,100
11.2812,100,100
11.2803,100,100
11.2794,100,100
11.2785,100,100
11.2776,100,100
11.2767,100,100
11.2758,100,100
11.2749,100,100
11.274,100,100
11.2731,100,100
11.2722,100,100
11.2713,100,100
11.2704,100,100
11.2695,100,100
11.2686,100,100
11.2677,100,100
11.2668,100,100
11.2659,100,100
11.265,100,100
11.2641,100,100
11.2632,100,100
11.2623,100,100
11.2614,100,100
11.2605,100,100
11.2596,100,100
11.2587,100,100
11.2578,100,100
11.2569,100,100
11.256,100,100
11.2551,100,100
11.2542,100,100
11.2533,100,100
11.2524,100,100
11.2515,100,100
11.2506,100,100
11.2497,100,100
11.2488,100,100
11.2479,100,100
11.247,100,100
11.2462,100,100
11.2453,100,100
11.2444,100,100
11.2435,100,100
11.2426,100,100
11.2417,100,100
11.2408,100,100
11.2399,100,100
11.239,100,100
11.2381,100,100
11.2372,100,100
11.2363,100,100
11.2354,100,100
11.2345,100,100
11.2336,100,100
11.2327,100,100
11.2318,100,100
11.2309,100,100
11.23,100,100
11.2291,100,100
11.2282,100,100
11.2273,100,100
11.2264,100,100
11.2255,100,100
11.2246,100,100
11.2237,100,100
11.2228,100,100
11.2219,100,100
11.221,100,100
11.2201,100,100
11.2192,100,100
11.2183,100,100
11.2174,100,100
11.2165,100,100
11.2156,100,100
11.2147,100,100
11.2138,100,100
11.2129,100,100
11.212,100,100
11.2111,100,100
11.2102,100,100
11.2093,100,100
11.2084,100,100
11.2075,100,100
11.2066,100,100
11.2057,100,100
11.2048,100,100
11.2039,100,100
11.203,100,100
11.2021,100,100
11.2012,100,100
11.2004,100,100
11.1995,100,100
11.1986,100,100
11.1977,100,100
11.1968,100,100
11.1959,100,100
11.1949,100,100
11.194,100,100
11.193,100,100
11.192,100,100
11.1911,100,100
11.1901,100,100
11.1892,100,100
11.1882,100,100
11.1873,100,100
11.1863,100,100
11.1854,100,100
11.1844,100,100
11.1834,100,100
11.1825,100,100
11.1815,100,100
11.1806,100,100
11.1796,100,100
11.1787,100,100
11.1777,100,100
11.1768,100,100
11.1758,100,100
11.1748,100,100
11.1739,100,100
11.1729,100,100
11.172,100,100
11.171,100,100
11.1701,100,100
11.1691,100,100
11.1682,100,100
11.1672,100,100
11.1662,100,100
11.1653,100,100
11.1643,100,100
11.1634,100,100
11.1624,100,100
11.1615,100,100
11.1605,100,100
11.1596,100,100
11.1586,100,100
11.1576,100,100
11.1567,100,100
11.1557,100,100
11.1548,100,100
11.1538,100,100
11.1529,100,100
11.1519,100,100
11.151,100,100
11.15,100,100
11.149,100,100
11.1481,100,100
11.1471,100,100
11.1462,100,100
11.1452,100,100
11.1443,100,100
11.1433,100,100
11.1424,100,100
11.1414,100,100
11.1404,100,100
11.1395,100,100
11.1385,100,100
11.1376,100,100
11.1366,100,100
11.1357,100,100
11.1347,100,100
11.1338,100,100
11.1328,100,100
11.1318,100,100
11.1309,100,100
11.1299,100,100
11.129,100,100
11.128,100,100
11.1271,100,100
11.1261,100,100
11.1251,100,100
11.1242,100,100
11.1232,100,100
11.1223,100,100
11.1213,100,100
11.1204,100,100
11.1194,100,100
11.1185,100,100
11.1175,100,100
11.1165,100,100
11.1156,100,100
11.1146,100,100
11.1137,100,100
11.1127,100,100
11.1118,100,100
11.1108,100,100
11.1099,100,100
11.1089,100,100
11.1079,100,100
11.107,100,100
11.106,100,100
11.1051,100,100
11.1041,100,100
11.1032,100,100
11.1022,100,100
11.1013,100,100
11.1003,100,100
11.0993,100,100
11.0983,100,100
11.0973,100,100
11.0963,100,100
11.0953,100,100
11.0943,100,100
11.0933,100,100
11.0923,100,100
11.0913,100,100
11.0903,100,100
11.0893,100,100
11.0883,100,100
11.0873,100,100
11.0863,100,100
11.0853,100,100
11.0843,100,100
11.0833,100,100
11.0823,100,100
11.0812,100,100
11.0802,100,100
11.0792,100,100
11.0782,100,100
11.0772,100,100
11.0762,100,100
11.0752,100,100
11.0742,100,100
11.0732,100,100
11.0722,100,100
11.0712,100,100
11.0702,100,100
11.0692,100,100
11.0682,100,100
11.0672,100,100
11.0662,100,100
11.0652,100,100
11.0642,100,100
11.0632,100,100
11.0622,100,100
11.0612,100,100
11.0602,100,100
11.0592,100,100
11.0582,100,100
11.0572,100,100
11.0562,100,100
11.0552,100,100
11.0542,100,100
11.0532,100,100
11.0522,100,100
11.0512,100,100
11.0502,100,100
11.0491,100,100
11.0481,100,100
11.0471,100,100
11.0461,100,100
11.0451,100,100
11.0441,100,100
11.0431,100,100
11.0421,100,100
11.0411,100,100
11.0401,100,100
11.0391,100,100
11.0381,100,100
11.0371,100,100
11.0361,100,100
11.0351,100,100
11.0341,100,100
11.0331,100,100
11.0321,100,100
11.0311,100,100
11.0301,100,100
11.0291,100,100
11.0281,100,100
11.0271,100,100
11.0261,100,100
11.0251,100,100
11.0241,100,100
11.0231,100,100
11.0221,100,100
11.0211,100,100
11.0201,100,100
11.0191,100,100
11.018,100,100
11.017,100,100
11.016,100,100
11.015,100,100
11.014,100,100
11.013,100,100
11.012,100,100
11.011,100,100
11.01,100,100
11.009,100,100
11.008,100,100
11.007,100,100
11.006,100,100
11.005,100,100
11.004,100,100
11.003,100,100
11.002,100,100
11.001,100,100
11,100,100
10.999,100,100
10.9979,100,100
10.9969,100,100
10.9958,100,100
10.9948,100,100
10.9938,100,100
10.9927,100,100
10.9917,100,100
10.9906,100,100
10.9896,100,100
10.9886,100,100
10.9875,100,100
10.9865,100,100
10.9854,100,100
10.9844,100,100
10.9834,100,100
10.9823,100,100
10.9813,100,100
10.9802,100,100
10.9792,100,100
10.9782,100,100
10.9771,100,100
10.9761,100,100
10.975,100,100
10.974,100,100
10.973,100,100
10.9719,100,100
10.9709,100,100
10.9698,100,100
10.9688,100,100
10.9678,100,100
10.9667,100,100
10.9657,100,100
10.9646,100,100
10.9636,100,100
10.9626,100,100
10.9615,100,100
10.9605,100,100
10.9594,100,100
10.9584,100,100
10.9574,100,100
10.9563,100,100
10.9553,100,100
10.9542,100,100
10.9532,100,100
10.9522,100,100
10.9511,100,100
10.9501,100,100
10.949,100,100
10.948,100,100
10.947,100,100
10.9459,100,100
10.9449,100,100
10.9438,100,100
10.9428,100,100
10.9418,100,100
10.9407,100,100
10.9397,100,100
10.9386,100,100
10.9376,100,100
10.9366,100,100
10.9355,100,100
10.9345,100,100
10.9334,100,100
10.9324,100,100
10.9314,100,100
10.9303,100,100
10.9293,100,100
10.9282,100,100
10.9272,100,100
10.9262,100,100
10.9251,100,100
10.9241,100,100
10.923,100,100
10.922,100,100
10.921,100,100
10.9199,100,100
10.9189,100,100
10.9178,100,100
10.9168,100,100
10.9158,100,100
10.9147,100,100
10.9137,100,100
10.9126,100,100
10.9116,100,100
10.9106,100,100
10.9095,100,100
10.9085,100,100
10.9074,100,100
10.9064,100,100
10.9054,100,100
10.9043,100,100
10.9033,100,100
10.9022,100,100
10.9012,100,100
10.9002,100,100
10.8991,100,100
10.8981,100,100
10.897,100,100
10.896,100,100
10.8949,100,100
10.8939,100,100
10.8928,100,100
10.8917,100,100
10.8907,100,100
10.8896,100,100
10.8885,100,100
10.8875,100,100
10.8864,100,100
10.8853,100,100
10.8843,100,100
10.8832,100,100
10.8821,100,100
10.8811,100,100
10.88,100,100
10.8789,100,100
10.8779,100,100
10.8768,100,100
10.8757,100,100
10.8747,100,100
10.8736,100,100
10.8725,100,100
10.8715,100,100
10.8704,100,100
10.8693,100,100
10.8683,100,100
10.8672,100,100
10.8661,100,100
10.8651,100,100
10.864,100,100
10.8629,100,100
10.8619,100,100
10.8608,100,100
10.8597,100,100
10.8587,100,100
10.8576,100,100
10.8565,100,100
10.8555,100,100
10.8544,100,100
10.8533,100,100
10.8523,100,100
10.8512,100,100
10.8501,100,100
10.849,100,100
10.848,100,100
10.8469,100,100
10.8458,100,100
10.8448,100,100
10.8437,100,100
10.8426,100,100
10.8416,100,100
10.8405,100,100
10.8394,100,100
10.8384,100,100
10.8373,100,100
10.8362,100,100
10.8352,100,100
10.8341,100,100
10.833,100,100
10.832,100,100
10.8309,100,100
10.8298,100,100
10.8288,100,100
10.8277,100,100
10.8266,100,100
10.8256,100,100
10.8245,100,100
10.8234,100,100
10.8224,100,100
10.8213,100,100
10.8202,100,100
10.8192,100,100
10.8181,100,100
10.817,100,100
10.816,100,100
10.8149,100,100
10.8138,100,100
10.8128,100,100
10.8117,100,100
10.8106,100,100
10.8096,100,100
10.8085,100,100
10.8074,100,100
10.8064,100,100
10.8053,100,100
10.8042,100,100
10.8032,100,100
10.8021,100,100
10.801,100,100
10.7999,100,100
10.7989,100,100
10.7978,100,100
10.7967,100,100
10.7957,100,100
10.7946,100,100
10.7935,100,100
10.7925,100,100
10.7914,100,100
10.7903,100,100
10.7893,100,100
10.7882,100,100
10.7871,100,100
10.786,100,100
10.7849,100,100
10.7838,100,100
10.7827,100,100
10.7816,100,100
10.7806,100,100
10.7795,100,100
10.7784,100,100
10.7773,100,100
10.7762,100,100
10.7751,100,100
10.774,100,100
10.7729,100,100
10.7718,100,100
10.7707,100,100
10.7697,100,100
10.7686,100,100
10.7675,100,100
10.7664,100,100
10.7653,100,100
10.7642,100,100
10.7631,100,100
10.762,100,100
10.7609,100,100
10.7598,100,100
10.7588,100,100
10.7577,100,100
10.7566,100,100
10.7555,100,100
10.7544,100,100
10.7533,100,100
10.7522,100,100
10.7511,100,100
10.75,100,100
10.7489,100,100
10.7479,100,100
10.7468,100,100
10.7457,100,100
10.7446,100,100
10.7435,100,100
10.7424,100,100
10.7413,100,100
10.7402,100,100
10.7391,100,100
10.738,100,100
10.7369,100,100
10.7359,100,100
10.7348,100,100
10.7337,100,100
10.7326,100,100
10.7315,100,100
10.7304,100,100
10.7293,100,100
10.7282,100,100
10.7271,100,100
10.726,100,100
10.725,100,100
10.7239,100,100
10.7228,100,100
10.7217,100,100
10.7206,100,100
10.7195,100,100
10.7184,100,100
10.7173,100,100
10.7162,100,100
10.7151,100,100
10.7141,100,100
10.713,100,100
10.7119,100,100
10.7108,100,100
10.7097,100,100
10.7086,100,100
10.7075,100,100
10.7064,100,100
10.7053,100,100
10.7042,100,100
10.7032,100,100
10.7021,100,100
10.701,100,100
10.6999,100,100
10.6988,100,100
10.6977,100,100
10.6966,100,100
10.6955,100,100
10.6944,100,100
10.6933,100,100
10.6923,100,100
10.6912,100,100
10.6901,100,100
10.689,100,100
10.6879,100,100
10.6868,100,100
10.6857,100,100
10.6846,100,100
10.6835,100,100
10.6824,100,100
10.6813,100,100
10.6803,100,100
10.6792,100,100
10.678,100,100
10.6769,100,100
10.6758,100,100
10.6747,100,100
10.6736,100,100
10.6725,100,100
10.6714,100,100
10.6703,100,100
10.6692,100,100
10.6681,100,100
10.6669,100,100
10.6658,100,100
10.6647,100,100
10.6636,100,100
10.6625,100,100
10.6614,100,100
10.6603,100,100
10.6592,100,100
10.6581,100,100
10.657,100,100
10.6559,100,100
10.6547,100,100
10.6536,100,100
10.6525,100,100
10.6514,100,100
10.6503,100,100
10.6492,100,100
10.6481,100,100
10.647,100,100
10.6459,100,100
10.6448,100,100
10.6437,100,100
10.6425,100,100
10.6414,100,100
10.6403,100,100
10.6392,100,100
10.6381,100,100
10.637,100,100
10.6359,100,100
10.6348,100,100
10.6337,100,100
10.6326,100,100
10.6315,100,100
10.6303,100,100
10.6292,100,100
10.6281,100,100
10.627,100,100
10.6259,100,100
10.6248,100,100
10.6237,100,100
10.6226,100,100
10.6215,100,100
10.6204,100,100
10.6192,100,100
10.6181,100,100
10.617,100,100
10.6159,100,100
10.6148,100,100
10.6137,100,100
10.6126,100,100
10.6115,100,100
10.6104,100,100
10.6093,100,100
10.6082,100,100
10.607,100,100
10.6059,100,100
10.6048,100,100
10.6037,100,100
10.6026,100,100
10.6015,100,100
10.6004,100,100
10.5993,100,100
10.5982,100,100
10.5971,100,100
10.596,100,100
10.5948,100,100
10.5937,100,100
10.5926,100,100
10.5915,100,100
10.5904,100,100
10.5893,100,100
10.5882,100,100
10.5871,100,100
10.586,100,100
10.5849,100,100
10.5837,100,100
10.5826,100,100
10.5815,100,100
10.5804,100,100
10.5793,100,100
10.5782,100,100
10.5771,100,100
10.576,100,100
10.5749,100,100
10.5738,100,100
10.5727,100,100
10.5715,100,100
10.5704,100,100
10.5693,100,100
10.5682,100,100
10.5671,100,100
10.566,100,100
10.5648,100,100
10.5637,100,100
10.5626,100,100
10.5615,100,100
10.5604,100,100
10.5592,100,100
10.5581,100,100
10.557,100,100
10.5559,100,100
10.5547,100,100
10.5536,100,100
10.5525,100,100
10.5514,100,100
10.5503,100,100
10.5491,100,100
10.548,100,100
10.5469,100,100
10.5458,100,100
10.5446,100,100
10.5435,100,100
10.5424,100,100
10.5413,100,100
10.5402,100,100
10.539,100,100
10.5379,100,100
10.5368,100,100
10.5357,100,100
10.5345,100,100
10.5334,100,100
10.5323,100,100
10.5312,100,100
10.5301,100,100
10.5289,100,100
10.5278,100,100
10.5267,100,100
10.5256,100,100
10.5244,100,100
10.5233,100,100
10.5222,100,100
10.5211,100,100
10.52,100,100
10.5188,100,100
10.5177,100,100
10.5166,100,100
10.5155,100,100
10.5144,100,100
10.5132,100,100
10.5121,100,100
10.511,100,100
10.5099,100,100
10.5087,100,100
10.5076,100,100
10.5065,100,100
10.5054,100,100
10.5043,100,100
10.5031,100,100
10.502,100,100
10.5009,100,100
10.4998,100,100
10.4986,100,100
10.4975,100,100
10.4964,100,100
10.4953,100,100
10.4942,100,100
10.493,100,100
10.4919,100,100
10.4908,100,100
10.4897,100,100
10.4885,100,100
10.4874,100,100
10.4863,100,100
10.4852,100,100
10.4841,100,100
10.4829,100,100
10.4818,100,100
10.4807,100,100
10.4796,100,100
10.4784,100,100
10.4773,100,100
10.4762,100,100
10.4751,100,100
10.474,100,100
10.4728,100,100
10.4717,100,100
10.4706,100,100
10.4695,100,100
10.4684,100,100
10.4672,100,100
10.4661,100,100
10.465,100,100
10.4639,100,100
10.4627,100,100
10.4616,100,100
10.4605,100,100
10.4594,100,100
10.4583,100,100
10.4571,100,100
10.456,100,100
10.4549,100,100
10.4537,100,100
10.4526,100,100
10.4515,100,100
10.4503,100,100
10.4492,100,100
10.4481,100,100
10.4469,100,100
10.4458,100,100
10.4447,100,100
10.4436,100,100
10.4424,100,100
10.4413,100,100
10.4402,100,100
10.439,100,100
10.4379,100,100
10.4368,100,100
10.4356,100,100
10.4345,100,100
10.4334,100,100
10.4322,100,100
10.4311,100,100
10.43,100,100
10.4288,100,100
10.4277,100,100
10.4266,100,100
10.4255,100,100
10.4243,100,100
10.4232,100,100
10.4221,100,100
10.4209,100,100
10.4198,100,100
10.4187,100,100
10.4175,100,100
10.4164,100,100
10.4153,100,100
10.4141,100,100
10.413,100,100
10.4119,100,100
10.4107,100,100
10.4096,100,100
10.4085,100,100
10.4073,100,100
10.4062,100,100
10.4051,100,100
10.404,100,100
10.4028,100,100
10.4017,100,100
10.4006,100,100
10.3994,100,100
10.3983,100,100
10.3972,100,100
10.396,100,100
10.3949,100,100
10.3938,100,100
10.3926,100,100
10.3915,100,100
10.3904,100,100
10.3892,100,100
10.3881,100,100
10.387,100,100
10.3859,100,100
10.3847,100,100
10.3836,100,100
10.3825,100,100
10.3813,100,100
10.3802,100,100
10.3791,100,100
10.3779,100,100
10.3768,100,100
10.3757,100,100
10.3745,100,100
10.3734,100,100
10.3723,100,100
10.3711,100,100
10.37,100,100
10.3689,100,100
10.3677,100,100
10.3666,100,100
10.3655,100,100
10.3644,100,100
10.3632,100,100
10.3621,100,100
10.361,100,100
10.3598,100,100
10.3587,100,100
10.3576,100,100
10.3564,100,100
10.3553,100,100
10.3542,100,100
10.353,100,100
10.3519,100,100
10.3508,100,100
10.3496,100,100
10.3485,100,100
10.3474,100,100
10.3463,100,100
10.3451,100,100
10.344,100,100
10.3428,100,100
10.3417,100,100
10.3406,100,100
10.3394,100,100
10.3383,100,100
10.3371,100,100
10.336,100,100
10.3349,100,100
10.3337,100,100
10.3326,100,100
10.3315,100,100
10.3303,100,100
10.3292,100,100
10.328,100,100
10.3269,100,100
10.3258,100,100
10.3246,100,100
10.3235,100,100
10.3223,100,100
10.3212,100,100
10.3201,100,100
10.3189,100,100
10.3178,100,100
10.3166,100,100
10.3155,100,100
10.3144,100,100
10.3132,100,100
10.3121,100,100
10.3109,100,100
10.3098,100,100
10.3087,100,100
10.3075,100,100
10.3064,100,100
10.3052,100,100
10.3041,100,100
10.303,100,100
10.3018,100,100
10.3007,100,100
10.2995,100,100
10.2984,100,100
10.2973,100,100
10.2961,100,100
10.295,100,100
10.2938,100,100
10.2927,100,100
10.2916,100,100
10.2904,100,100
10.2893,100,100
10.2881,100,100
10.287,100,100
10.2859,100,100
10.2847,100,100
10.2836,100,100
10.2824,100,100
10.2813,100,100
10.2802,100,100
10.279,100,100
10.2779,100,100
10.2767,100,100
10.2756,100,100
10.2745,100,100
10.2733,100,100
10.2722,100,100
10.271,100,100
10.2699,100,100
10.2688,100,100
10.2676,100,100
10.2665,100,100
10.2653,100,100
10.2642,100,100
10.2631,100,100
10.2619,100,100
10.2608,100,100
10.2596,100,100
10.2585,100,100
10.2574,100,100
10.2562,100,100
10.2551,100,100
10.2539,100,100
10.2528,100,100
10.2517,100,100
10.2505,100,100
10.2494,100,100
10.2482,100,100
10.2471,100,100
10.246,100,100
10.2448,100,100
10.2437,100,100
10.2425,100,100
10.2414,100,100
10.2403,100,100
10.2391,100,100
10.238,100,100
10.2368,100,100
10.2357,100,100
10.2346,100,100
10.2334,100,100
10.2323,100,100
10.2311,100,100
10.23,100,100
10.2289,100,100
10.2277,100,100
10.2266,100,100
10.2254,100,100
10.2243,100,100
10.2231,100,100
10.222,100,100
10.2208,100,100
10.2197,100,100
10.2185,100,100
10.2174,100,100
10.2162,100,100
10.2151,100,100
10.214,100,100
10.2128,100,100
10.2117,100,100
10.2105,100,100
10.2094,100,100
10.2082,100,100
10.2071,100,100
10.2059,100,100
10.2048,100,100
10.2036,100,100
10.2025,100,100
10.2014,100,100
10.2002,100,100
10.1991,100,100
10.1979,100,100
10.1968,100,100
10.1956,100,100
10.1945,100,100
10.1933,100,100
10.1922,100,100
10.191,100,100
10.1899,100,100
10.1888,100,100
10.1876,100,100
10.1865,100,100
10.1853,100,100
10.1842,100,100
10.183,100,100
10.1819,100,100
10.1807,100,100
10.1796,100,100
10.1784,100,100
10.1773,100,100
10.1762,100,100
10.175,100,100
10.1739,100,100
10.1727,100,100
10.1716,100,100
10.1704,100,100
10.1693,100,100
10.1681,100,100
10.167,100,100
10.1658,100,100
10.1647,100,100
10.1636,100,100
10.1624,100,100
10.1613,100,100
10.1601,100,100
10.159,100,100
10.1578,100,100
10.1567,100,100
10.1555,100,100
10.1544,100,100
10.1532,100,100
10.1521,100,100
10.1509,100,100
10.1498,100,100
10.1487,100,100
10.1475,100,100
10.1464,100,100
10.1452,100,100
10.1441,100,100
10.1429,100,100
10.1418,100,100
10.1406,100,100
10.1395,100,100
10.1383,100,100
10.1372,100,100
10.1361,100,100
10.1349,100,100
10.1338,100,100
10.1326,100,100
10.1315,100,100
10.1303,100,100
10.1292,100,100
10.128,100,100
10.1269,100,100
10.1257,100,100
10.1246,100,100
10.1235,100,100
10.1223,100,100
10.1212,100,100
10.12,100,100
10.1189,100,100
10.1177,100,100
10.1166,100,100
10.1154,100,100
10.1143,100,100
10.1131,100,100
10.112,100,100
10.1108,100,100
10.1097,100,100
10.1085,100,100
10.1074,100,100
10.1062,100,100
10.1051,100,100
10.1039,100,100
10.1028,100,100
10.1016,100,100
10.1005,100,100
10.0993,100,100
10.0981,100,100
10.097,100,100
10.0958,100,100
10.0947,100,100
10.0935,100,100
10.0924,100,100
10.0912,100,100
10.0901,100,100
10.0889,100,100
10.0878,100,100
10.0866,100,100
10.0855,100,100
10.0843,100,100
10.0832,100,100
10.082,100,100
10.0809,100,100
10.0797,100,100
10.0786,100,100
10.0774,100,100
10.0762,100,100
10.0751,100,100
10.0739,100,100
10.0728,100,100
10.0716,100,100
10.0705,100,100
10.0693,100,100
10.0682,100,100
10.067,100,100
10.0659,100,100
10.0647,100,100
10.0636,100,100
10.0624,100,100
10.0613,100,100
10.0601,100,100
10.059,100,100
10.0578,100,100
10.0567,100,100
10.0555,100,100
10.0543,100,100
10.0532,100,100
10.052,100,100
10.0509,100,100
10.0497,100,100
10.0486,100,100
10.0474,100,100
10.0463,100,100
10.0451,100,100
10.044,100,100
10.0428,100,100
10.0417,100,100
10.0405,100,100
10.0394,100,100
10.0382,100,100
10.0371,100,100
10.0359,100,100
10.0348,100,100
10.0336,100,100
10.0324,100,100
10.0313,100,100
10.0301,100,100
10.029,100,100
10.0278,100,100
10.0267,100,100
10.0255,100,100
10.0244,100,100
10.0232,100,100
10.0221,100,100
10.0209,100,100
10.0198,100,100
10.0186,100,100
10.0175,100,100
10.0163,100,100
10.0152,100,100
10.014,100,100
10.0129,100,100
10.0117,100,100
10.0106,100,100
10.0094,100,100
10.0082,100,100
10.0071,100,100
10.0059,100,100
10.0048,100,100
10.0036,100,100
10.0025,100,100
10.0013,100,100
10.0002,100,100
9.99902,100,100
9.99786,100,100
9.9967,100,100
9.99555,100,100
9.99439,100,100
9.99323,100,100
9.99207,100,100
9.99092,100,100
9.98976,100,100
9.9886,100,100
9.98744,100,100
9.98628,100,100
9.98513,100,100
9.98397,100,100
9.98281,100,100
9.98165,100,100
9.98049,100,100
9.97934,100,100
9.97818,100,100
9.97702,100,100
9.97586,100,100
9.97471,100,100
9.97355,100,100
9.97239,100,100
9.97123,100,100
9.97007,100,100
9.96892,100,100
9.96776,100,100
9.9666,100,100
9.96544,100,100
9.96428,100,100
9.96313,100,100
9.96197,100,100
9.96081,100,100
9.95965,100,100
9.9585,100,100
9.95734,100,100
9.95618,100,100
9.95502,100,100
9.95386,100,100
9.95271,100,100
9.95155,100,100
9.95039,100,100
9.94923,100,100
9.94808,100,100
9.94692,100,100
9.94576,100,100
9.9446,100,100
9.94344,100,100
9.94229,100,100
9.94113,100,100
9.93997,100,100
9.93881,100,100
9.93765,100,100
9.9365,100,100
9.93534,100,100
9.93418,100,100
9.93302,100,100
9.93187,100,100
9.93071,100,100
9.92955,100,100
9.92839,100,100
9.92723,100,100
9.92608,100,100
9.92492,100,100
9.92376,100,100
9.9226,100,100
9.92144,100,100
9.92029,100,100
9.91913,100,100
9.91797,100,100
9.91681,100,100
9.91566,100,100
9.9145,100,100
9.91334,100,100
9.91218,100,100
9.91102,100,100
9.90987,100,100
9.90871,100,100
9.90755,100,100
9.90639,100,100
9.90523,100,100
9.90408,100,100
9.90292,100,100
9.90176,100,100
9.9006,100,100
9.89945,100,100
9.89829,100,100
9.89713,100,100
9.89597,100,100
9.89481,100,100
9.89366,100,100
9.8925,100,100
9.89134,100,100
9.89018,100,100
9.88902,100,100
9.88787,100,100
9.88671,100,100
9.88555,100,100
9.88439,100,100
9.88323,100,100
9.88207,100,100
9.88092,100,100
9.87976,100,100
9.8786,100,100
9.87744,100,100
9.87628,100,100
9.87512,100,100
9.87396,100,100
9.8728,100,100
9.87164,100,100
9.87048,100,100
9.86932,100,100
9.86816,100,100
9.867,100,100
9.86584,100,100
9.86468,100,100
9.86352,100,100
9.86236,100,100
9.8612,100,100
9.86004,100,100
9.85888,100,100
9.85772,100,100
9.85657,100,100
9.85541,100,100
9.85425,100,100
9.85309,100,100
9.85193,100,100
9.85077,100,100
9.84961,100,100
9.84845,100,100
9.84729,100,100
9.84613,100,100
9.84497,100,100
9.84381,100,100
9.84265,100,100
9.84149,100,100
9.84033,100,100
9.83917,100,100
9.83801,100,100
9.83685,100,100
9.83569,100,100
9.83453,100,100
9.83337,100,100
9.83222,100,100
9.83106,100,100
9.8299,100,100
9.82874,100,100
9.82758,100,100
9.82642,100,100
9.82526,100,100
9.8241,100,100
9.82294,100,100
9.82178,100,100
9.82062,100,100
9.81946,100,100
9.8183,100,100
9.81714,100,100
9.81598,100,100
9.81482,100,100
9.81366,100,100
9.8125,100,100
9.81134,100,100
9.81018,100,100
9.80903,100,100
9.80787,100,100
9.80671,100,100
9.80555,100,100
9.80439,100,100
9.80323,100,100
9.80207,100,100
9.80091,100,100
9.79975,100,100
9.79859,100,100
9.79743,100,100
9.79627,100,100
9.79511,100,100
9.79395,100,100
9.79279,100,100
9.79163,100,100
9.79047,100,100
9.78931,100,100
9.78815,100,100
9.78699,100,100
9.78583,100,100
9.78468,100,100
9.78352,100,100
9.78236,100,100
9.7812,100,100
9.78004,100,100
9.77888,100,100
9.77772,100,100
9.77656,100,100
9.7754,100,100
9.77424,100,100
9.77308,100,100
9.77192,100,100
9.77076,100,100
9.7696,100,100
9.76844,100,100
9.76728,100,100
9.76612,100,100
9.76496,100,100
9.7638,100,100
9.76263,100,100
9.76147,100,100
9.76031,100,100
9.75915,100,100
9.75799,100,100
9.75683,100,100
9.75567,100,100
9.7545,100,100
9.75334,100,100
9.75218,100,100
9.75102,100,100
9.74986,100,100
9.7487,100,100
9.74753,100,100
9.74637,100,100
9.74521,100,100
9.74405,100,100
9.74289,100,100
9.74173,100,100
9.74056,100,100
9.7394,100,100
9.73824,100,100
9.73708,100,100
9.73592,100,100
9.73476,100,100
9.7336,100,100
9.73243,100,100
9.73127,100,100
9.73011,100,100
9.72895,100,100
9.72779,100,100
9.72663,100,100
9.72546,100,100
9.7243,100,100
9.72314,100,100
9.72198,100,100
9.72082,100,100
9.71966,100,100
9.7185,100,100
9.71733,100,100
9.71617,100,100
9.71501,100,100
9.71385,100,100
9.71269,100,100
9.71153,100,100
9.71036,100,100
9.7092,100,100
9.70804,100,100
9.70688,100,100
9.70572,100,100
9.70456,100,100
9.70339,100,100
9.70223,100,100
9.70107,100,100
9.69991,100,100
9.69875,100,100
9.69759,100,100
9.69643,100,100
9.69526,100,100
9.6941,100,100
9.69294,100,100
9.69178,100,100
9.69062,100,100
9.68946,100,100
9.68829,100,100
9.68713,100,100
9.68597,100,100
9.68481,100,100
9.68365,100,100
9.68249,100,100
9.68132,100,100
9.68016,100,100
9.679,100,100
9.67784,100,100
9.67668,100,100
9.67552,100,100
9.67436,100,100
9.67319,100,100
9.67203,100,100
9.67087,100,100
9.66971,100,100
9.66855,100,100
9.66739,100,100
9.66622,100,100
9.66506,100,100
9.6639,100,100
9.66274,100,100
9.66158,100,100
9.66042,100,100
9.65926,100,100
9.65809,100,100
9.65693,100,100
9.65577,100,100
9.65461,100,100
9.65345,100,100
9.65229,100,100
9.65112,100,100
9.64996,100,100
9.64879,100,100
9.64763,100,100
9.64646,100,100
9.6453,100,100
9.64413,100,100
9.64297,100,100
9.6418,100,100
9.64064,100,100
9.63948,100,100
9.63831,100,100
9.63715,100,100
9.63598,100,100
9.63482,100,100
9.63365,100,100
9.63249,100,100
9.63132,100,100
9.63016,100,100
9.62899,100,100
9.62783,100,100
9.62666,100,100
9.6255,100,100
9.62433,100,100
9.62317,100,100
9.62201,100,100
9.62084,100,100
9.61968,100,100
9.61851,100,100
9.61735,100,100
9.61618,100,100
9.61502,100,100
9.61385,100,100
9.61269,100,100
9.61152,100,100
9.61036,100,100
9.60919,100,100
9.60803,100,100
9.60686,100,100
9.6057,100,100
9.60454,100,100
9.60337,100,100
9.60221,100,100
9.60104,100,100
9.59988,100,100
9.59871,100,100
9.59755,100,100
9.59638,100,100
9.59522,100,100
9.59405,100,100
9.59289,100,100
9.59172,100,100
9.59056,100,100
9.5894,100,100
9.58823,100,100
9.58707,100,100
9.5859,100,100
9.58474,100,100
9.58357,100,100
9.58241,100,100
9.58124,100,100
9.58008,100,100
9.57891,100,100
9.57775,100,100
9.57658,100,100
9.57542,100,100
9.57425,100,100
9.57309,100,100
9.57193,100,100
9.57076,100,100
9.5696,100,100
9.56843,100,100
9.56727,100,100
9.5661,100,100
9.56494,100,100
9.56377,100,100
9.56261,100,100
9.56144,100,100
9.56028,100,100
9.55911,100,100
9.55795,100,100
9.55678,100,100
9.55562,100,100
9.55446,100,100
9.55329,100,100
9.55213,100,100
9.55096,100,100
9.5498,100,100
9.54863,100,100
9.54747,100,100
9.5463,100,100
9.54514,100,100
9.54397,100,100
9.54281,100,100
9.54164,100,100
9.54048,100,100
9.53932,100,100
9.53815,100,100
9.53699,100,100
9.53582,100,100
9.53466,100,100
9.53349,100,100
9.53233,100,100
9.53116,100,100
9.53,100,100
9.52883,100,100
9.52767,100,100
9.5265,100,100
9.52534,100,100
9.52417,100,100
9.52301,100,100
9.52185,100,100
9.52068,100,100
9.51952,100,100
9.51835,100,100
9.51719,100,100
9.51602,100,100
9.51486,100,100
9.51369,100,100
9.51253,100,100
9.51136,100,100
9.5102,100,100
9.50903,100,100
9.50787,100,100
9.50671,100,100
9.50554,100,100
9.50438,100,100
9.50321,100,100
9.50205,100,100
9.50088,100,100
9.49972,100,100
9.49855,100,100
9.49739,100,100
9.49622,100,100
9.49506,100,100
9.49389,100,100
9.49273,100,100
9.49156,100,100
9.4904,100,100
9.48924,100,100
9.48807,100,100
9.48691,100,100
9.48574,100,100
9.48458,100,100
9.48341,100,100
9.48225,100,100
9.48108,100,100
9.47992,100,100
9.47875,100,100
9.47759,100,100
9.47642,100,100
9.47526,100,100
9.47409,100,100
9.47293,100,100
9.47177,100,100
9.4706,100,100
9.46944,100,100
9.46827,100,100
9.46711,100,100
9.46594,100,100
9.46478,100,100
9.46361,100,100
9.46245,100,100
9.46128,100,100
9.46012,100,100
9.45895,100,100
9.45779,100,100
9.45663,100,100
9.45546,100,100
9.4543,100,100
9.45313,100,100
9.45197,100,100
9.4508,100,100
9.44964,100,100
9.44847,100,100
9.44731,100,100
9.44614,100,100
9.44498,100,100
9.44381,100,100
9.44265,100,100
9.44148,100,100
9.44032,100,100
9.43916,100,100
9.43799,100,100
9.43683,100,100
9.43566,100,100
9.4345,100,100
9.43333,100,100
9.43217,100,100
9.431,100,100
9.42984,100,100
9.42867,100,100
9.42751,100,100
9.42634,100,100
9.42518,100,100
9.42401,100,100
9.42285,100,100
9.42169,100,100
9.42052,100,100
9.41936,100,100
9.41819,100,100
9.41703,100,100
9.41586,100,100
9.4147,100,100
9.41353,100,100
9.41237,100,100
9.4112,100,100
9.41004,100,100
9.40887,100,100
9.40771,100,100
9.40655,100,100
9.40538,100,100
9.40422,100,100
9.40305,100,100
9.40189,100,100
9.40072,100,100
9.39956,100,100
9.39839,100,100
9.39723,100,100
9.39606,100,100
9.3949,100,100
9.39373,100,100
9.39257,100,100
9.3914,100,100
9.39024,100,100
9.38908,100,100
9.38791,100,100
9.38675,100,100
9.38558,100,100
9.38442,100,100
9.38325,100,100
9.38209,100,100
9.38092,100,100
9.37976,100,100
9.37859,100,100
9.37743,100,100
9.37626,100,100
9.3751,100,100
9.37393,100,100
9.37277,100,100
9.37161,100,100
9.37044,100,100
9.36928,100,100
9.36811,100,100
9.36695,100,100
9.36578,100,100
9.36462,100,100
9.36345,100,100
9.36229,100,100
9.36112,100,100
9.35996,100,100
9.35879,100,100
9.35763,100,100
9.35647,100,100
9.3553,100,100
9.35414,100,100
9.35297,100,100
9.35181,100,100
9.35064,100,100
9.34948,100,100
9.34831,100,100
9.34715,100,100
9.34598,100,100
9.34482,100,100
9.34365,100,100
9.34249,100,100
9.34132,100,100
9.34016,100,100
9.339,100,100
9.33783,100,100
9.33667,100,100
9.3355,100,100
9.33434,100,100
9.33317,100,100
9.33201,100,100
9.33084,100,100
9.32968,100,100
9.32851,100,100
9.32735,100,100
9.32618,100,100
9.32502,100,100
9.32386,100,100
9.32269,100,100
9.32153,100,100
9.32036,100,100
9.3192,100,100
9.31803,100,100
9.31687,100,100
9.3157,100,100
9.31454,100,100
9.31337,100,100
9.31221,100,100
9.31104,100,100
9.30988,100,100
9.30871,100,100
9.30755,100,100
9.30639,100,100
9.30522,100,100
9.30406,100,100
9.30289,100,100
9.30173,100,100
9.30056,100,100
9.2994,100,100
9.29823,100,100
9.29707,100,100
9.2959,100,100
9.29474,100,100
9.29357,100,100
9.29241,100,100
9.29124,100,100
9.29008,100,100
9.28892,100,100
9.28775,100,100
9.28659,100,100
9.28542,100,100
9.28426,100,100
9.28309,100,100
9.28193,100,100
9.28076,100,100
9.2796,100,100
9.27843,100,100
9.27727,100,100
9.2761,100,100
9.27494,100,100
9.27378,100,100
9.27261,100,100
9.27145,100,100
9.27028,100,100
9.26912,100,100
9.26795,100,100
9.26679,100,100
9.26562,100,100
9.26446,100,100
9.26329,100,100
9.26213,100,100
9.26096,100,100
9.2598,100,100
9.25863,100,100
9.25747,100,100
9.25631,100,100
9.25514,100,100
9.25398,100,100
9.25281,100,100
9.25165,100,100
9.25048,100,100
9.24932,100,100
9.24815,100,100
9.24699,100,100
9.24582,100,100
9.24466,100,100
9.24349,100,100
9.24233,100,100
9.24116,100,100
9.24,100,100
9.23884,100,100
9.23767,100,100
9.23651,100,100
9.23534,100,100
9.23418,100,100
9.23301,100,100
9.23185,100,100
9.23068,100,100
9.22952,100,100
9.22835,100,100
9.22719,100,100
9.22602,100,100
9.22486,100,100
9.2237,100,100
9.22253,100,100
9.22137,100,100
9.2202,100,100
9.21904,100,100
9.21787,100,100
9.21671,100,100
9.21554,100,100
9.21438,100,100
9.21321,100,100
9.21205,100,100
9.21088,100,100
9.20972,100,100
9.20855,100,100
9.20739,100,100
9.20623,100,100
9.20506,100,100
9.2039,100,100
9.20273,100,100
9.20157,100,100
9.2004,100,100
9.19924,100,100
9.19807,100,100
9.19691,100,100
9.19574,100,100
9.19458,100,100
9.19341,100,100
9.19225,100,100
9.19108,100,100
9.18992,100,100
9.18876,100,100
9.18759,100,100
9.18643,100,100
9.18526,100,100
9.1841,100,100
9.18293,100,100
9.18177,100,100
9.1806,100,100
9.17944,100,100
9.17827,100,100
9.17711,100,100
9.17594,100,100
9.17478,100,100
9.17362,100,100
9.17245,100,100
9.17129,100,100
9.17012,100,100
9.16896,100,100
9.16779,100,100
9.16663,100,100
9.16546,100,100
9.1643,100,100
9.16313,100,100
9.16197,100,100
9.1608,100,100
9.15964,100,100
9.15847,100,100
9.15731,100,100
9.15615,100,100
9.15498,100,100
9.15382,100,100
9.15265,100,100
9.15149,100,100
9.15032,100,100
9.14916,100,100
9.14799,100,100
9.14683,100,100
9.14566,100,100
9.1445,100,100
9.14333,100,100
9.14217,100,100
9.14101,100,100
9.13984,100,100
9.13868,100,100
9.13751,100,100
9.13635,100,100
9.13518,100,100
9.13402,100,100
9.13285,100,100
9.13169,100,100
9.13052,100,100
9.12936,100,100
9.12819,100,100
9.12703,100,100
9.12586,100,100
9.1247,100,100
9.12354,100,100
9.12237,100,100
9.12121,100,100
9.12004,100,100
9.11888,100,100
9.11771,100,100
9.11655,100,100
9.11538,100,100
9.11422,100,100
9.11305,100,100
9.11189,100,100
9.11072,100,100
9.10956,100,100
9.10839,100,100
9.10723,100,100
9.10607,100,100
9.1049,100,100
9.10374,100,100
9.10257,100,100
9.10141,100,100
9.10024,100,100
9.09908,100,100
9.09791,100,100
9.09675,100,100
9.09558,100,100
9.09442,100,100
9.09325,100,100
9.09209,100,100
9.09093,100,100
9.08976,100,100
9.0886,100,100
9.08743,100,100
9.08627,100,100
9.0851,100,100
9.08394,100,100
9.08277,100,100
9.08161,100,100
9.08044,100,100
9.07928,100,100
9.07811,100,100
9.07695,100,100
9.07578,100,100
9.07462,100,100
9.07346,100,100
9.07229,100,100
9.07113,100,100
9.06996,100,100
9.0688,100,100
9.06763,100,100
9.06647,100,100
9.0653,100,100
9.06414,100,100
9.06297,100,100
9.06181,100,100
9.06064,100,100
9.05948,100,100
9.05831,100,100
9.05715,100,100
9.05599,100,100
9.05482,100,100
9.05366,100,100
9.05249,100,100
9.05133,100,100
9.05016,100,100
9.049,100,100
9.04783,100,100
9.04667,100,100
9.0455,100,100
9.04434,100,100
9.04317,100,100
9.04201,100,100
9.04085,100,100
9.03968,100,100
9.03852,100,100
9.03735,100,100
9.03619,100,100
9.03502,100,100
9.03386,100,100
9.03269,100,100
9.03153,100,100
9.03036,100,100
9.0292,100,100
9.02803,100,100
9.02687,100,100
9.0257,100,100
9.02454,100,100
9.02338,100,100
9.02221,100,100
9.02105,100,100
9.01988,100,100
9.01872,100,100
9.01755,100,100
9.01639,100,100
9.01522,100,100
9.01406,100,100
9.01289,100,100
9.01173,100,100
9.01056,100,100
9.0094,100,100
9.00823,100,100
9.00707,100,100
9.00591,100,100
9.00474,100,100
9.00358,100,100
9.00241,100,100
9.00125,100,100
9.00008,100,100
8.99892,100,100
8.99775,100,100
8.99659,100,100
8.99542,100,100
8.99426,100,100
8.99309,100,100
8.99193,100,100
8.99077,100,100
8.9896,100,100
8.98844,100,100
8.98727,100,100
8.98611,100,100
8.98494,100,100
8.98378,100,100
8.98261,100,100
8.98145,100,100
8.98028,100,100
8.97912,100,100
8.97795,100,100
8.97679,100,100
8.97562,100,100
8.97446,100,100
8.9733,100,100
8.97213,100,100
8.97097,100,100
8.9698,100,100
8.96864,100,100
8.96747,100,100
8.96631,100,100
8.96514,100,100
8.96398,100,100
8.96281,100,100
8.96165,100,100
8.96048,100,100
8.95932,100,100
8.95816,100,100
8.95699,100,100
8.95583,100,100
8.95466,100,100
8.9535,100,100
8.95233,100,100
8.95117,100,100
8.95,100,100
8.94884,100,100
8.94767,100,100
8.94651,100,100
8.94534,100,100
8.94418,100,100
8.94301,100,100
8.94185,100,100
8.94069,100,100
8.93952,100,100
8.93836,100,100
8.93719,100,100
8.93603,100,100
8.93486,100,100
8.9337,100,100
8.93253,100,100
8.93137,100,100
8.9302,100,100
8.92904,100,100
8.92787,100,100
8.92671,100,100
8.92554,100,100
8.92438,100,100
8.92322,100,100
8.92205,100,100
8.92089,100,100
8.91972,100,100
8.91856,100,100
8.91739,100,100
8.91623,100,100
8.91506,100,100
8.9139,100,100
8.91273,100,100
8.91157,100,100
8.9104,100,100
8.90924,100,100
8.90808,100,100
8.90691,100,100
8.90575,100,100
8.90458,100,100
8.90342,100,100
8.90225,100,100
8.90109,100,100
8.89992,100,100
8.89876,100,100
8.89759,100,100
8.89643,100,100
8.89526,100,100
8.8941,100,100
8.89293,100,100
8.89177,100,100
8.89061,100,100
8.88944,100,100
8.88828,100,100
8.88711,100,100
8.88595,100,100
8.88478,100,100
8.88362,100,100
8.88245,100,100
8.88129,100,100
8.88012,100,100
8.87896,100,100
8.87779,100,100
8.87663,100,100
8.87546,100,100
8.8743,100,100
8.87314,100,100
8.87197,100,100
8.87081,100,100
8.86964,100,100
8.86848,100,100
8.86731,100,100
8.86615,100,100
8.86498,100,100
8.86382,100,100
8.86265,100,100
8.86149,100,100
8.86032,100,100
8.85916,100,100
8.858,100,100
8.85683,100,100
8.85567,100,100
8.8545,100,100
8.85334,100,100
8.85217,100,100
8.85101,100,100
8.84984,100,100
8.84868,100,100
8.84751,100,100
8.84635,100,100
8.84518,100,100
8.84402,100,100
8.84285,100,100
8.84169,100,100
8.84053,100,100
8.83936,100,100
8.8382,100,100
8.83703,100,100
8.83587,100,100
8.8347,100,100
8.83354,100,100
8.83237,100,100
8.83121,100,100
8.83004,100,100
8.82888,100,100
8.82771,100,100
8.82655,100,100
8.82538,100,100
8.82422,100,100
8.82306,100,100
8.82189,100,100
8.82073,100,100
8.81956,100,100
8.8184,100,100
8.81723,100,100
8.81607,100,100
8.8149,100,100
8.81374,100,100
8.81257,100,100
8.81141,100,100
8.81024,100,100
8.80908,100,100
8.80792,100,100
8.80675,100,100
8.80559,100,100
8.80442,100,100
8.80326,100,100
8.80209,100,100
8.80093,100,100
8.79976,100,100
8.7986,100,100
8.79743,100,100
8.79627,100,100
8.7951,100,100
8.79394,100,100
8.79277,100,100
8.79161,100,100
8.79045,100,100
8.78928,100,100
8.78812,100,100
8.78695,100,100
8.78579,100,100
8.78462,100,100
8.78346,100,100
8.78229,100,100
8.78113,100,100
8.77996,100,100
8.7788,100,100
8.77763,100,100
8.77647,100,100
8.77531,100,100
8.77414,100,100
8.77298,100,100
8.77181,100,100
8.77065,100,100
8.76948,100,100
8.76832,100,100
8.76715,100,100
8.76599,100,100
8.76482,100,100
8.76366,100,100
8.76249,100,100
8.76133,100,100
8.76016,100,100
8.759,100,100
8.75784,100,100
8.75667,100,100
8.75551,100,100
8.75434,100,100
8.75318,100,100
8.75201,100,100
8.75085,100,100
8.74968,100,100
8.74852,100,100
8.74735,100,100
8.74619,100,100
8.74502,100,100
8.74386,100,100
8.74269,100,100
8.74153,100,100
8.74037,100,100
8.7392,100,100
8.73804,100,100
8.73687,100,100
8.73571,100,100
8.73454,100,100
8.73338,100,100
8.73221,100,100
8.73105,100,100
8.72988,100,100
8.72872,100,100
8.72755,100,100
8.72639,100,100
8.72523,100,100
8.72406,100,100
8.7229,100,100
8.72173,100,100
8.72057,100,100
8.7194,100,100
8.71824,100,100
8.71707,100,100
8.71591,100,100
8.71474,100,100
8.71358,100,100
8.71241,100,100
8.71125,100,100
8.71008,100,100
8.70892,100,100
8.70776,100,100
8.70659,100,100
8.70543,100,100
8.70426,100,100
8.7031,100,100
8.70193,100,100
8.70077,100,100
8.6996,100,100
8.69844,100,100
8.69727,100,100
8.69611,100,100
8.69494,100,100
8.69378,100,100
8.69261,100,100
8.69145,100,100
8.69029,100,100
8.68912,100,100
8.68796,100,100
8.68679,100,100
8.68563,100,100
8.68446,100,100
8.6833,100,100
8.68213,100,100
8.68097,100,100
8.6798,100,100
8.67864,100,100
8.67747,100,100
8.67631,100,100
8.67515,100,100
8.67398,100,100
8.67282,100,100
8.67165,100,100
8.67049,100,100
8.66932,100,100
8.66816,100,100
8.66699,100,100
8.66583,100,100
8.66466,100,100
8.6635,100,100
8.66233,100,100
8.66117,100,100
8.66,100,100
8.65884,100,100
8.65768,100,100
8.65651,100,100
8.65535,100,100
8.65418,100,100
8.65302,100,100
8.65185,100,100
8.65069,100,100
8.64952,100,100
8.64836,100,100
8.64719,100,100
8.64603,100,100
8.64486,100,100
8.6437,100,100
8.64254,100,100
8.64137,100,100
8.64021,100,100
8.63904,100,100
8.63788,100,100
8.63671,100,100
8.63555,100,100
8.63438,100,100
8.63322,100,100
8.63205,100,100
8.63089,100,100
8.62972,100,100
8.62856,100,100
8.62739,100,100
8.62623,100,100
8.62507,100,100
8.6239,100,100
8.62274,100,100
8.62157,100,100
8.62041,100,100
8.61924,100,100
8.61808,100,100
8.61691,100,100
8.61575,100,100
8.61458,100,100
8.61342,100,100
8.61225,100,100
8.61109,100,100
8.60992,100,100
8.60876,100,100
8.6076,100,100
8.60643,100,100
8.60527,100,100
8.6041,100,100
8.60294,100,100
8.60177,100,100
8.60061,100,100
8.59944,100,100
8.59828,100,100
8.59711,100,100
8.59595,100,100
8.59478,100,100
8.59362,100,100
8.59246,100,100
8.59129,100,100
8.59013,100,100
8.58896,100,100
8.5878,100,100
8.58663,100,100
8.58547,100,100
8.5843,100,100
8.58314,100,100
8.58197,100,100
8.58081,100,100
8.57964,100,100
8.57848,100,100
8.57731,100,100
8.57615,100,100
8.57499,100,100
8.57382,100,100
8.57266,100,100
8.57149,100,100
8.57033,100,100
8.56916,100,100
8.568,100,100
8.56683,100,100
8.56567,100,100
8.5645,100,100
8.56334,100,100
8.56217,100,100
8.56101,100,100
8.55984,100,100
8.55868,100,100
8.55752,100,100
8.55635,100,100
8.55519,100,100
8.55402,100,100
8.55286,100,100
8.55169,100,100
8.55053,100,100
8.54936,100,100
8.5482,100,100
8.54703,100,100
8.54587,100,100
8.5447,100,100
8.54354,100,100
8.54238,100,100
8.54121,100,100
8.54005,100,100
8.53888,100,100
8.53772,100,100
8.53655,100,100
8.53539,100,100
8.53422,100,100
8.53306,100,100
8.53189,100,100
8.53073,100,100
8.52956,100,100
8.5284,100,100
8.52723,100,100
8.52607,100,100
8.52491,100,100
8.52374,100,100
8.52258,100,100
8.52141,100,100
8.52025,100,100
8.51908,100,100
8.51792,100,100
8.51675,100,100
8.51559,100,100
8.51442,100,100
8.51326,100,100
8.51209,100,100
8.51093,100,100
8.50976,100,100
8.5086,100,100
8.50744,100,100
8.50627,100,100
8.50511,100,100
8.50394,100,100
8.50278,100,100
8.50161,100,100
8.50045,100,100
8.49928,100,100
8.49812,100,100
8.49695,100,100
8.49579,100,100
8.49462,100,100
8.49346,100,100
8.4923,100,100
8.49113,100,100
8.48997,100,100
8.4888,100,100
8.48764,100,100
8.48647,100,100
8.4853,100,100
8.48413,100,100
8.48296,100,100
8.48179,100,100
8.48063,100,100
8.47946,100,100
8.47829,100,100
8.47712,100,100
8.47595,100,100
8.47478,100,100
8.47361,100,100
8.47244,100,100
8.47128,100,100
8.47011,100,100
8.46894,100,100
8.46777,100,100
8.4666,100,100
8.46543,100,100
8.46426,100,100
8.46309,100,100
8.46193,100,100
8.46076,100,100
8.45959,100,100
8.45842,100,100
8.45725,100,100
8.45608,100,100
8.45491,100,100
8.45375,100,100
8.45258,100,100
8.45141,100,100
8.45024,100,100
8.44907,100,100
8.4479,100,100
8.44673,100,100
8.44556,100,100
8.4444,100,100
8.44323,100,100
8.44206,100,100
8.44089,100,100
8.43972,100,100
8.43855,100,100
8.43738,100,100
8.43621,100,100
8.43505,100,100
8.43388,100,100
8.43271,100,100
8.43154,100,100
8.43037,100,100
8.4292,100,100
8.42803,100,100
8.42687,100,100
8.4257,100,100
8.42453,100,100
8.42336,100,100
8.42219,100,100
8.42102,100,100
8.41985,100,100
8.41868,100,100
8.41752,100,100
8.41635,100,100
8.41518,100,100
8.41401,100,100
8.41284,100,100
8.41167,100,100
8.4105,100,100
8.40933,100,100
8.40817,100,100
8.407,100,100
8.40583,100,100
8.40466,100,100
8.40349,100,100
8.40232,100,100
8.40115,100,100
8.39999,100,100
8.39882,100,100
8.39765,100,100
8.39648,100,100
8.39531,100,100
8.39414,100,100
8.39297,100,100
8.3918,100,100
8.39064,100,100
8.38947,100,100
8.3883,100,100
8.38713,100,100
8.38596,100,100
8.38479,100,100
8.38362,100,100
8.38245,100,100
8.38129,100,100
8.38012,100,100
8.37895,100,100
8.37778,100,100
8.37661,100,100
8.37544,100,100
8.37427,100,100
8.37311,100,100
8.37194,100,100
8.37077,100,100
8.3696,100,100
8.36843,100,100
8.36726,100,100
8.36609,100,100
8.36492,100,100
8.36374,100,100
8.36257,100,100
8.3614,100,100
8.36023,100,100
8.35906,100,100
8.35789,100,100
8.35672,100,100
8.35555,100,100
8.35438,100,100
8.35321,100,100
8.35204,100,100
8.35087,100,100
8.3497,100,100
8.34853,100,100
8.34736,100,100
8.34619,100,100
8.34501,100,100
8.34384,100,100
8.34267,100,100
8.3415,100,100
8.34033,100,100
8.33916,100,100
8.33799,100,100
8.33682,100,100
8.33565,100,100
8.33448,100,100
8.33331,100,100
8.33214,100,100
8.33097,100,100
8.3298,100,100
8.32863,100,100
8.32746,100,100
8.32628,100,100
8.32511,100,100
8.32394,100,100
8.32277,100,100
8.3216,100,100
8.32043,100,100
8.31926,100,100
8.31809,100,100
8.31692,100,100
8.31575,100,100
8.31458,100,100
8.31341,100,100
8.31224,100,100
8.31107,100,100
8.3099,100,100
8.30873,100,100
8.30756,100,100
8.30638,100,100
8.30521,100,100
8.30404,100,100
8.30287,100,100
8.3017,100,100
8.30053,100,100
8.29936,100,100
8.29819,100,100
8.29702,100,100
8.29585,100,100
8.29468,100,100
8.29351,100,100
8.29234,100,100
8.29117,100,100
8.29,100,100
8.28883,100,100
8.28765,100,100
8.28648,100,100
8.28531,100,100
8.28414,100,100
8.28297,100,100
8.2818,100,100
8.28063,100,100
8.27946,100,100
8.27829,100,100
8.27712,100,100
8.27595,100,100
8.27478,100,100
8.27361,100,100
8.27244,100,100
8.27127,100,100
8.2701,100,100
8.26892,100,100
8.26775,100,100
8.26658,100,100
8.26541,100,100
8.26424,100,100
8.26307,100,100
8.2619,100,100
8.26073,100,100
8.25956,100,100
8.25839,100,100
8.25722,100,100
8.25605,100,100
8.25488,100,100
8.25371,100,100
8.25253,100,100
8.25136,100,100
8.25018,100,100
8.24901,100,100
8.24783,100,100
8.24666,100,100
8.24548,100,100
8.24431,100,100
8.24313,100,100
8.24196,100,100
8.24078,100,100
8.23961,100,100
8.23843,100,100
8.23726,100,100
8.23608,100,100
8.23491,100,100
8.23373,100,100
8.23256,100,100
8.23138,100,100
8.23021,100,100
8.22903,100,100
8.22786,100,100
8.22668,100,100
8.22551,100,100
8.22433,100,100
8.22316,100,100
8.22198,100,100
8.22081,100,100
8.21963,100,100
8.21846,100,100
8.21728,100,100
8.21611,100,100
8.21493,100,100
8.21376,100,100
8.21258,100,100
8.21141,100,100
8.21023,100,100
8.20906,100,100
8.20788,100,100
8.20671,100,100
8.20553,100,100
8.20436,100,100
8.20318,100,100
8.202,100,100
8.20083,100,100
8.19965,100,100
8.19848,100,100
8.1973,100,100
8.19613,100,100
8.19495,100,100
8.19378,100,100
8.1926,100,100
8.19143,100,100
8.19025,100,100
8.18908,100,100
8.1879,100,100
8.18673,100,100
8.18555,100,100
8.18438,100,100
8.1832,100,100
8.18203,100,100
8.18085,100,100
8.17968,100,100
8.1785,100,100
8.17733,100,100
8.17615,100,100
8.17498,100,100
8.1738,100,100
8.17263,100,100
8.17145,100,100
8.17028,100,100
8.1691,100,100
8.16793,100,100
8.16675,100,100
8.16558,100,100
8.1644,100,100
8.16323,100,100
8.16205,100,100
8.16088,100,100
8.1597,100,100
8.15853,100,100
8.15735,100,100
8.15618,100,100
8.155,100,100
8.15383,100,100
8.15265,100,100
8.15148,100,100
8.1503,100,100
8.14913,100,100
8.14795,100,100
8.14678,100,100
8.1456,100,100
8.14443,100,100
8.14325,100,100
8.14208,100,100
8.1409,100,100
8.13973,100,100
8.13855,100,100
8.13738,100,100
8.1362,100,100
8.13503,100,100
8.13386,100,100
8.13268,100,100
8.13151,100,100
8.13034,100,100
8.12917,100,100
8.12799,100,100
8.12682,100,100
8.12565,100,100
8.12448,100,100
8.1233,100,100
8.12213,100,100
8.12096,100,100
8.11978,100,100
8.11861,100,100
8.11744,100,100
8.11627,100,100
8.11509,100,100
8.11392,100,100
8.11275,100,100
8.11158,100,100
8.1104,100,100
8.10923,100,100
8.10806,100,100
8.10689,100,100
8.10571,100,100
8.10454,100,100
8.10337,100,100
8.1022,100,100
8.10102,100,100
8.09985,100,100
8.09868,100,100
8.0975,100,100
8.09633,100,100
8.09516,100,100
8.09399,100,100
8.09281,100,100
8.09164,100,100
8.09047,100,100
8.0893,100,100
8.08812,100,100
8.08695,100,100
8.08578,100,100
8.08461,100,100
8.08343,100,100
8.08226,100,100
8.08109,100,100
8.07992,100,100
8.07874,100,100
8.07757,100,100
8.0764,100,100
8.07523,100,100
8.07405,100,100
8.07288,100,100
8.07171,100,100
8.07053,100,100
8.06936,100,100
8.06819,100,100
8.06702,100,100
8.06584,100,100
8.06467,100,100
8.0635,100,100
8.06233,100,100
8.06115,100,100
8.05998,100,100
8.05881,100,100
8.05764,100,100
8.05646,100,100
8.05529,100,100
8.05412,100,100
8.05295,100,100
8.05177,100,100
8.0506,100,100
8.04943,100,100
8.04825,100,100
8.04708,100,100
8.04591,100,100
8.04474,100,100
8.04356,100,100
8.04239,100,100
8.04122,100,100
8.04005,100,100
8.03887,100,100
8.0377,100,100
8.03653,100,100
8.03536,100,100
8.03418,100,100
8.03301,100,100
8.03184,100,100
8.03067,100,100
8.02949,100,100
8.02832,100,100
8.02715,100,100
8.02598,100,100
8.0248,100,100
8.02363,100,100
8.02246,100,100
8.02128,100,100
8.02011,100,100
8.01894,100,100
8.01777,100,100
8.0166,100,100
8.01543,100,100
8.01426,100,100
8.01309,100,100
8.01192,100,100
8.01075,100,100
8.00958,100,100
8.0084,100,100
8.00723,100,100
8.00606,100,100
8.00489,100,100
8.00372,100,100
8.00255,100,100
8.00138,100,100
8.00021,100,100
7.99904,100,100
7.99787,100,100
7.9967,100,100
7.99553,100,100
7.99436,100,100
7.99319,100,100
7.99202,100,100
7.99085,100,100
7.98968,100,100
7.98851,100,100
7.98734,100,100
7.98616,100,100
7.98499,100,100
7.98382,100,100
7.98265,100,100
7.98148,100,100
7.98031,100,100
7.97914,100,100
7.97797,100,100
7.9768,100,100
7.97563,100,100
7.97446,100,100
7.97329,100,100
7.97212,100,100
7.97095,100,100
7.96978,100,100
7.96861,100,100
7.96744,100,100
7.96627,100,100
7.9651,100,100
7.96393,100,100
7.96275,100,100
7.96158,100,100
7.96041,100,100
7.95924,100,100
7.95807,100,100
7.9569,100,100
7.95573,100,100
7.95456,100,100
7.95339,100,100
7.95222,100,100
7.95105,100,100
7.94988,100,100
7.94871,100,100
7.94754,100,100
7.94637,100,100
7.9452,100,100
7.94403,100,100
7.94286,100,100
7.94169,100,100
7.94052,100,100
7.93934,100,100
7.93817,100,100
7.937,100,100
7.93583,100,100
7.93466,100,100
7.93349,100,100
7.93232,100,100
7.93115,100,100
7.92998,100,100
7.92881,100,100
7.92764,100,100
7.92647,100,100
7.9253,100,100
7.92413,100,100
7.92296,100,100
7.92179,100,100
7.92062,100,100
7.91945,100,100
7.91828,100,100
7.91711,100,100
7.91593,100,100
7.91476,100,100
7.91359,100,100
7.91242,100,100
7.91125,100,100
7.91008,100,100
7.90891,100,100
7.90774,100,100
7.90657,100,100
7.9054,100,100
7.90423,100,100
7.90306,100,100
7.90189,100,100
7.90071,100,100
7.89954,100,100
7.89836,100,100
7.89719,100,100
7.89601,100,100
7.89484,100,100
7.89366,100,100
7.89249,100,100
7.89131,100,100
7.89014,100,100
7.88896,100,100
7.88779,100,100
7.88661,100,100
7.88544,100,100
7.88427,100,100
7.88309,100,100
7.88192,100,100
7.88074,100,100
7.87957,100,100
7.87839,100,100
7.87722,100,100
7.87604,100,100
7.87487,100,100
7.87369,100,100
7.87252,100,100
7.87134,100,100
7.87017,100,100
7.86899,100,100
7.86782,100,100
7.86664,100,100
7.86547,100,100
7.86429,100,100
7.86312,100,100
7.86194,100,100
7.86077,100,100
7.85959,100,100
7.85842,100,100
7.85724,100,100
7.85607,100,100
7.85489,100,100
7.85372,100,100
7.85254,100,100
7.85137,100,100
7.85019,100,100
7.84902,100,100
7.84784,100,100
7.84667,100,100
7.84549,100,100
7.84432,100,100
7.84314,100,100
7.84197,100,100
7.84079,100,100
7.83962,100,100
7.83844,100,100
7.83727,100,100
7.83609,100,100
7.83492,100,100
7.83374,100,100
7.83257,100,100
7.83139,100,100
7.83022,100,100
7.82904,100,100
7.82787,100,100
7.82669,100,100
7.82552,100,100
7.82434,100,100
7.82317,100,100
7.82199,100,100
7.82082,100,100
7.81964,100,100
7.81847,100,100
7.81729,100,100
7.81612,100,100
7.81494,100,100
7.81377,100,100
7.81259,100,100
7.81142,100,100
7.81024,100,100
7.80907,100,100
7.80789,100,100
7.80672,100,100
7.80554,100,100
7.80437,100,100
7.80319,100,100
7.80202,100,100
7.80084,100,100
7.79967,100,100
7.79849,100,100
7.79732,100,100
7.79614,100,100
7.79497,100,100
7.79379,100,100
7.79262,100,100
7.79144,100,100
7.79027,100,100
7.78909,100,100
7.78792,100,100
7.78674,100,100
7.78557,100,100
7.78439,100,100
7.78322,100,100
7.78205,100,100
7.78087,100,100
7.7797,100,100
7.77853,100,100
7.77735,100,100
7.77618,100,100
7.77501,100,100
7.77383,100,100
7.77266,100,100
7.77148,100,100
7.77031,100,100
7.76914,100,100
7.76796,100,100
7.76679,100,100
7.76562,100,100
7.76444,100,100
7.76327,100,100
7.7621,100,100
7.76092,100,100
7.75975,100,100
7.75857,100,100
7.7574,100,100
7.75623,100,100
7.75505,100,100
7.75388,100,100
7.75271,100,100
7.75153,100,100
7.75036,100,100
7.74919,100,100
7.74801,100,100
7.74684,100,100
7.74567,100,100
7.74449,100,100
7.74332,100,100
7.74214,100,100
7.74097,100,100
7.7398,100,100
7.73862,100,100
7.73745,100,100
7.73628,100,100
7.7351,100,100
7.73393,100,100
7.73276,100,100
7.73158,100,100
7.73041,100,100
7.72923,100,100
7.72806,100,100
7.72689,100,100
7.72571,100,100
7.72454,100,100
7.72337,100,100
7.72219,100,100
7.72102,100,100
7.71985,100,100
7.71867,100,100
7.7175,100,100
7.71632,100,100
7.71515,100,100
7.71398,100,100
7.7128,100,100
7.71163,100,100
7.71046,100,100
7.70928,100,100
7.70811,100,100
7.70694,100,100
7.70576,100,100
7.70459,100,100
7.70342,100,100
7.70224,100,100
7.70107,100,100
7.69989,100,100
7.69872,100,100
7.69755,100,100
7.69637,100,100
7.6952,100,100
7.69403,100,100
7.69285,100,100
7.69168,100,100
7.69051,100,100
7.68933,100,100
7.68816,100,100
7.68698,100,100
7.68581,100,100
7.68464,100,100
7.68346,100,100
7.68229,100,100
7.68112,100,100
7.67994,100,100
7.67877,100,100
7.6776,100,100
7.67642,100,100
7.67525,100,100
7.67407,100,100
7.6729,100,100
7.67173,100,100
7.67055,100,100
7.66938,100,100
7.66821,100,100
7.66703,100,100
7.66586,100,100
7.66469,100,100
7.66352,100,100
7.66235,100,100
7.66118,100,100
7.66001,100,100
7.65883,100,100
7.65766,100,100
7.65649,100,100
7.65532,100,100
7.65415,100,100
7.65298,100,100
7.65181,100,100
7.65064,100,100
7.64947,100,100
7.64829,100,100
7.64712,100,100
7.64595,100,100
7.64478,100,100
7.64361,100,100
7.64244,100,100
7.64127,100,100
7.6401,100,100
7.63892,100,100
7.63775,100,100
7.63658,100,100
7.63541,100,100
7.63424,100,100
7.63307,100,100
7.6319,100,100
7.63073,100,100
7.62956,100,100
7.62838,100,100
7.62721,100,100
7.62604,100,100
7.62487,100,100
7.6237,100,100
7.62253,100,100
7.62136,100,100
7.62019,100,100
7.61901,100,100
7.61784,100,100
7.61667,100,100
7.6155,100,100
7.61433,100,100
7.61316,100,100
7.61199,100,100
7.61082,100,100
7.60965,100,100
7.60847,100,100
7.6073,100,100
7.60613,100,100
7.60496,100,100
7.60379,100,100
7.60262,100,100
7.60145,100,100
7.60028,100,100
7.5991,100,100
7.59793,100,100
7.59676,100,100
7.59559,100,100
7.59442,100,100
7.59325,100,100
7.59208,100,100
7.59091,100,100
7.58974,100,100
7.58856,100,100
7.58739,100,100
7.58622,100,100
7.58505,100,100
7.58388,100,100
7.58271,100,100
7.58154,100,100
7.58037,100,100
7.57919,100,100
7.57802,100,100
7.57685,100,100
7.57568,100,100
7.57451,100,100
7.57334,100,100
7.57217,100,100
7.571,100,100
7.56983,100,100
7.56865,100,100
7.56748,100,100
7.56631,100,100
7.56514,100,100
7.56397,100,100
7.5628,100,100
7.56163,100,100
7.56046,100,100
7.55928,100,100
7.55811,100,100
7.55694,100,100
7.55577,100,100
7.5546,100,100
7.55343,100,100
7.55226,100,100
7.55109,100,100
7.54992,100,100
7.54875,100,100
7.54758,100,100
7.54641,100,100
7.54524,100,100
7.54407,100,100
7.5429,100,100
7.54173,100,100
7.54056,100,100
7.53939,100,100
7.53822,100,100
7.53705,100,100
7.53588,100,100
7.53471,100,100
7.53354,100,100
7.53237,100,100
7.5312,100,100
7.53003,100,100
7.52886,100,100
7.52769,100,100
7.52652,100,100
7.52535,100,100
7.52418,100,100
7.52301,100,100
7.52184,100,100
7.52067,100,100
7.5195,100,100
7.51833,100,100
7.51716,100,100
7.51599,100,100
7.51482,100,100
7.51365,100,100
7.51248,100,100
7.51131,100,100
7.51014,100,100
7.50897,100,100
7.5078,100,100
7.50663,100,100
7.50546,100,100
7.50429,100,100
7.50312,100,100
7.50195,100,100
7.50078,100,100
7.49961,100,100
7.49844,100,100
7.49727,100,100
7.49611,100,100
7.49494,100,100
7.49377,100,100
7.4926,100,100
7.49143,100,100
7.49026,100,100
7.48909,100,100
7.48792,100,100
7.48675,100,100
7.48558,100,100
7.48441,100,100
7.48324,100,100
7.48207,100,100
7.4809,100,100
7.47973,100,100
7.47856,100,100
7.47739,100,100
7.47622,100,100
7.47505,100,100
7.47388,100,100
7.47271,100,100
7.47154,100,100
7.47037,100,100
7.4692,100,100
7.46803,100,100
7.46686,100,100
7.46569,100,100
7.46452,100,100
7.46335,100,100
7.46218,100,100
7.46101,100,100
7.45984,100,100
7.45867,100,100
7.4575,100,100
7.45633,100,100
7.45516,100,100
7.45399,100,100
7.45282,100,100
7.45165,100,100
7.45048,100,100
7.44931,100,100
7.44814,100,100
7.44697,100,100
7.4458,100,100
7.44463,100,100
7.44346,100,100
7.4423,100,100
7.44113,100,100
7.43996,100,100
7.43879,100,100
7.43762,100,100
7.43645,100,100
7.43528,100,100
7.43411,100,100
7.43294,100,100
7.43177,100,100
7.4306,100,100
7.42943,100,100
7.42826,100,100
7.42709,100,100
7.42592,100,100
7.42475,100,100
7.42358,100,100
7.42241,100,100
7.42124,100,100
7.42007,100,100
7.4189,100,100
7.41773,100,100
7.41656,100,100
7.41539,100,100
7.41422,100,100
7.41305,100,100
7.41188,100,100
7.41071,100,100
7.40954,100,100
7.40837,100,100
7.4072,100,100
7.40603,100,100
7.40486,100,100
7.40369,100,100
7.40252,100,100
7.40135,100,100
7.40018,100,100
7.39901,100,100
7.39784,100,100
7.39667,100,100
7.3955,100,100
7.39433,100,100
7.39316,100,100
7.39199,100,100
7.39082,100,100
7.38965,100,100
7.38848,100,100
7.38732,100,100
7.38615,100,100
7.38498,100,100
7.38381,100,100
7.38264,100,100
7.38147,100,100
7.3803,100,100
7.37913,100,100
7.37796,100,100
7.37679,100,100
7.37562,100,100
7.37445,100,100
7.37328,100,100
7.37211,100,100
7.37094,100,100
7.36977,100,100
7.3686,100,100
7.36743,100,100
7.36626,100,100
7.36509,100,100
7.36392,100,100
7.36275,100,100
7.36158,100,100
7.36041,100,100
7.35924,100,100
7.35807,100,100
7.3569,100,100
7.35573,100,100
7.35456,100,100
7.35339,100,100
7.35222,100,100
7.35105,100,100
7.34988,100,100
7.34871,100,100
7.34754,100,100
7.34637,100,100
7.3452,100,100
7.34403,100,100
7.34286,100,100
7.34169,100,100
7.34052,100,100
7.33935,100,100
7.33818,100,100
7.33701,100,100
7.33584,100,100
7.33467,100,100
7.33351,100,100
7.33234,100,100
7.33117,100,100
7.33,100,100
7.32883,100,100
7.32766,100,100
7.32649,100,100
7.32532,100,100
7.32415,100,100
7.32298,100,100
7.32181,100,100
7.32064,100,100
7.31947,100,100
7.3183,100,100
7.31713,100,100
7.31596,100,100
7.31479,100,100
7.31362,100,100
7.31245,100,100
7.31128,100,100
7.31011,100,100
7.30894,100,100
7.30777,100,100
7.3066,100,100
7.30543,100,100
7.30426,100,100
7.30309,100,100
7.30192,100,100
7.30075,100,100
7.29958,100,100
7.29841,100,100
7.29724,100,100
7.29607,100,100
7.2949,100,100
7.29373,100,100
7.29256,100,100
7.29139,100,100
7.29022,100,100
7.28905,100,100
7.28788,100,100
7.28671,100,100
7.28554,100,100
7.28437,100,100
7.2832,100,100
7.28203,100,100
7.28086,100,100
7.27969,100,100
7.27853,100,100
7.27736,100,100
7.27619,100,100
7.27502,100,100
7.27385,100,100
7.27268,100,100
7.27151,100,100
7.27034,100,100
7.26917,100,100
7.268,100,100
7.26683,100,100
7.26566,100,100
7.26449,100,100
7.26332,100,100
7.26215,100,100
7.26098,100,100
7.25981,100,100
7.25864,100,100
7.25747,100,100
7.2563,100,100
7.25513,100,100
7.25396,100,100
7.25279,100,100
7.25162,100,100
7.25045,100,100
7.24928,100,100
7.24811,100,100
7.24694,100,100
7.24577,100,100
7.2446,100,100
7.24343,100,100
7.24226,100,100
7.24109,100,100
7.23992,100,100
7.23875,100,100
7.23758,100,100
7.23641,100,100
7.23524,100,100
7.23407,100,100
7.2329,100,100
7.23173,100,100
7.23056,100,100
7.22939,100,100
7.22822,100,100
7.22705,100,100
7.22588,100,100
7.22471,100,100
7.22355,100,100
7.22238,100,100
7.22121,100,100
7.22004,100,100
7.21887,100,100
7.2177,100,100
7.21653,100,100
7.21536,100,100
7.21419,100,100
7.21302,100,100
7.21185,100,100
7.21068,100,100
7.20951,100,100
7.20834,100,100
7.20717,100,100
7.206,100,100
7.20483,100,100
7.20366,100,100
7.20249,100,100
7.20132,100,100
7.20015,100,100
7.19898,100,100
7.19781,100,100
7.19664,100,100
7.19547,100,100
7.1943,100,100
7.19313,100,100
7.19196,100,100
7.19079,100,100
7.18962,100,100
7.18845,100,100
7.18728,100,100
7.18611,100,100
7.18494,100,100
7.18377,100,100
7.1826,100,100
7.18143,100,100
7.18026,100,100
7.17909,100,100
7.17792,100,100
7.17675,100,100
7.17558,100,100
7.17441,100,100
7.17324,100,100
7.17207,100,100
7.1709,100,100
7.16974,100,100
7.16857,100,100
7.1674,100,100
7.16623,100,100
7.16506,100,100
7.16389,100,100
7.16272,100,100
7.16155,100,100
7.16038,100,100
7.15921,100,100
7.15804,100,100
7.15687,100,100
7.1557,100,100
7.15453,100,100
7.15336,100,100
7.15219,100,100
7.15102,100,100
7.14985,100,100
7.14868,100,100
7.14751,100,100
7.14634,100,100
7.14517,100,100
7.144,100,100
7.14283,100,100
7.14166,100,100
7.14049,100,100
7.13932,100,100
7.13815,100,100
7.13698,100,100
7.13581,100,100
7.13464,100,100
7.13347,100,100
7.1323,100,100
7.13113,100,100
7.12996,100,100
7.12879,100,100
7.12762,100,100
7.12645,100,100
7.12528,100,100
7.12411,100,100
7.12294,100,100
7.12177,100,100
7.1206,100,100
7.11943,100,100
7.11826,100,100
7.11709,100,100
7.11592,100,100
7.11476,100,100
7.11359,100,100
7.11242,100,100
7.11125,100,100
7.11008,100,100
7.10891,100,100
7.10774,100,100
7.10657,100,100
7.1054,100,100
7.10423,100,100
7.10306,100,100
7.10189,100,100
7.10072,100,100
7.09955,100,100
7.09838,100,100
7.09721,100,100
7.09604,100,100
7.09487,100,100
7.0937,100,100
7.09253,100,100
7.09136,100,100
7.09019,100,100
7.08902,100,100
7.08785,100,100
7.08668,100,100
7.08551,100,100
7.08434,100,100
7.08317,100,100
7.082,100,100
7.08083,100,100
7.07966,100,100
7.07849,100,100
7.07733,100,100
7.07616,100,100
7.07499,100,100
7.07382,100,100
7.07265,100,100
7.07148,100,100
7.07031,100,100
7.06914,100,100
7.06798,100,100
7.06681,100,100
7.06564,100,100
7.06447,100,100
7.0633,100,100
7.06213,100,100
7.06096,100,100
7.05979,100,100
7.05862,100,100
7.05746,100,100
7.05629,100,100
7.05512,100,100
7.05395,100,100
7.05278,100,100
7.05161,100,100
7.05044,100,100
7.04927,100,100
7.04811,100,100
7.04694,100,100
7.04577,100,100
7.0446,100,100
7.04343,100,100
7.04226,100,100
7.04109,100,100
7.03992,100,100
7.03875,100,100
7.03759,100,100
7.03642,100,100
7.03525,100,100
7.03408,100,100
7.03291,100,100
7.03174,100,100
7.03057,100,100
7.0294,100,100
7.02824,100,100
7.02707,100,100
7.0259,100,100
7.02473,100,100
7.02356,100,100
7.02239,100,100
7.02122,100,100
7.02005,100,100
7.01889,100,100
7.01772,100,100
7.01655,100,100
7.01538,100,100
7.01421,100,100
7.01304,100,100
7.01187,100,100
7.0107,100,100
7.00953,100,100
7.00837,100,100
7.0072,100,100
7.00603,100,100
7.00486,100,100
7.00369,100,100
7.00252,100,100
7.00135,100,100
7.00018,100,100
6.99902,100,100
6.99785,100,100
6.99668,100,100
6.99551,100,100
6.99434,100,100
6.99317,100,100
6.992,100,100
6.99083,100,100
6.98966,100,100
6.9885,100,100
6.98733,100,100
6.98616,100,100
6.98499,100,100
6.98382,100,100
6.98265,100,100
6.98148,100,100
6.98031,100,100
6.97915,100,100
6.97798,100,100
6.97681,100,100
6.97564,100,100
6.97447,100,100
6.9733,100,100
6.97213,100,100
6.97096,100,100
6.9698,100,100
6.96863,100,100
6.96746,100,100
6.96629,100,100
6.96512,100,100
6.96395,100,100
6.96279,100,100
6.96163,100,100
6.96046,100,100
6.9593,100,100
6.95813,100,100
6.95697,100,100
6.9558,100,100
6.95464,100,100
6.95347,100,100
6.95231,100,100
6.95114,100,100
6.94998,100,100
6.94881,100,100
6.94765,100,100
6.94648,100,100
6.94532,100,100
6.94416,100,100
6.94299,100,100
6.94183,100,100
6.94066,100,100
6.9395,100,100
6.93833,100,100
6.93717,100,100
6.936,100,100
6.93484,100,100
6.93367,100,100
6.93251,100,100
6.93134,100,100
6.93018,100,100
6.92901,100,100
6.92785,100,100
6.92669,100,100
6.92552,100,100
6.92436,100,100
6.92319,100,100
6.92203,100,100
6.92086,100,100
6.9197,100,100
6.91853,100,100
6.91737,100,100
6.9162,100,100
6.91504,100,100
6.91387,100,100
6.91271,100,100
6.91155,100,100
6.91038,100,100
6.90922,100,100
6.90805,100,100
6.90689,100,100
6.90572,100,100
6.90456,100,100
6.90339,100,100
6.90223,100,100
6.90106,100,100
6.8999,100,100
6.89873,100,100
6.89757,100,100
6.8964,100,100
6.89524,100,100
6.89408,100,100
6.89291,100,100
6.89175,100,100
6.89058,100,100
6.88942,100,100
6.88825,100,100
6.88709,100,100
6.88592,100,100
6.88476,100,100
6.88359,100,100
6.88243,100,100
6.88126,100,100
6.8801,100,100
6.87894,100,100
6.87777,100,100
6.87661,100,100
6.87544,100,100
6.87428,100,100
6.87311,100,100
6.87195,100,100
6.87078,100,100
6.86962,100,100
6.86845,100,100
6.86729,100,100
6.86612,100,100
6.86496,100,100
6.86379,100,100
6.86263,100,100
6.86147,100,100
6.8603,100,100
6.85914,100,100
6.85797,100,100
6.85681,100,100
6.85564,100,100
6.85448,100,100
6.85331,100,100
6.85215,100,100
6.85098,100,100
6.84982,100,100
6.84865,100,100
6.84749,100,100
6.84632,100,100
6.84516,100,100
6.844,100,100
6.84283,100,100
6.84167,100,100
6.8405,100,100
6.83934,100,100
6.83817,100,100
6.83701,100,100
6.83584,100,100
6.83468,100,100
6.83351,100,100
6.83235,100,100
6.83118,100,100
6.83002,100,100
6.82886,100,100
6.82769,100,100
6.82653,100,100
6.82536,100,100
6.8242,100,100
6.82303,100,100
6.82187,100,100
6.8207,100,100
6.81954,100,100
6.81837,100,100
6.81721,100,100
6.81604,100,100
6.81488,100,100
6.81371,100,100
6.81255,100,100
6.81139,100,100
6.81022,100,100
6.80906,100,100
6.80789,100,100
6.80673,100,100
6.80556,100,100
6.8044,100,100
6.80323,100,100
6.80207,100,100
6.8009,100,100
6.79974,100,100
6.79857,100,100
6.79741,100,100
6.79624,100,100
6.79508,100,100
6.79392,100,100
6.79275,100,100
6.79159,100,100
6.79042,100,100
6.78926,100,100
6.78809,100,100
6.78693,100,100
6.78576,100,100
6.7846,100,100
6.78343,100,100
6.78227,100,100
6.7811,100,100
6.77994,100,100
6.77878,100,100
6.77761,100,100
6.77645,100,100
6.77528,100,100
6.77412,100,100
6.77295,100,100
6.77179,100,100
6.77062,100,100
6.76946,100,100
6.76829,100,100
6.76713,100,100
6.76596,100,100
6.7648,100,100
6.76363,100,100
6.76247,100,100
6.76131,100,100
6.76014,100,100
6.75898,100,100
6.75781,100,100
6.75665,100,100
6.75548,100,100
6.75432,100,100
6.75315,100,100
6.75199,100,100
6.75082,100,100
6.74966,100,100
6.74849,100,100
6.74733,100,100
6.74616,100,100
6.745,100,100
6.74384,100,100
6.74267,100,100
6.74151,100,100
6.74034,100,100
6.73918,100,100
6.73801,100,100
6.73685,100,100
6.73568,100,100
6.73452,100,100
6.73335,100,100
6.73219,100,100
6.73102,100,100
6.72986,100,100
6.7287,100,100
6.72753,100,100
6.72637,100,100
6.7252,100,100
6.72404,100,100
6.72287,100,100
6.72171,100,100
6.72054,100,100
6.71938,100,100
6.71821,100,100
6.71705,100,100
6.71588,100,100
6.71472,100,100
6.71355,100,100
6.71239,100,100
6.71123,100,100
6.71006,100,100
6.7089,100,100
6.70773,100,100
6.70657,100,100
6.7054,100,100
6.70424,100,100
6.70307,100,100
6.70191,100,100
6.70074,100,100
6.69958,100,100
6.69841,100,100
6.69725,100,100
6.69609,100,100
6.69492,100,100
6.69376,100,100
6.69259,100,100
6.69143,100,100
6.69026,100,100
6.6891,100,100
6.68793,100,100
6.68677,100,100
6.6856,100,100
6.68444,100,100
6.68327,100,100
6.68211,100,100
6.68094,100,100
6.67978,100,100
6.67862,100,100
6.67745,100,100
6.67629,100,100
6.67512,100,100
6.67396,100,100
6.67279,100,100
6.67163,100,100
6.67046,100,100
6.6693,100,100
6.66813,100,100
6.66697,100,100
6.6658,100,100
6.66464,100,100
6.66347,100,100
6.66231,100,100
6.66115,100,100
6.65998,100,100
6.65882,100,100
6.65765,100,100
6.65649,100,100
6.65532,100,100
6.65416,100,100
6.65299,100,100
6.65183,100,100
6.65066,100,100
6.6495,100,100
6.64833,100,100
6.64717,100,100
6.64601,100,100
6.64484,100,100
6.64368,100,100
6.64251,100,100
6.64135,100,100
6.64018,100,100
6.63902,100,100
6.63785,100,100
6.63669,100,100
6.63552,100,100
6.63436,100,100
6.63319,100,100
6.63203,100,100
6.63086,100,100
6.6297,100,100
6.62854,100,100
6.62737,100,100
6.62621,100,100
6.62504,100,100
6.62388,100,100
6.62271,100,100
6.62155,100,100
6.62038,100,100
6.61922,100,100
6.61805,100,100
6.61689,100,100
6.61572,100,100
6.61456,100,100
6.61339,100,100
6.61223,100,100
6.61107,100,100
6.6099,100,100
6.60874,100,100
6.60757,100,100
6.60641,100,100
6.60524,100,100
6.60408,100,100
6.60291,100,100
6.60175,100,100
6.60058,100,100
6.59942,100,100
6.59825,100,100
6.59709,100,100
6.59593,100,100
6.59476,100,100
6.5936,100,100
6.59243,100,100
6.59127,100,100
6.5901,100,100
6.58894,100,100
6.58777,100,100
6.58661,100,100
6.58544,100,100
6.58428,100,100
6.58311,100,100
6.58195,100,100
6.58078,100,100
6.57962,100,100
6.57846,100,100
6.57729,100,100
6.57613,100,100
6.57496,100,100
6.5738,100,100
6.57263,100,100
6.57147,100,100
6.5703,100,100
6.56914,100,100
6.56797,100,100
6.56681,100,100
6.56564,100,100
6.56448,100,100
6.56332,100,100
6.56215,100,100
6.56099,100,100
6.55982,100,100
6.55866,100,100
6.55749,100,100
6.55633,100,100
6.55516,100,100
6.554,100,100
6.55283,100,100
6.55167,100,100
6.5505,100,100
6.54934,100,100
6.54817,100,100
6.54701,100,100
6.54585,100,100
6.54468,100,100
6.54352,100,100
6.54235,100,100
6.54119,100,100
6.54002,100,100
6.53886,100,100
6.53769,100,100
6.53653,100,100
6.53536,100,100
6.5342,100,100
6.53303,100,100
6.53187,100,100
6.5307,100,100
6.52954,100,100
6.52838,100,100
6.52721,100,100
6.52605,100,100
6.52488,100,100
6.52372,100,100
6.52255,100,100
6.52139,100,100
6.52022,100,100
6.51906,100,100
6.51789,100,100
6.51673,100,100
6.51556,100,100
6.5144,100,100
6.51324,100,100
6.51207,100,100
6.51091,100,100
6.50974,100,100
6.50858,100,100
6.50741,100,100
6.50625,100,100
6.50508,100,100
6.50392,100,100
6.50275,100,100
6.50159,100,100
6.50042,100,100
6.49926,100,100
6.49809,100,100
6.49693,100,100
6.49577,100,100
6.4946,100,100
6.49344,100,100
6.49227,100,100
6.49111,100,100
6.48994,100,100
6.48878,100,100
6.48761,100,100
6.48645,100,100
6.48528,100,100
6.48412,100,100
6.48295,100,100
6.48179,100,100
6.48062,100,100
6.47946,100,100
6.4783,100,100
6.47713,100,100
6.47597,100,100
6.4748,100,100
6.47364,100,100
6.47247,100,100
6.47131,100,100
6.47014,100,100
6.46898,100,100
6.46781,100,100
6.46665,100,100
6.46548,100,100
6.46432,100,100
6.46316,100,100
6.46199,100,100
6.46083,100,100
6.45966,100,100
6.4585,100,100
6.45733,100,100
6.45617,100,100
6.455,100,100
6.45384,100,100
6.45267,100,100
6.45151,100,100
6.45034,100,100
6.44918,100,100
6.44801,100,100
6.44685,100,100
6.44569,100,100
6.44452,100,100
6.44336,100,100
6.44219,100,100
6.44103,100,100
6.43986,100,100
6.4387,100,100
6.43753,100,100
6.43637,100,100
6.4352,100,100
6.43404,100,100
6.43287,100,100
6.43171,100,100
6.43054,100,100
6.42938,100,100
6.42822,100,100
6.42705,100,100
6.42589,100,100
6.42472,100,100
6.42356,100,100
6.42239,100,100
6.42123,100,100
6.42006,100,100
6.4189,100,100
6.41773,100,100
6.41657,100,100
6.4154,100,100
6.41424,100,100
6.41308,100,100
6.41191,100,100
6.41075,100,100
6.40958,100,100
6.40842,100,100
6.40725,100,100
6.40609,100,100
6.40492,100,100
6.40376,100,100
6.40259,100,100
6.40143,100,100
6.40026,100,100
6.3991,100,100
6.39793,100,100
6.39677,100,100
6.39561,100,100
6.39444,100,100
6.39328,100,100
6.39211,100,100
6.39095,100,100
6.38978,100,100
6.38862,100,100
6.38745,100,100
6.38629,100,100
6.38512,100,100
6.38396,100,100
6.38279,100,100
6.38163,100,100
6.38047,100,100
6.3793,100,100
6.37814,100,100
6.37697,100,100
6.37581,100,100
6.37464,100,100
6.37348,100,100
6.37231,100,100
6.37115,100,100
6.36998,100,100
6.36882,100,100
6.36765,100,100
6.36649,100,100
6.36532,100,100
6.36416,100,100
6.363,100,100
6.36183,100,100
6.36067,100,100
6.3595,100,100
6.35834,100,100
6.35717,100,100
6.35601,100,100
6.35484,100,100
6.35368,100,100
6.35251,100,100
6.35135,100,100
6.35018,100,100
6.34902,100,100
6.34785,100,100
6.34669,100,100
6.34553,100,100
6.34436,100,100
6.3432,100,100
6.34203,100,100
6.34087,100,100
6.3397,100,100
6.33854,100,100
6.33737,100,100
6.33621,100,100
6.33504,100,100
6.33388,100,100
6.33271,100,100
6.33155,100,100
6.33039,100,100
6.32922,100,100
6.32806,100,100
6.32689,100,100
6.32573,100,100
6.32456,100,100
6.3234,100,100
6.32223,100,100
6.32107,100,100
6.3199,100,100
6.31874,100,100
6.31757,100,100
6.31641,100,100
6.31524,100,100
6.31408,100,100
6.31292,100,100
6.31175,100,100
6.31059,100,100
6.30942,100,100
6.30826,100,100
6.30709,100,100
6.30593,100,100
6.30476,100,100
6.3036,100,100
6.30243,100,100
6.30127,100,100
6.3001,100,100
6.29894,100,100
6.29777,100,100
6.29661,100,100
6.29545,100,100
6.29428,100,100
6.29312,100,100
6.29195,100,100
6.29079,100,100
6.28962,100,100
6.28846,100,100
6.28729,100,100
6.28613,100,100
6.28496,100,100
6.2838,100,100
6.28263,100,100
6.28147,100,100
6.28031,100,100
6.27914,100,100
6.27798,100,100
6.27681,100,100
6.27565,100,100
6.27448,100,100
6.27332,100,100
6.27215,100,100
6.27099,100,100
6.26982,100,100
6.26866,100,100
6.26749,100,100
6.26633,100,100
6.26516,100,100
6.264,100,100
6.26284,100,100
6.26167,100,100
6.26051,100,100
6.25934,100,100
6.25818,100,100
6.25701,100,100
6.25585,100,100
6.25468,100,100
6.25352,100,100
6.25235,100,100
6.25119,100,100
6.25002,100,100
6.24886,100,100
6.24769,100,100
6.24653,100,100
6.24537,100,100
6.2442,100,100
6.24304,100,100
6.24187,100,100
6.24071,100,100
6.23954,100,100
6.23838,100,100
6.23721,100,100
6.23605,100,100
6.23488,100,100
6.23372,100,100
6.23255,100,100
6.23139,100,100
6.23023,100,100
6.22906,100,100
6.2279,100,100
6.22673,100,100
6.22557,100,100
6.2244,100,100
6.22324,100,100
6.22207,100,100
6.22091,100,100
6.21974,100,100
6.21858,100,100
6.21741,100,100
6.21625,100,100
6.21508,100,100
6.21392,100,100
6.21276,100,100
6.21159,100,100
6.21043,100,100
6.20926,100,100
6.2081,100,100
6.20693,100,100
6.20577,100,100
6.2046,100,100
6.20344,100,100
6.20227,100,100
6.20111,100,100
6.19994,100,100
6.19878,100,100
6.19762,100,100
6.19645,100,100
6.19529,100,100
6.19412,100,100
6.19296,100,100
6.19179,100,100
6.19063,100,100
6.18946,100,100
6.1883,100,100
6.18713,100,100
6.18597,100,100
6.1848,100,100
6.18364,100,100
6.18247,100,100
6.18131,100,100
6.18015,100,100
6.17898,100,100
6.17782,100,100
6.17665,100,100
6.17549,100,100
6.17432,100,100
6.17316,100,100
6.17199,100,100
6.17083,100,100
6.16966,100,100
6.1685,100,100
6.16733,100,100
6.16617,100,100
6.165,100,100
6.16384,100,100
6.16268,100,100
6.16151,100,100
6.16035,100,100
6.15918,100,100
6.15802,100,100
6.15685,100,100
6.15569,100,100
6.15452,100,100
6.15336,100,100
6.15219,100,100
6.15103,100,100
6.14986,100,100
6.1487,100,100
6.14754,100,100
6.14637,100,100
6.14521,100,100
6.14404,100,100
6.14288,100,100
6.14171,100,100
6.14055,100,100
6.13938,100,100
6.13822,100,100
6.13705,100,100
6.13589,100,100
6.13472,100,100
6.13356,100,100
6.13239,100,100
6.13123,100,100
6.13007,100,100
6.1289,100,100
6.12774,100,100
6.12657,100,100
6.12541,100,100
6.12424,100,100
6.12308,100,100
6.12191,100,100
6.12075,100,100
6.11958,100,100
6.11842,100,100
6.11725,100,100
6.11609,100,100
6.11492,100,100
6.11376,100,100
6.1126,100,100
6.11143,100,100
6.11027,100,100
6.1091,100,100
6.10794,100,100
6.10677,100,100
6.10561,100,100
6.10444,100,100
6.10328,100,100
6.10211,100,100
6.10095,100,100
6.09978,100,100
6.09862,100,100
6.09746,100,100
6.09629,100,100
6.09513,100,100
6.09396,100,100
6.0928,100,100
6.09163,100,100
6.09047,100,100
6.0893,100,100
6.08814,100,100
6.08697,100,100
6.08581,100,100
6.08464,100,100
6.08348,100,100
6.08231,100,100
6.08115,100,100
6.07999,100,100
6.07882,100,100
6.07766,100,100
6.07649,100,100
6.07533,100,100
6.07416,100,100
6.073,100,100
6.07183,100,100
6.07067,100,100
6.0695,100,100
6.06834,100,100
6.06717,100,100
6.06601,100,100
6.06484,100,100
6.06368,100,100
6.06252,100,100
6.06135,100,100
6.06019,100,100
6.05902,100,100
6.05786,100,100
6.05669,100,100
6.05553,100,100
6.05436,100,100
6.0532,100,100
6.05203,100,100
6.05087,100,100
6.0497,100,100
6.04854,100,100
6.04738,100,100
6.04621,100,100
6.04505,100,100
6.04388,100,100
6.04272,100,100
6.04155,100,100
6.04039,100,100
6.03922,100,100
6.03806,100,100
6.03689,100,100
6.03573,100,100
6.03456,100,100
6.0334,100,100
6.03223,100,100
6.03107,100,100
6.0299,100,100
6.02873,100,100
6.02756,100,100
6.0264,100,100
6.02523,100,100
6.02406,100,100
6.0229,100,100
6.02173,100,100
6.02056,100,100
6.0194,100,100
6.01823,100,100
6.01706,100,100
6.0159,100,100
6.01473,100,100
6.01356,100,100
6.01239,100,100
6.01123,100,100
6.01006,100,100
6.00889,100,100
6.00773,100,100
6.00656,100,100
6.00539,100,100
6.00423,100,100
6.00306,100,100
6.00189,100,100
6.00072,100,100
5.99956,100,100
5.99839,100,100
5.99722,100,100
5.99606,100,100
5.99489,100,100
5.99372,100,100
5.99256,100,100
5.99139,100,100
5.99022,100,100
5.98905,100,100
5.98789,100,100
5.98672,100,100
5.98555,100,100
5.98439,100,100
5.98322,100,100
5.98205,100,100
5.98089,100,100
5.97972,100,100
5.97855,100,100
5.97739,100,100
5.97622,100,100
5.97505,100,100
5.97388,100,100
5.97272,100,100
5.97155,100,100
5.97038,100,100
5.96922,100,100
5.96805,100,100
5.96688,100,100
5.96572,100,100
5.96455,100,100
5.96338,100,100
5.96221,100,100
5.96105,100,100
5.95988,100,100
5.95871,100,100
5.95755,100,100
5.95638,100,100
5.95521,100,100
5.95405,100,100
5.95288,100,100
5.95171,100,100
5.95054,100,100
5.94938,100,100
5.94821,100,100
5.94704,100,100
5.94588,100,100
5.94471,100,100
5.94354,100,100
5.94238,100,100
5.94121,100,100
5.94004,100,100
5.93887,100,100
5.93771,100,100
5.93654,100,100
5.93537,100,100
5.93421,100,100
5.93304,100,100
5.93187,100,100
5.93071,100,100
5.92954,100,100
5.92837,100,100
5.92721,100,100
5.92604,100,100
5.92487,100,100
5.9237,100,100
5.92254,100,100
5.92137,100,100
5.9202,100,100
5.91904,100,100
5.91787,100,100
5.9167,100,100
5.91553,100,100
5.91436,100,100
5.91319,100,100
5.91202,100,100
5.91085,100,100
5.90968,100,100
5.90851,100,100
5.90734,100,100
5.90617,100,100
5.90501,100,100
5.90384,100,100
5.90267,100,100
5.9015,100,100
5.90033,100,100
5.89916,100,100
5.89799,100,100
5.89682,100,100
5.89565,100,100
5.89448,100,100
5.89331,100,100
5.89214,100,100
5.89097,100,100
5.8898,100,100
5.88863,100,100
5.88746,100,100
5.88629,100,100
5.88512,100,100
5.88395,100,100
5.88278,100,100
5.88161,100,100
5.88044,100,100
5.87927,100,100
5.8781,100,100
5.87693,100,100
5.87576,100,100
5.87459,100,100
5.87342,100,100
5.87225,100,100
5.87108,100,100
5.86991,100,100
5.86874,100,100
5.86757,100,100
5.8664,100,100
5.86523,100,100
5.86406,100,100
5.86289,100,100
5.86172,100,100
5.86055,100,100
5.85938,100,100
5.85821,100,100
5.85704,100,100
5.85587,100,100
5.8547,100,100
5.85353,100,100
5.85236,100,100
5.85119,100,100
5.85003,100,100
5.84886,100,100
5.84769,100,100
5.84652,100,100
5.84535,100,100
5.84418,100,100
5.84301,100,100
5.84184,100,100
5.84067,100,100
5.8395,100,100
5.83833,100,100
5.83716,100,100
5.83599,100,100
5.83482,100,100
5.83365,100,100
5.83248,100,100
5.83131,100,100
5.83014,100,100
5.82897,100,100
5.8278,100,100
5.82663,100,100
5.82546,100,100
5.82429,100,100
5.82312,100,100
5.82195,100,100
5.82078,100,100
5.81961,100,100
5.81844,100,100
5.81727,100,100
5.8161,100,100
5.81493,100,100
5.81376,100,100
5.81259,100,100
5.81142,100,100
5.81025,100,100
5.80908,100,100
5.80791,100,100
5.80674,100,100
5.80557,100,100
5.8044,100,100
5.80323,100,100
5.80206,100,100
5.80089,100,100
5.79972,100,100
5.79855,100,100
5.79738,100,100
5.79622,100,100
5.79505,100,100
5.79388,100,100
5.79271,100,100
5.79154,100,100
5.79037,100,100
5.7892,100,100
5.78803,100,100
5.78686,100,100
5.78569,100,100
5.78452,100,100
5.78335,100,100
5.78218,100,100
5.78101,100,100
5.77984,100,100
5.77867,100,100
5.7775,100,100
5.77633,100,100
5.77516,100,100
5.77399,100,100
5.77282,100,100
5.77165,100,100
5.77048,100,100
5.76931,100,100
5.76814,100,100
5.76697,100,100
5.7658,100,100
5.76463,100,100
5.76346,100,100
5.76229,100,100
5.76112,100,100
5.75995,100,100
5.75878,100,100
5.75761,100,100
5.75644,100,100
5.75527,100,100
5.7541,100,100
5.75293,100,100
5.75176,100,100
5.75059,100,100
5.74942,100,100
5.74825,100,100
5.74708,100,100
5.74591,100,100
5.74474,100,100
5.74357,100,100
5.7424,100,100
5.74124,100,100
5.74007,100,100
5.7389,100,100
5.73773,100,100
5.73656,100,100
5.73539,100,100
5.73422,100,100
5.73305,100,100
5.73188,100,100
5.73071,100,100
5.72954,100,100
5.72837,100,100
5.7272,100,100
5.72603,100,100
5.72486,100,100
5.72369,100,100
5.72252,100,100
5.72135,100,100
5.72018,100,100
5.71901,100,100
5.71784,100,100
5.71667,100,100
5.7155,100,100
5.71433,100,100
5.71316,100,100
5.71199,100,100
5.71082,100,100
5.70965,100,100
5.70848,100,100
5.70731,100,100
5.70614,100,100
5.70497,100,100
5.7038,100,100
5.70263,100,100
5.70146,100,100
5.70029,100,100
5.69912,100,100
5.69795,100,100
5.69678,100,100
5.69561,100,100
5.69444,100,100
5.69327,100,100
5.6921,100,100
5.69093,100,100
5.68976,100,100
5.68859,100,100
5.68742,100,100
5.68626,100,100
5.68509,100,100
5.68392,100,100
5.68275,100,100
5.68158,100,100
5.68041,100,100
5.67924,100,100
5.67807,100,100
5.6769,100,100
5.67573,100,100
5.67456,100,100
5.67339,100,100
5.67222,100,100
5.67105,100,100
5.66988,100,100
5.66871,100,100
5.66754,100,100
5.66637,100,100
5.6652,100,100
5.66403,100,100
5.66286,100,100
5.66169,100,100
5.66052,100,100
5.65935,100,100
5.65818,100,100
5.65701,100,100
5.65584,100,100
5.65467,100,100
5.6535,100,100
5.65233,100,100
5.65116,100,100
5.64999,100,100
5.64882,100,100
5.64765,100,100
5.64648,100,100
5.64531,100,100
5.64414,100,100
5.64297,100,100
5.6418,100,100
5.64063,100,100
5.63946,100,100
5.63829,100,100
5.63712,100,100
5.63595,100,100
5.63478,100,100
5.63361,100,100
5.63245,100,100
5.63128,100,100
5.63011,100,100
5.62894,100,100
5.62777,100,100
5.6266,100,100
5.62543,100,100
5.62426,100,100
5.62309,100,100
5.62192,100,100
5.62075,100,100
5.61958,100,100
5.61841,100,100
5.61724,100,100
5.61607,100,100
5.6149,100,100
5.61373,100,100
5.61256,100,100
5.61139,100,100
5.61022,100,100
5.60905,100,100
5.60788,100,100
5.60671,100,100
5.60554,100,100
5.60437,100,100
5.6032,100,100
5.60203,100,100
5.60086,100,100
5.59969,100,100
5.59852,100,100
5.59735,100,100
5.59618,100,100
5.59501,100,100
5.59384,100,100
5.59267,100,100
5.5915,100,100
5.59033,100,100
5.58916,100,100
5.58799,100,100
5.58682,100,100
5.58565,100,100
5.58448,100,100
5.58331,100,100
5.58214,100,100
5.58097,100,100
5.5798,100,100
5.57863,100,100
5.57747,100,100
5.5763,100,100
5.57513,100,100
5.57396,100,100
5.57279,100,100
5.57162,100,100
5.57045,100,100
5.56928,100,100
5.56811,100,100
5.56694,100,100
5.56577,100,100
5.5646,100,100
5.56343,100,100
5.56226,100,100
5.56109,100,100
5.55992,100,100
5.55875,100,100
5.55758,100,100
5.55641,100,100
5.55524,100,100
5.55407,100,100
5.5529,100,100
5.55173,100,100
5.55056,100,100
5.54939,100,100
5.54822,100,100
5.54705,100,100
5.54588,100,100
5.54471,100,100
5.54354,100,100
5.54237,100,100
5.5412,100,100
5.54003,100,100
5.53886,100,100
5.53769,100,100
5.53652,100,100
5.53535,100,100
5.53418,100,100
5.53301,100,100
5.53184,100,100
5.53067,100,100
5.5295,100,100
5.52833,100,100
5.52716,100,100
5.52599,100,100
5.52482,100,100
5.52366,100,100
5.52249,100,100
5.52132,100,100
5.52015,100,100
5.51898,100,100
5.51781,100,100
5.51664,100,100
5.51547,100,100
5.5143,100,100
5.51313,100,100
5.51196,100,100
5.51079,100,100
5.50962,100,100
5.50845,100,100
5.50728,100,100
5.50611,100,100
5.50494,100,100
5.50377,100,100
5.5026,100,100
5.50143,100,100
5.50026,100,100
5.49909,100,100
5.49792,100,100
5.49675,100,100
5.49558,100,100
5.49441,100,100
5.49324,100,100
5.49207,100,100
5.4909,100,100
5.48973,100,100
5.48856,100,100
5.48739,100,100
5.48622,100,100
5.48505,100,100
5.48388,100,100
5.48271,100,100
5.48154,100,100
5.48037,100,100
5.4792,100,100
5.47803,100,100
5.47686,100,100
5.47569,100,100
5.47452,100,100
5.47335,100,100
5.47218,100,100
5.47101,100,100
5.46984,100,100
5.46868,100,100
5.46751,100,100
5.46634,100,100
5.46517,100,100
5.464,100,100
5.46283,100,100
5.46166,100,100
5.46049,100,100
5.45932,100,100
5.45815,100,100
5.45698,100,100
5.45581,100,100
5.45464,100,100
5.45347,100,100
5.4523,100,100
5.45113,100,100
5.44996,100,100
5.44879,100,100
5.44762,100,100
5.44645,100,100
5.44528,100,100
5.44411,100,100
5.44294,100,100
5.44177,100,100
5.4406,100,100
5.43943,100,100
5.43826,100,100
5.43709,100,100
5.43592,100,100
5.43475,100,100
5.43358,100,100
5.43241,100,100
5.43124,100,100
5.43007,100,100
5.4289,100,100
5.42773,100,100
5.42656,100,100
5.42539,100,100
5.42422,100,100
5.42305,100,100
5.42188,100,100
5.42071,100,100
5.41954,100,100
5.41837,100,100
5.4172,100,100
5.41603,100,100
5.41487,100,100
5.4137,100,100
5.41253,100,100
5.41136,100,100
5.41019,100,100
5.40902,100,100
5.40785,100,100
5.40668,100,100
5.40551,100,100
5.40434,100,100
5.40317,100,100
5.402,100,100
5.40083,100,100
5.39966,100,100
5.39849,100,100
5.39732,100,100
5.39615,100,100
5.39498,100,100
5.39381,100,100
5.39264,100,100
5.39147,100,100
5.3903,100,100
5.38913,100,100
5.38796,100,100
5.38679,100,100
5.38562,100,100
5.38445,100,100
5.38328,100,100
5.38211,100,100
5.38094,100,100
5.37977,100,100
5.3786,100,100
5.37743,100,100
5.37626,100,100
5.37509,100,100
5.37392,100,100
5.37275,100,100
5.37158,100,100
5.37041,100,100
5.36924,100,100
5.36807,100,100
5.3669,100,100
5.36573,100,100
5.36456,100,100
5.36339,100,100
5.36222,100,100
5.36105,100,100
5.35989,100,100
5.35872,100,100
5.35755,100,100
5.35638,100,100
5.35521,100,100
5.35404,100,100
5.35287,100,100
5.3517,100,100
5.35053,100,100
5.34936,100,100
5.34819,100,100
5.34702,100,100
5.34585,100,100
5.34468,100,100
5.34351,100,100
5.34234,100,100
5.34117,100,100
5.34,100,100
5.33883,100,100
5.33766,100,100
5.33649,100,100
5.33532,100,100
5.33415,100,100
5.33298,100,100
5.33181,100,100
5.33064,100,100
5.32947,100,100
5.3283,100,100
5.32713,100,100
5.32596,100,100
5.32479,100,100
5.32362,100,100
5.32245,100,100
5.32128,100,100
5.32011,100,100
5.31894,100,100
5.31777,100,100
5.3166,100,100
5.31543,100,100
5.31426,100,100
5.31309,100,100
5.31192,100,100
5.31075,100,100
5.30958,100,100
5.30841,100,100
5.30724,100,100
5.30608,100,100
5.30491,100,100
5.30374,100,100
5.30257,100,100
5.3014,100,100
5.30023,100,100
5.29906,100,100
5.29789,100,100
5.29672,100,100
5.29555,100,100
5.29438,100,100
5.29321,100,100
5.29204,100,100
5.29087,100,100
5.2897,100,100
5.28853,100,100
5.28736,100,100
5.28619,100,100
5.28502,100,100
5.28385,100,100
5.28268,100,100
5.28151,100,100
5.28034,100,100
5.27917,100,100
5.278,100,100
5.27683,100,100
5.27566,100,100
5.27449,100,100
5.27332,100,100
5.27215,100,100
5.27098,100,100
5.26981,100,100
5.26864,100,100
5.26747,100,100
5.2663,100,100
5.26513,100,100
5.26396,100,100
5.26279,100,100
5.26162,100,100
5.26045,100,100
5.25928,100,100
5.25811,100,100
5.25694,100,100
5.25577,100,100
5.2546,100,100
5.25343,100,100
5.25226,100,100
5.2511,100,100
5.24993,100,100
5.24876,100,100
5.24759,100,100
5.24642,100,100
5.24525,100,100
5.24408,100,100
5.24291,100,100
5.24174,100,100
5.24057,100,100
5.2394,100,100
5.23823,100,100
5.23706,100,100
5.23589,100,100
5.23472,100,100
5.23355,100,100
5.23238,100,100
5.23121,100,100
5.23004,100,100
5.22887,100,100
5.2277,100,100
5.22653,100,100
5.22536,100,100
5.22419,100,100
5.22302,100,100
5.22185,100,100
5.22068,100,100
5.21951,100,100
5.21834,100,100
5.21717,100,100
5.216,100,100
5.21483,100,100
5.21366,100,100
5.21249,100,100
5.21132,100,100
5.21015,100,100
5.20898,100,100
5.20781,100,100
5.20664,100,100
5.20547,100,100
5.2043,100,100
5.20313,100,100
5.20196,100,100
5.20079,100,100
5.19962,100,100
5.19845,100,100
5.19728,100,100
5.19612,100,100
5.19495,100,100
5.19378,100,100
5.19261,100,100
5.19144,100,100
5.19027,100,100
5.1891,100,100
5.18793,100,100
5.18676,100,100
5.18559,100,100
5.18442,100,100
5.18325,100,100
5.18208,100,100
5.18091,100,100
5.17974,100,100
5.17857,100,100
5.1774,100,100
5.17623,100,100
5.17506,100,100
5.17389,100,100
5.17272,100,100
5.17155,100,100
5.17038,100,100
5.16921,100,100
5.16804,100,100
5.16687,100,100
5.1657,100,100
5.16453,100,100
5.16336,100,100
5.16219,100,100
5.16102,100,100
5.15985,100,100
5.15868,100,100
5.15751,100,100
5.15634,100,100
5.15517,100,100
5.154,100,100
5.15283,100,100
5.15166,100,100
5.15049,100,100
5.14932,100,100
5.14815,100,100
5.14698,100,100
5.14581,100,100
5.14464,100,100
5.14347,100,100
5.14231,100,100
5.14114,100,100
5.13997,100,100
5.1388,100,100
5.13763,100,100
5.13646,100,100
5.13529,100,100
5.13412,100,100
5.13295,100,100
5.13178,100,100
5.13061,100,100
5.12944,100,100
5.12827,100,100
5.1271,100,100
5.12593,100,100
5.12476,100,100
5.12359,100,100
5.12242,100,100
5.12125,100,100
5.12008,100,100
5.11891,100,100
5.11774,100,100
5.11657,100,100
5.1154,100,100
5.11423,100,100
5.11306,100,100
5.11189,100,100
5.11072,100,100
5.10955,100,100
5.10838,100,100
5.10721,100,100
5.10604,100,100
5.10487,100,100
5.1037,100,100
5.10253,100,100
5.10136,100,100
5.10019,100,100
5.09902,100,100
5.09785,100,100
5.09671,100,100
5.09557,100,100
5.09444,100,100
5.0933,100,100
5.09216,100,100
5.09102,100,100
5.08989,100,100
5.08875,100,100
5.08761,100,100
5.08648,100,100
5.08534,100,100
5.0842,100,100
5.08306,100,100
5.08193,100,100
5.08079,100,100
5.07965,100,100
5.07851,100,100
5.07738,100,100
5.07624,100,100
5.0751,100,100
5.07397,100,100
5.07283,100,100
5.07169,100,100
5.07055,100,100
5.06942,100,100
5.06828,100,100
5.06714,100,100
5.066,100,100
5.06487,100,100
5.06373,100,100
5.06259,100,100
5.06146,100,100
5.06032,100,100
5.05918,100,100
5.05804,100,100
5.05691,100,100
5.05577,100,100
5.05463,100,100
5.0535,100,100
5.05236,100,100
5.05122,100,100
5.05008,100,100
5.04895,100,100
5.04781,100,100
5.04667,100,100
5.04553,100,100
5.0444,100,100
5.04326,100,100
5.04212,100,100
5.04099,100,100
5.03985,100,100
5.03871,100,100
5.03757,100,100
5.03644,100,100
5.0353,100,100
5.03416,100,100
5.03302,100,100
5.03189,100,100
5.03075,100,100
5.02961,100,100
5.02848,100,100
5.02734,100,100
5.0262,100,100
5.02506,100,100
5.02393,100,100
5.02279,100,100
5.02165,100,100
5.02052,100,100
5.01938,100,100
5.01824,100,100
5.0171,100,100
5.01597,100,100
5.01483,100,100
5.01369,100,100
5.01255,100,100
5.01142,100,100
5.01028,100,100
5.00914,100,100
5.00801,100,100
5.00687,100,100
5.00573,100,100
5.00459,100,100
5.00346,100,100
5.00232,100,100
5.00118,100,100
5.00004,100,100
4.99891,100,100
4.99777,100,100
4.99663,100,100
4.9955,100,100
4.99436,100,100
4.99322,100,100
4.99208,100,100
4.99095,100,100
4.98981,100,100
4.98867,100,100
4.98754,100,100
4.9864,100,100
4.98526,100,100
4.98412,100,100
4.98308,100,100
4.98205,100,100
4.98103,100,100
4.98,100,100
4.97898,100,100
4.97795,100,100
4.97693,100,100
4.9759,100,100
4.97488,100,100
4.97385,100,100
4.97283,100,100
4.9718,100,100
4.97078,100,100
4.96975,100,100
4.96873,100,100
4.9677,100,100
4.96668,100,100
4.96565,100,100
4.96463,100,100
4.9636,100,100
4.96258,100,100
4.96155,100,100
4.96053,100,100
4.9595,100,100
4.95848,100,100
4.95745,100,100
4.95643,100,100
4.9554,100,100
4.95438,100,100
4.95335,100,100
4.95233,100,100
4.9513,100,100
4.95028,100,100
4.94925,100,100
4.94823,100,100
4.9472,100,100
4.94618,100,100
4.94515,100,100
4.94413,100,100
4.9431,100,100
4.94207,100,100
4.94105,100,100
4.94002,100,100
4.939,100,100
4.93797,100,100
4.93695,100,100
4.93592,100,100
4.9349,100,100
4.93387,100,100
4.93285,100,100
4.93182,100,100
4.9308,100,100
4.92977,100,100
4.92875,100,100
4.92772,100,100
4.9267,100,100
4.92567,100,100
4.92465,100,100
4.92362,100,100
4.9226,100,100
4.92157,100,100
4.92055,100,100
4.91952,100,100
4.9185,100,100
4.91747,100,100
4.91645,100,100
4.91542,100,100
4.9144,100,100
4.91337,100,100
4.91235,100,100
4.91132,100,100
4.9103,100,100
4.90927,100,100
4.90825,100,100
4.90722,100,100
4.9062,100,100
4.90517,100,100
4.90415,100,100
4.90312,100,100
4.9021,100,100
4.90107,100,100
4.90004,100,100
4.89902,100,100
4.89799,100,100
4.89697,100,100
4.89594,100,100
4.89492,100,100
4.89389,100,100
4.89287,100,100
4.89184,100,100
4.89082,100,100
4.88979,100,100
4.88877,100,100
4.88774,100,100
4.88672,100,100
4.88569,100,100
4.88467,100,100
4.88364,100,100
4.88262,100,100
4.88159,100,100
4.88068,100,100
4.87979,100,100
4.8789,100,100
4.878,100,100
4.87711,100,100
4.87622,100,100
4.87533,100,100
4.87444,100,100
4.87355,100,100
4.87265,100,100
4.87176,100,100
4.87087,100,100
4.86998,100,100
4.86909,100,100
4.8682,100,100
4.8673,100,100
4.86641,100,100
4.86552,100,100
4.86463,100,100
4.86374,100,100
4.86285,100,100
4.86196,100,100
4.86106,100,100
4.86017,100,100
4.85928,100,100
4.85839,100,100
4.8575,100,100
4.85661,100,100
4.85571,100,100
4.85482,100,100
4.85393,100,100
4.85304,100,100
4.85215,100,100
4.85126,100,100
4.85036,100,100
4.84947,100,100
4.84858,100,100
4.84769,100,100
4.8468,100,100
4.84591,100,100
4.84501,100,100
4.84412,100,100
4.84323,100,100
4.84234,100,100
4.84145,100,100
4.84056,100,100
4.83966,100,100
4.83877,100,100
4.83788,100,100
4.83699,100,100
4.8361,100,100
4.83521,100,100
4.83432,100,100
4.83342,100,100
4.83253,100,100
4.83164,100,100
4.83075,100,100
4.82986,100,100
4.82897,100,100
4.82807,100,100
4.82718,100,100
4.82629,100,100
4.8254,100,100
4.82451,100,100
4.82362,100,100
4.82272,100,100
4.82183,100,100
4.82094,100,100
4.82005,100,100
4.81916,100,100
4.81827,100,100
4.81737,100,100
4.81648,100,100
4.81559,100,100
4.8147,100,100
4.81381,100,100
4.81292,100,100
4.81202,100,100
4.81113,100,100
4.81024,100,100
4.80935,100,100
4.80846,100,100
4.80757,100,100
4.80668,100,100
4.80578,100,100
4.80489,100,100
4.804,100,100
4.80311,100,100
4.80222,100,100
4.80133,100,100
4.80043,100,100
4.79954,100,100
4.79865,100,100
4.79776,100,100
4.79687,100,100
4.79598,100,100
4.79508,100,100
4.79419,100,100
4.7933,100,100
4.79241,100,100
4.79162,100,100
4.79085,100,100
4.79008,100,100
4.78931,100,100
4.78854,100,100
4.78776,100,100
4.78699,100,100
4.78622,100,100
4.78545,100,100
4.78468,100,100
4.78391,100,100
4.78314,100,100
4.78237,100,100
4.7816,100,100
4.78083,100,100
4.78006,100,100
4.77929,100,100
4.77852,100,100
4.77774,100,100
4.77697,100,100
4.7762,100,100
4.77543,100,100
4.77466,100,100
4.77389,100,100
4.77312,100,100
4.77235,100,100
4.77158,100,100
4.77081,100,100
4.77004,100,100
4.76927,100,100
4.7685,100,100
4.76773,100,100
4.76695,100,100
4.76618,100,100
4.76541,100,100
4.76464,100,100
4.76387,100,100
4.7631,100,100
4.76233,100,100
4.76156,100,100
4.76079,100,100
4.76002,100,100
4.75925,100,100
4.75848,100,100
4.75771,100,100
4.75693,100,100
4.75616,100,100
4.75539,100,100
4.75462,100,100
4.75385,100,100
4.75308,100,100
4.75231,100,100
4.75154,100,100
4.75077,100,100
4.75,100,100
4.74923,100,100
4.74846,100,100
4.74769,100,100
4.74692,100,100
4.74614,100,100
4.74537,100,100
4.7446,100,100
4.74383,100,100
4.74306,100,100
4.74229,100,100
4.74152,100,100
4.74075,100,100
4.73998,100,100
4.73921,100,100
4.73844,100,100
4.73767,100,100
4.7369,100,100
4.73612,100,100
4.73535,100,100
4.73458,100,100
4.73381,100,100
4.73304,100,100
4.73227,100,100
4.7315,100,100
4.73073,100,100
4.72996,100,100
4.72919,100,100
4.72842,100,100
4.72765,100,100
4.72688,100,100
4.72611,100,100
4.72533,100,100
4.72456,100,100
4.72379,100,100
4.72302,100,100
4.72225,100,100
4.72148,100,100
4.72071,100,100
4.71994,100,100
4.71917,100,100
4.7184,100,100
4.71763,100,100
4.71686,100,100
4.71609,100,100
4.71531,100,100
4.71462,100,100
4.71394,100,100
4.71326,100,100
4.71258,100,100
4.7119,100,100
4.71123,100,100
4.71055,100,100
4.70987,100,100
4.70919,100,100
4.70851,100,100
4.70783,100,100
4.70715,100,100
4.70647,100,100
4.70579,100,100
4.70512,100,100
4.70444,100,100
4.70376,100,100
4.70308,100,100
4.7024,100,100
4.70172,100,100
4.70104,100,100
4.70036,100,100
4.69968,100,100
4.69901,100,100
4.69833,100,100
4.69765,100,100
4.69697,100,100
4.69629,100,100
4.69561,100,100
4.69493,100,100
4.69425,100,100
4.69357,100,100
4.6929,100,100
4.69222,100,100
4.69154,100,100
4.69086,100,100
4.69018,100,100
4.6895,100,100
4.68882,100,100
4.68814,100,100
4.68746,100,100
4.68679,100,100
4.68611,100,100
4.68543,100,100
4.68475,100,100
4.68407,100,100
4.68339,100,100
4.68271,100,100
4.68203,100,100
4.68135,100,100
4.68068,100,100
4.68,100,100
4.67932,100,100
4.67864,100,100
4.67796,100,100
4.67728,100,100
4.6766,100,100
4.67592,100,100
4.67524,100,100
4.67457,100,100
4.67389,100,100
4.67321,100,100
4.67253,100,100
4.67185,100,100
4.67117,100,100
4.67049,100,100
4.66981,100,100
4.66913,100,100
4.66846,100,100
4.66778,100,100
4.6671,100,100
4.66642,100,100
4.66574,100,100
4.66506,100,100
4.66438,100,100
4.6637,100,100
4.66302,100,100
4.66235,100,100
4.66167,100,100
4.66099,100,100
4.66031,100,100
4.65963,100,100
4.65895,100,100
4.65827,100,100
4.65759,100,100
4.65691,100,100
4.65624,100,100
4.65556,100,100
4.65488,100,100
4.6542,100,100
4.65352,100,100
4.65284,100,100
4.65216,100,100
4.65148,100,100
4.6508,100,100
4.65013,100,100
4.64945,100,100
4.64877,100,100
4.64809,100,100
4.64741,100,100
4.64679,100,100
4.64619,100,100
4.64559,100,100
4.64498,100,100
4.64438,100,100
4.64378,100,100
4.64317,100,100
4.64257,100,100
4.64196,100,100
4.64136,100,100
4.64076,100,100
4.64015,100,100
4.63955,100,100
4.63895,100,100
4.63834,100,100
4.63774,100,100
4.63713,100,100
4.63653,100,100
4.63593,100,100
4.63532,100,100
4.63472,100,100
4.63412,100,100
4.63351,100,100
4.63291,100,100
4.6323,100,100
4.6317,100,100
4.6311,100,100
4.63049,100,100
4.62989,100,100
4.62929,100,100
4.62868,100,100
4.62808,100,100
4.62747,100,100
4.62687,100,100
4.62627,100,100
4.62566,100,100
4.62506,100,100
4.62446,100,100
4.62385,100,100
4.62325,100,100
4.62264,100,100
4.62204,100,100
4.62144,100,100
4.62083,100,100
4.62023,100,100
4.61963,100,100
4.61902,100,100
4.61842,100,100
4.61782,100,100
4.61721,100,100
4.61661,100,100
4.616,100,100
4.6154,100,100
4.6148,100,100
4.61419,100,100
4.61359,100,100
4.61299,100,100
4.61238,100,100
4.61178,100,100
4.61117,100,100
4.61057,100,100
4.60997,100,100
4.60936,100,100
4.60876,100,100
4.60816,100,100
4.60755,100,100
4.60695,100,100
4.60634,100,100
4.60574,100,100
4.60514,100,100
4.60453,100,100
4.60393,100,100
4.60333,100,100
4.60272,100,100
4.60212,100,100
4.60151,100,100
4.60091,100,100
4.60031,100,100
4.5997,100,100
4.5991,100,100
4.5985,100,100
4.59789,100,100
4.59729,100,100
4.59668,100,100
4.59608,100,100
4.59548,100,100
4.59487,100,100
4.59427,100,100
4.59367,100,100
4.59306,100,100
4.59246,100,100
4.59185,100,100
4.59125,100,100
4.59065,100,100
4.59004,100,100
4.58944,100,100
4.58884,100,100
4.58823,100,100
4.58763,100,100
4.58702,100,100
4.58647,100,100
4.58593,100,100
4.58538,100,100
4.58484,100,100
4.58429,100,100
4.58375,100,100
4.5832,100,100
4.58266,100,100
4.58211,100,100
4.58157,100,100
4.58102,100,100
4.58048,100,100
4.57993,100,100
4.57939,100,100
4.57884,100,100
4.5783,100,100
4.57776,100,100
4.57721,100,100
4.57667,100,100
4.57612,100,100
4.57558,100,100
4.57503,100,100
4.57449,100,100
4.57394,100,100
4.5734,100,100
4.57285,100,100
4.57231,100,100
4.57176,100,100
4.57122,100,100
4.57067,100,100
4.57013,100,100
4.56959,100,100
4.56904,100,100
4.5685,100,100
4.56795,100,100
4.56741,100,100
4.56686,100,100
4.56632,100,100
4.56577,100,100
4.56523,100,100
4.56468,100,100
4.56414,100,100
4.56359,100,100
4.56305,100,100
4.5625,100,100
4.56196,100,100
4.56142,100,100
4.56087,100,100
4.56033,100,100
4.55978,100,100
4.55924,100,100
4.55869,100,100
4.55815,100,100
4.5576,100,100
4.55706,100,100
4.55651,100,100
4.55597,100,100
4.55542,100,100
4.55488,100,100
4.55433,100,100
4.55379,100,100
4.55324,100,100
4.5527,100,100
4.55216,100,100
4.55161,100,100
4.55107,100,100
4.55052,100,100
4.54998,100,100
4.54943,100,100
4.54889,100,100
4.54834,100,100
4.5478,100,100
4.54725,100,100
4.54671,100,100
4.54616,100,100
4.54562,100,100
4.54507,100,100
4.54453,100,100
4.54399,100,100
4.54344,100,100
4.5429,100,100
4.54235,100,100
4.54181,100,100
4.54126,100,100
4.54072,100,100
4.54017,100,100
4.53963,100,100
4.53908,100,100
4.53854,100,100
4.53799,100,100
4.53745,100,100
4.5369,100,100
4.53636,100,100
4.53582,100,100
4.53527,100,100
4.53473,100,100
4.53418,100,100
4.53364,100,100
4.53309,100,100
4.53255,100,100
4.53204,100,100
4.53154,100,100
4.53105,100,100
4.53055,100,100
4.53005,100,100
4.52955,100,100
4.52906,100,100
4.52856,100,100
4.52806,100,100
4.52756,100,100
4.52706,100,100
4.52657,100,100
4.52607,100,100
4.52557,100,100
4.52507,100,100
4.52458,100,100
4.52408,100,100
4.52358,100,100
4.52308,100,100
4.52258,100,100
4.52209,100,100
4.52159,100,100
4.52109,100,100
4.52059,100,100
4.5201,100,100
4.5196,100,100
4.5191,100,100
4.5186,100,100
4.5181,100,100
4.51761,100,100
4.51711,100,100
4.51661,100,100
4.51611,100,100
4.51562,100,100
4.51512,100,100
4.51462,100,100
4.51412,100,100
4.51362,100,100
4.51313,100,100
4.51263,100,100
4.51213,100,100
4.51163,100,100
4.51114,100,100
4.51064,100,100
4.51014,100,100
4.50964,100,100
4.50914,100,100
4.50865,100,100
4.50815,100,100
4.50765,100,100
4.50715,100,100
4.50666,100,100
4.50616,100,100
4.50566,100,100
4.50516,100,100
4.50466,100,100
4.50417,100,100
4.50367,100,100
4.50317,100,100
4.50267,100,100
4.50218,100,100
4.50168,100,100
4.50118,100,100
4.50068,100,100
4.50018,100,100
4.49969,100,100
4.49919,100,100
4.49869,100,100
4.49819,100,100
4.4977,100,100
4.4972,100,100
4.4967,100,100
4.4962,100,100
4.4957,100,100
4.49521,100,100
4.49471,100,100
4.49421,100,100
4.49371,100,100
4.49322,100,100
4.49272,100,100
4.49222,100,100
4.49172,100,100
4.49122,100,100
4.49073,100,100
4.49023,100,100
4.48973,100,100
4.48923,100,100
4.48874,100,100
4.48824,100,100
4.48774,100,100
4.48724,100,100
4.48674,100,100
4.48625,100,100
4.48575,100,100
4.48525,100,100
4.48475,100,100
4.48426,100,100
4.48376,100,100
4.48326,100,100
4.48276,100,100
4.4823,100,100
4.48184,100,100
4.48138,100,100
4.48092,100,100
4.48046,100,100
4.48,100,100
4.47954,100,100
4.47908,100,100
4.47862,100,100
4.47816,100,100
4.4777,100,100
4.47725,100,100
4.47679,100,100
4.47633,100,100
4.47587,100,100
4.47541,100,100
4.47495,100,100
4.47449,100,100
4.47403,100,100
4.47357,100,100
4.47311,100,100
4.47265,100,100
4.47219,100,100
4.47173,100,100
4.47128,100,100
4.47082,100,100
4.47036,100,100
4.4699,100,100
4.46944,100,100
4.46898,100,100
4.46852,100,100
4.46806,100,100
4.4676,100,100
4.46714,100,100
4.46668,100,100
4.46622,100,100
4.46577,100,100
4.46531,100,100
4.46485,100,100
4.46439,100,100
4.46393,100,100
4.46347,100,100
4.46301,100,100
4.46255,100,100
4.46209,100,100
4.46163,100,100
4.46117,100,100
4.46071,100,100
4.46025,100,100
4.4598,100,100
4.45934,100,100
4.45888,100,100
4.45842,100,100
4.45796,100,100
4.4575,100,100
4.45704,100,100
4.45658,100,100
4.45612,100,100
4.45566,100,100
4.4552,100,100
4.45474,100,100
4.45428,100,100
4.45383,100,100
4.45337,100,100
4.45291,100,100
4.45245,100,100
4.45199,100,100
4.45153,100,100
4.45107,100,100
4.45061,100,100
4.45015,100,100
4.44969,100,100
4.44923,100,100
4.44877,100,100
4.44832,100,100
4.44786,100,100
4.4474,100,100
4.44694,100,100
4.44648,100,100
4.44602,100,100
4.44556,100,100
4.4451,100,100
4.44464,100,100
4.44418,100,100
4.44372,100,100
4.44326,100,100
4.4428,100,100
4.44235,100,100
4.44189,100,100
4.44143,100,100
4.44097,100,100
4.44051,100,100
4.44005,100,100
4.43959,100,100
4.43913,100,100
4.43867,100,100
4.43821,100,100
4.43775,100,100
4.43729,100,100
4.43684,100,100
4.43641,100,100
4.43599,100,100
4.43557,100,100
4.43514,100,100
4.43472,100,100
4.4343,100,100
4.43388,100,100
4.43346,100,100
4.43304,100,100
4.43262,100,100
4.4322,100,100
4.43177,100,100
4.43135,100,100
4.43093,100,100
4.43051,100,100
4.43009,100,100
4.42967,100,100
4.42925,100,100
4.42883,100,100
4.4284,100,100
4.42798,100,100
4.42756,100,100
4.42714,100,100
4.42672,100,100
4.4263,100,100
4.42588,100,100
4.42546,100,100
4.42503,100,100
4.42461,100,100
4.42419,100,100
4.42377,100,100
4.42335,100,100
4.42293,100,100
4.42251,100,100
4.42209,100,100
4.42166,100,100
4.42124,100,100
4.42082,100,100
4.4204,100,100
4.41998,100,100
4.41956,100,100
4.41914,100,100
4.41872,100,100
4.41829,100,100
4.41787,100,100
4.41745,100,100
4.41703,100,100
4.41661,100,100
4.41619,100,100
4.41577,100,100
4.41535,100,100
4.41492,100,100
4.4145,100,100
4.41408,100,100
4.41366,100,100
4.41324,100,100
4.41282,100,100
4.4124,100,100
4.41198,100,100
4.41155,100,100
4.41113,100,100
4.41071,100,100
4.41029,100,100
4.40987,100,100
4.40945,100,100
4.40903,100,100
4.40861,100,100
4.40818,100,100
4.40776,100,100
4.40734,100,100
4.40692,100,100
4.4065,100,100
4.40608,100,100
4.40566,100,100
4.40524,100,100
4.40482,100,100
4.40439,100,100
4.40397,100,100
4.40355,100,100
4.40313,100,100
4.40271,100,100
4.40229,100,100
4.40187,100,100
4.40145,100,100
4.40102,100,100
4.4006,100,100
4.40018,100,100
4.39976,100,100
4.39934,100,100
4.39892,100,100
4.3985,100,100
4.39808,100,100
4.39765,100,100
4.39723,100,100
4.39681,100,100
4.39639,100,100
4.39597,100,100
4.39555,100,100
4.39513,100,100
4.39471,100,100
4.39431,100,100
4.39392,100,100
4.39353,100,100
4.39314,100,100
4.39275,100,100
4.39236,100,100
4.39196,100,100
4.39157,100,100
4.39118,100,100
4.39079,100,100
4.3904,100,100
4.39001,100,100
4.38962,100,100
4.38923,100,100
4.38884,100,100
4.38845,100,100
4.38806,100,100
4.38767,100,100
4.38728,100,100
4.38688,100,100
4.38649,100,100
4.3861,100,100
4.38571,100,100
4.38532,100,100
4.38493,100,100
4.38454,100,100
4.38415,100,100
4.38376,100,100
4.38337,100,100
4.38298,100,100
4.38259,100,100
4.3822,100,100
4.3818,100,100
4.38141,100,100
4.38102,100,100
4.38063,100,100
4.38024,100,100
4.37985,100,100
4.37946,100,100
4.37907,100,100
4.37868,100,100
4.37829,100,100
4.3779,100,100
4.37751,100,100
4.37712,100,100
4.37672,100,100
4.37633,100,100
4.37594,100,100
4.37555,100,100
4.37516,100,100
4.37477,100,100
4.37438,100,100
4.37399,100,100
4.3736,100,100
4.37321,100,100
4.37282,100,100
4.37243,100,100
4.37204,100,100
4.37164,100,100
4.37125,100,100
4.37086,100,100
4.37047,100,100
4.37008,100,100
4.36969,100,100
4.3693,100,100
4.36891,100,100
4.36852,100,100
4.36813,100,100
4.36774,100,100
4.36735,100,100
4.36696,100,100
4.36656,100,100
4.36617,100,100
4.36578,100,100
4.36539,100,100
4.365,100,100
4.36461,100,100
4.36422,100,100
4.36383,100,100
4.36344,100,100
4.36305,100,100
4.36266,100,100
4.36227,100,100
4.36188,100,100
4.36148,100,100
4.36109,100,100
4.3607,100,100
4.36031,100,100
4.35992,100,100
4.35953,100,100
4.35914,100,100
4.35875,100,100
4.35836,100,100
4.35797,100,100
4.35758,100,100
4.35719,100,100
4.3568,100,100
4.3564,100,100
4.35601,100,100
4.35562,100,100
4.35525,100,100
4.35489,100,100
4.35453,100,100
4.35416,100,100
4.3538,100,100
4.35343,100,100
4.35307,100,100
4.35271,100,100
4.35234,100,100
4.35198,100,100
4.35161,100,100
4.35125,100,100
4.35089,100,100
4.35052,100,100
4.35016,100,100
4.34979,100,100
4.34943,100,100
4.34907,100,100
4.3487,100,100
4.34834,100,100
4.34797,100,100
4.34761,100,100
4.34725,100,100
4.34688,100,100
4.34652,100,100
4.34615,100,100
4.34579,100,100
4.34543,100,100
4.34506,100,100
4.3447,100,100
4.34433,100,100
4.34397,100,100
4.34361,100,100
4.34324,100,100
4.34288,100,100
4.34251,100,100
4.34215,100,100
4.34179,100,100
4.34142,100,100
4.34106,100,100
4.34069,100,100
4.34033,100,100
4.33997,100,100
4.3396,100,100
4.33924,100,100
4.33887,100,100
4.33851,100,100
4.33815,100,100
4.33778,100,100
4.33742,100,100
4.33705,100,100
4.33669,100,100
4.33632,100,100
4.33596,100,100
4.3356,100,100
4.33523,100,100
4.33487,100,100
4.3345,100,100
4.33414,100,100
4.33378,100,100
4.33341,100,100
4.33305,100,100
4.33268,100,100
4.33232,100,100
4.33196,100,100
4.33159,100,100
4.33123,100,100
4.33086,100,100
4.3305,100,100
4.33014,100,100
4.32977,100,100
4.32941,100,100
4.32904,100,100
4.32868,100,100
4.32832,100,100
4.32795,100,100
4.32759,100,100
4.32722,100,100
4.32686,100,100
4.3265,100,100
4.32613,100,100
4.32577,100,100
4.3254,100,100
4.32504,100,100
4.32468,100,100
4.32431,100,100
4.32395,100,100
4.32358,100,100
4.32322,100,100
4.32286,100,100
4.32249,100,100
4.32213,100,100
4.32176,100,100
4.3214,100,100
4.32104,100,100
4.32067,100,100
4.32031,100,100
4.31994,100,100
4.31958,100,100
4.31922,100,100
4.31887,100,100
4.31853,100,100
4.31818,100,100
4.31784,100,100
4.3175,100,100
4.31716,100,100
4.31681,100,100
4.31647,100,100
4.31613,100,100
4.31579,100,100
4.31544,100,100
4.3151,100,100
4.31476,100,100
4.31442,100,100
4.31407,100,100
4.31373,100,100
4.31339,100,100
4.31305,100,100
4.3127,100,100
4.31236,100,100
4.31202,100,100
4.31167,100,100
4.31133,100,100
4.31099,100,100
4.31065,100,100
4.3103,100,100
4.30996,100,100
4.30962,100,100
4.30928,100,100
4.30893,100,100
4.30859,100,100
4.30825,100,100
4.30791,100,100
4.30756,100,100
4.30722,100,100
4.30688,100,100
4.30654,100,100
4.30619,100,100
4.30585,100,100
4.30551,100,100
4.30516,100,100
4.30482,100,100
4.30448,100,100
4.30414,100,100
4.30379,100,100
4.30345,100,100
4.30311,100,100
4.30277,100,100
4.30242,100,100
4.30208,100,100
4.30174,100,100
4.3014,100,100
4.30105,100,100
4.30071,100,100
4.30037,100,100
4.30003,100,100
4.29968,100,100
4.29934,100,100
4.299,100,100
4.29866,100,100
4.29831,100,100
4.29797,100,100
4.29763,100,100
4.29728,100,100
4.29694,100,100
4.2966,100,100
4.29626,100,100
4.29591,100,100
4.29557,100,100
4.29523,100,100
4.29489,100,100
4.29454,100,100
4.2942,100,100
4.29386,100,100
4.29352,100,100
4.29317,100,100
4.29283,100,100
4.29249,100,100
4.29215,100,100
4.2918,100,100
4.29146,100,100
4.29112,100,100
4.29078,100,100
4.29043,100,100
4.29009,100,100
4.28975,100,100
4.2894,100,100
4.28906,100,100
4.28872,100,100
4.28838,100,100
4.28803,100,100
4.28769,100,100
4.28735,100,100
4.28701,100,100
4.28666,100,100
4.28632,100,100
4.28598,100,100
4.28564,100,100
4.28529,100,100
4.28495,100,100
4.28462,100,100
4.28429,100,100
4.28397,100,100
4.28364,100,100
4.28332,100,100
4.28299,100,100
4.28266,100,100
4.28234,100,100
4.28201,100,100
4.28168,100,100
4.28136,100,100
4.28103,100,100
4.2807,100,100
4.28038,100,100
4.28005,100,100
4.27972,100,100
4.2794,100,100
4.27907,100,100
4.27874,100,100
4.27842,100,100
4.27809,100,100
4.27776,100,100
4.27744,100,100
4.27711,100,100
4.27678,100,100
4.27646,100,100
4.27613,100,100
4.2758,100,100
4.27548,100,100
4.27515,100,100
4.27482,100,100
4.2745,100,100
4.27417,100,100
4.27385,100,100
4.27352,100,100
4.27319,100,100
4.27287,100,100
4.27254,100,100
4.27221,100,100
4.27189,100,100
4.27156,100,100
4.27123,100,100
4.27091,100,100
4.27058,100,100
4.27025,100,100
4.26993,100,100
4.2696,100,100
4.26927,100,100
4.26895,100,100
4.26862,100,100
4.26829,100,100
4.26797,100,100
4.26764,100,100
4.26731,100,100
4.26699,100,100
4.26666,100,100
4.26633,100,100
4.26601,100,100
4.26568,100,100
4.26536,100,100
4.26503,100,100
4.2647,100,100
4.26438,100,100
4.26405,100,100
4.26372,100,100
4.2634,100,100
4.26307,100,100
4.26274,100,100
4.26242,100,100
4.26209,100,100
4.26176,100,100
4.26144,100,100
4.26111,100,100
4.26078,100,100
4.26046,100,100
4.26013,100,100
4.2598,100,100
4.25948,100,100
4.25915,100,100
4.25882,100,100
4.2585,100,100
4.25817,100,100
4.25784,100,100
4.25752,100,100
4.25719,100,100
4.25686,100,100
4.25654,100,100
4.25621,100,100
4.25589,100,100
4.25556,100,100
4.25523,100,100
4.25491,100,100
4.25458,100,100
4.25425,100,100
4.25393,100,100
4.2536,100,100
4.25327,100,100
4.25295,100,100
4.25262,100,100
4.25229,100,100
4.25198,100,100
4.25167,100,100
4.25136,100,100
4.25105,100,100
4.25074,100,100
4.25043,100,100
4.25012,100,100
4.24981,100,100
4.2495,100,100
4.24919,100,100
4.24888,100,100
4.24857,100,100
4.24826,100,100
4.24795,100,100
4.24764,100,100
4.24733,100,100
4.24702,100,100
4.24671,100,100
4.2464,100,100
4.24609,100,100
4.24578,100,100
4.24547,100,100
4.24516,100,100
4.24485,100,100
4.24454,100,100
4.24423,100,100
4.24392,100,100
4.24361,100,100
4.2433,100,100
4.24299,100,100
4.24268,100,100
4.24237,100,100
4.24206,100,100
4.24175,100,100
4.24144,100,100
4.24113,100,100
4.24082,100,100
4.24051,100,100
4.2402,100,100
4.23989,100,100
4.23958,100,100
4.23927,100,100
4.23896,100,100
4.23865,100,100
4.23834,100,100
4.23802,100,100
4.23771,100,100
4.2374,100,100
4.23709,100,100
4.23678,100,100
4.23647,100,100
4.23616,100,100
4.23585,100,100
4.23554,100,100
4.23523,100,100
4.23492,100,100
4.23461,100,100
4.2343,100,100
4.23399,100,100
4.23368,100,100
4.23337,100,100
4.23306,100,100
4.23275,100,100
4.23244,100,100
4.23213,100,100
4.23182,100,100
4.23151,100,100
4.2312,100,100
4.23089,100,100
4.23058,100,100
4.23027,100,100
4.22996,100,100
4.22965,100,100
4.22934,100,100
4.22903,100,100
4.22872,100,100
4.22841,100,100
4.2281,100,100
4.22779,100,100
4.22748,100,100
4.22717,100,100
4.22686,100,100
4.22655,100,100
4.22624,100,100
4.22593,100,100
4.22562,100,100
4.22531,100,100
4.225,100,100
4.22469,100,100
4.22438,100,100
4.22407,100,100
4.22376,100,100
4.22345,100,100
4.22314,100,100
4.22283,100,100
4.22252,100,100
4.22221,100,100
4.2219,100,100
4.22159,100,100
4.22128,100,100
4.22098,100,100
4.22068,100,100
4.22039,100,100
4.22009,100,100
4.2198,100,100
4.2195,100,100
4.21921,100,100
4.21891,100,100
4.21861,100,100
4.21832,100,100
4.21802,100,100
4.21773,100,100
4.21743,100,100
4.21714,100,100
4.21684,100,100
4.21654,100,100
4.21625,100,100
4.21595,100,100
4.21566,100,100
4.21536,100,100
4.21507,100,100
4.21477,100,100
4.21447,100,100
4.21418,100,100
4.21388,100,100
4.21359,100,100
4.21329,100,100
4.21299,100,100
4.2127,100,100
4.2124,100,100
4.21211,100,100
4.21181,100,100
4.21152,100,100
4.21122,100,100
4.21092,100,100
4.21063,100,100
4.21033,100,100
4.21004,100,100
4.20974,100,100
4.20945,100,100
4.20915,100,100
4.20885,100,100
4.20856,100,100
4.20826,100,100
4.20797,100,100
4.20767,100,100
4.20738,100,100
4.20708,100,100
4.20678,100,100
4.20649,100,100
4.20619,100,100
4.2059,100,100
4.2056,100,100
4.2053,100,100
4.20501,100,100
4.20471,100,100
4.20442,100,100
4.20412,100,100
4.20383,100,100
4.20353,100,100
4.20323,100,100
4.20294,100,100
4.20264,100,100
4.20235,100,100
4.20205,100,100
4.20176,100,100
4.20146,100,100
4.20116,100,100
4.20087,100,100
4.20057,100,100
4.20028,100,100
4.19998,100,100
4.19969,100,100
4.19939,100,100
4.19909,100,100
4.1988,100,100
4.1985,100,100
4.19821,100,100
4.19791,100,100
4.19762,100,100
4.19732,100,100
4.19702,100,100
4.19673,100,100
4.19643,100,100
4.19614,100,100
4.19584,100,100
4.19554,100,100
4.19525,100,100
4.19495,100,100
4.19466,100,100
4.19436,100,100
4.19407,100,100
4.19377,100,100
4.19347,100,100
4.19318,100,100
4.19288,100,100
4.19259,100,100
4.19229,100,100
4.192,100,100
4.1917,100,100
4.19141,100,100
4.19113,100,100
4.19085,100,100
4.19056,100,100
4.19028,100,100
4.19,100,100
4.18971,100,100
4.18943,100,100
4.18915,100,100
4.18886,100,100
4.18858,100,100
4.18829,100,100
4.18801,100,100
4.18773,100,100
4.18744,100,100
4.18716,100,100
4.18688,100,100
4.18659,100,100
4.18631,100,100
4.18603,100,100
4.18574,100,100
4.18546,100,100
4.18517,100,100
4.18489,100,100
4.18461,100,100
4.18432,100,100
4.18404,100,100
4.18376,100,100
4.18347,100,100
4.18319,100,100
4.18291,100,100
4.18262,100,100
4.18234,100,100
4.18205,100,100
4.18177,100,100
4.18149,100,100
4.1812,100,100
4.18092,100,100
4.18064,100,100
4.18035,100,100
4.18007,100,100
4.17979,100,100
4.1795,100,100
4.17922,100,100
4.17893,100,100
4.17865,100,100
4.17837,100,100
4.17808,100,100
4.1778,100,100
4.17752,100,100
4.17723,100,100
4.17695,100,100
4.17667,100,100
4.17638,100,100
4.1761,100,100
4.17581,100,100
4.17553,100,100
4.17525,100,100
4.17496,100,100
4.17468,100,100
4.1744,100,100
4.17411,100,100
4.17383,100,100
4.17355,100,100
4.17326,100,100
4.17298,100,100
4.1727,100,100
4.17241,100,100
4.17213,100,100
4.17184,100,100
4.17156,100,100
4.17128,100,100
4.17099,100,100
4.17071,100,100
4.17043,100,100
4.17014,100,100
4.16986,100,100
4.16958,100,100
4.16929,100,100
4.16901,100,100
4.16872,100,100
4.16844,100,100
4.16816,100,100
4.16787,100,100
4.16759,100,100
4.16731,100,100
4.16702,100,100
4.16674,100,100
4.16646,100,100
4.16617,100,100
4.16589,100,100
4.1656,100,100
4.16532,100,100
4.16504,100,100
4.16475,100,100
4.16447,100,100
4.16419,100,100
4.1639,100,100
4.16362,100,100
4.16334,100,100
4.16306,100,100
4.16279,100,100
4.16252,100,100
4.16225,100,100
4.16198,100,100
4.16171,100,100
4.16144,100,100
4.16117,100,100
4.1609,100,100
4.16063,100,100
4.16036,100,100
4.16009,100,100
4.15982,100,100
4.15954,100,100
4.15927,100,100
4.159,100,100
4.15873,100,100
4.15846,100,100
4.15819,100,100
4.15792,100,100
4.15765,100,100
4.15738,100,100
4.15711,100,100
4.15684,100,100
4.15657,100,100
4.1563,100,100
4.15603,100,100
4.15576,100,100
4.15549,100,100
4.15522,100,100
4.15494,100,100
4.15467,100,100
4.1544,100,100
4.15413,100,100
4.15386,100,100
4.15359,100,100
4.15332,100,100
4.15305,100,100
4.15278,100,100
4.15251,100,100
4.15224,100,100
4.15197,100,100
4.1517,100,100
4.15143,100,100
4.15116,100,100
4.15089,100,100
4.15061,100,100
4.15034,100,100
4.15007,100,100
4.1498,100,100
4.14953,100,100
4.14926,100,100
4.14899,100,100
4.14872,100,100
4.14845,100,100
4.14818,100,100
4.14791,100,100
4.14764,100,100
4.14737,100,100
4.1471,100,100
4.14683,100,100
4.14656,100,100
4.14629,100,100
4.14601,100,100
4.14574,100,100
4.14547,100,100
4.1452,100,100
4.14493,100,100
4.14466,100,100
4.14439,100,100
4.14412,100,100
4.14385,100,100
4.14358,100,100
4.14331,100,100
4.14304,100,100
4.14277,100,100
4.1425,100,100
4.14223,100,100
4.14196,100,100
4.14169,100,100
4.14141,100,100
4.14114,100,100
4.14087,100,100
4.1406,100,100
4.14033,100,100
4.14006,100,100
4.13979,100,100
4.13952,100,100
4.13925,100,100
4.13898,100,100
4.13871,100,100
4.13844,100,100
4.13817,100,100
4.1379,100,100
4.13763,100,100
4.13736,100,100
4.13708,100,100
4.13681,100,100
4.13654,100,100
4.13627,100,100
4.13601,100,100
4.13575,100,100
4.13549,100,100
4.13523,100,100
4.13497,100,100
4.13471,100,100
4.13445,100,100
4.13419,100,100
4.13393,100,100
4.13367,100,100
4.13341,100,100
4.13315,100,100
4.13289,100,100
4.13263,100,100
4.13237,100,100
4.13211,100,100
4.13185,100,100
4.13159,100,100
4.13133,100,100
4.13107,100,100
4.13081,100,100
4.13055,100,100
4.13029,100,100
4.13003,100,100
4.12977,100,100
4.12951,100,100
4.12925,100,100
4.12899,100,100
4.12873,100,100
4.12847,100,100
4.12821,100,100
4.12795,100,100
4.12769,100,100
4.12743,100,100
4.12717,100,100
4.12691,100,100
4.12665,100,100
4.12639,100,100
4.12613,100,100
4.12587,100,100
4.12561,100,100
4.12535,100,100
4.12509,100,100
4.12483,100,100
4.12457,100,100
4.12431,100,100
4.12405,100,100
4.1238,100,100
4.12354,100,100
4.12328,100,100
4.12302,100,100
4.12276,100,100
4.1225,100,100
4.12224,100,100
4.12198,100,100
4.12172,100,100
4.12146,100,100
4.1212,100,100
4.12094,100,100
4.12068,100,100
4.12042,100,100
4.12016,100,100
4.1199,100,100
4.11964,100,100
4.11938,100,100
4.11912,100,100
4.11886,100,100
4.1186,100,100
4.11834,100,100
4.11808,100,100
4.11782,100,100
4.11756,100,100
4.1173,100,100
4.11704,100,100
4.11678,100,100
4.11652,100,100
4.11626,100,100
4.116,100,100
4.11574,100,100
4.11548,100,100
4.11522,100,100
4.11496,100,100
4.1147,100,100
4.11444,100,100
4.11418,100,100
4.11392,100,100
4.11366,100,100
4.1134,100,100
4.11314,100,100
4.11288,100,100
4.11262,100,100
4.11236,100,100
4.1121,100,100
4.11184,100,100
4.11158,100,100
4.11132,100,100
4.11106,100,100
4.1108,100,100
4.11054,100,100
4.11028,100,100
4.11003,100,100
4.10978,100,100
4.10953,100,100
4.10928,100,100
4.10903,100,100
4.10878,100,100
4.10853,100,100
4.10828,100,100
4.10802,100,100
4.10777,100,100
4.10752,100,100
4.10727,100,100
4.10702,100,100
4.10677,100,100
4.10652,100,100
4.10627,100,100
4.10602,100,100
4.10577,100,100
4.10552,100,100
4.10527,100,100
4.10502,100,100
4.10477,100,100
4.10452,100,100
4.10427,100,100
4.10402,100,100
4.10377,100,100
4.10352,100,100
4.10327,100,100
4.10302,100,100
4.10277,100,100
4.10252,100,100
4.10227,100,100
4.10202,100,100
4.10177,100,100
4.10152,100,100
4.10127,100,100
4.10102,100,100
4.10077,100,100
4.10052,100,100
4.10027,100,100
4.10001,100,100
4.09976,100,100
4.09951,100,100
4.09926,100,100
4.09901,100,100
4.09876,100,100
4.09851,100,100
4.09826,100,100
4.09801,100,100
4.09776,100,100
4.09751,100,100
4.09726,100,100
4.09701,100,100
4.09676,100,100
4.09651,100,100
4.09626,100,100
4.09601,100,100
4.09576,100,100
4.09551,100,100
4.09526,100,100
4.09501,100,100
4.09476,100,100
4.09451,100,100
4.09426,100,100
4.09401,100,100
4.09376,100,100
4.09351,100,100
4.09326,100,100
4.09301,100,100
4.09276,100,100
4.09251,100,100
4.09226,100,100
4.092,100,100
4.09175,100,100
4.0915,100,100
4.09125,100,100
4.091,100,100
4.09075,100,100
4.0905,100,100
4.09025,100,100
4.09,100,100
4.08975,100,100
4.0895,100,100
4.08925,100,100
4.089,100,100
4.08875,100,100
4.0885,100,100
4.08825,100,100
4.088,100,100
4.08775,100,100
4.0875,100,100
4.08725,100,100
4.087,100,100
4.08675,100,100
4.0865,100,100
4.08625,100,100
4.086,100,100
4.08575,100,100
4.0855,100,100
4.08525,100,100
4.085,100,100
4.08476,100,100
4.08452,100,100
4.08428,100,100
4.08404,100,100
4.08379,100,100
4.08355,100,100
4.08331,100,100
4.08307,100,100
4.08283,100,100
4.08258,100,100
4.08234,100,100
4.0821,100,100
4.08186,100,100
4.08162,100,100
4.08137,100,100
4.08113,100,100
4.08089,100,100
4.08065,100,100
4.08041,100,100
4.08016,100,100
4.07992,100,100
4.07968,100,100
4.07944,100,100
4.0792,100,100
4.07895,100,100
4.07871,100,100
4.07847,100,100
4.07823,100,100
4.07799,100,100
4.07774,100,100
4.0775,100,100
4.07726,100,100
4.07702,100,100
4.07678,100,100
4.07653,100,100
4.07629,100,100
4.07605,100,100
4.07581,100,100
4.07557,100,100
4.07532,100,100
4.07508,100,100
4.07484,100,100
4.0746,100,100
4.07436,100,100
4.07411,100,100
4.07387,100,100
4.07363,100,100
4.07339,100,100
4.07315,100,100
4.0729,100,100
4.07266,100,100
4.07242,100,100
4.07218,100,100
4.07194,100,100
4.07169,100,100
4.07145,100,100
4.07121,100,100
4.07097,100,100
4.07073,100,100
4.07048,100,100
4.07024,100,100
4.07,100,100
4.06976,100,100
4.06952,100,100
4.06927,100,100
4.06903,100,100
4.06879,100,100
4.06855,100,100
4.06831,100,100
4.06807,100,100
4.06782,100,100
4.06758,100,100
4.06734,100,100
4.0671,100,100
4.06686,100,100
4.06661,100,100
4.06637,100,100
4.06613,100,100
4.06589,100,100
4.06565,100,100
4.0654,100,100
4.06516,100,100
4.06492,100,100
4.06468,100,100
4.06444,100,100
4.06419,100,100
4.06395,100,100
4.06371,100,100
4.06347,100,100
4.06323,100,100
4.06298,100,100
4.06274,100,100
4.0625,100,100
4.06226,100,100
4.06202,100,100
4.06177,100,100
4.06153,100,100
4.06129,100,100
4.06105,100,100
4.06081,100,100
4.06058,100,100
4.06034,100,100
4.0601,100,100
4.05987,100,100
4.05963,100,100
4.0594,100,100
4.05916,100,100
4.05893,100,100
4.05869,100,100
4.05845,100,100
4.05822,100,100
4.05798,100,100
4.05775,100,100
4.05751,100,100
4.05727,100,100
4.05704,100,100
4.0568,100,100
4.05657,100,100
4.05633,100,100
4.0561,100,100
4.05586,100,100
4.05562,100,100
4.05539,100,100
4.05515,100,100
4.05492,100,100
4.05468,100,100
4.05445,100,100
4.05421,100,100
4.05397,100,100
4.05374,100,100
4.0535,100,100
4.05327,100,100
4.05303,100,100
4.05279,100,100
4.05256,100,100
4.05232,100,100
4.05209,100,100
4.05185,100,100
4.05162,100,100
4.05138,100,100
4.05114,100,100
4.05091,100,100
4.05067,100,100
4.05044,100,100
4.0502,100,100
4.04997,100,100
4.04973,100,100
4.04949,100,100
4.04926,100,100
4.04902,100,100
4.04879,100,100
4.04855,100,100
4.04832,100,100
4.04808,100,100
4.04784,100,100
4.04761,100,100
4.04737,100,100
4.04714,100,100
4.0469,100,100
4.04666,100,100
4.04643,100,100
4.04619,100,100
4.04596,100,100
4.04572,100,100
4.04549,100,100
4.04525,100,100
4.04501,100,100
4.04478,100,100
4.04454,100,100
4.04431,100,100
4.04407,100,100
4.04384,100,100
4.0436,100,100
4.04336,100,100
4.04313,100,100
4.04289,100,100
4.04266,100,100
4.04242,100,100
4.04219,100,100
4.04195,100,100
4.04171,100,100
4.04148,100,100
4.04124,100,100
4.04101,100,100
4.04077,100,100
4.04053,100,100
4.0403,100,100
4.04006,100,100
4.03983,100,100
4.03959,100,100
4.03936,100,100
4.03912,100,100
4.03888,100,100
4.03865,100,100
4.03841,100,100
4.03818,100,100
4.03794,100,100
4.03771,100,100
4.03747,100,100
4.03724,100,100
4.03701,100,100
4.03678,100,100
4.03656,100,100
4.03633,100,100
4.0361,100,100
4.03587,100,100
4.03564,100,100
4.03542,100,100
4.03519,100,100
4.03496,100,100
4.03473,100,100
4.0345,100,100
4.03427,100,100
4.03405,100,100
4.03382,100,100
4.03359,100,100
4.03336,100,100
4.03313,100,100
4.03291,100,100
4.03268,100,100
4.03245,100,100
4.03222,100,100
4.03199,100,100
4.03177,100,100
4.03154,100,100
4.03131,100,100
4.03108,100,100
4.03085,100,100
4.03062,100,100
4.0304,100,100
4.03017,100,100
4.02994,100,100
4.02971,100,100
4.02948,100,100
4.02926,100,100
4.02903,100,100
4.0288,100,100
4.02857,100,100
4.02834,100,100
4.02812,100,100
4.02789,100,100
4.02766,100,100
4.02743,100,100
4.0272,100,100
4.02697,100,100
4.02675,100,100
4.02652,100,100
4.02629,100,100
4.02606,100,100
4.02583,100,100
4.02561,100,100
4.02538,100,100
4.02515,100,100
4.02492,100,100
4.02469,100,100
4.02447,100,100
4.02424,100,100
4.02401,100,100
4.02378,100,100
4.02355,100,100
4.02332,100,100
4.0231,100,100
4.02287,100,100
4.02264,100,100
4.02241,100,100
4.02218,100,100
4.02196,100,100
4.02173,100,100
4.0215,100,100
4.02127,100,100
4.02104,100,100
4.02082,100,100
4.02059,100,100
4.02036,100,100
4.02013,100,100
4.0199,100,100
4.01967,100,100
4.01945,100,100
4.01922,100,100
4.01899,100,100
4.01876,100,100
4.01853,100,100
4.01831,100,100
4.01808,100,100
4.01785,100,100
4.01762,100,100
4.01739,100,100
4.01717,100,100
4.01694,100,100
4.01671,100,100
4.01648,100,100
4.01625,100,100
4.01602,100,100
4.0158,100,100
4.01557,100,100
4.01534,100,100
4.01511,100,100
4.01488,100,100
4.01466,100,100
4.01443,100,100
4.01421,100,100
4.01399,100,100
4.01377,100,100
4.01355,100,100
4.01333,100,100
4.01311,100,100
4.01288,100,100
4.01266,100,100
4.01244,100,100
4.01222,100,100
4.012,100,100
4.01178,100,100
4.01156,100,100
4.01133,100,100
4.01111,100,100
4.01089,100,100
4.01067,100,100
4.01045,100,100
4.01023,100,100
4.01001,100,100
4.00978,100,100
4.00956,100,100
4.00934,100,100
4.00912,100,100
4.0089,100,100
4.00868,100,100
4.00846,100,100
4.00824,100,100
4.00801,100,100
4.00779,100,100
4.00757,100,100
4.00735,100,100
4.00713,100,100
4.00691,100,100
4.00669,100,100
4.00646,100,100
4.00624,100,100
4.00602,100,100
4.0058,100,100
4.00558,100,100
4.00536,100,100
4.00514,100,100
4.00492,100,100
4.00469,100,100
4.00447,100,100
4.00425,100,100
4.00403,100,100
4.00381,100,100
4.00359,100,100
4.00337,100,100
4.00314,100,100
4.00292,100,100
4.0027,100,100
4.00248,100,100
4.00226,100,100
4.00204,100,100
4.00182,100,100
4.00159,100,100
4.00137,100,100
4.00115,100,100
4.00093,100,100
4.00071,100,100
4.00049,100,100
4.00027,100,100
4.00005,100,100
3.99982,100,100
3.9996,100,100
3.99938,100,100
3.99916,100,100
3.99894,100,100
3.99872,100,100
3.9985,100,100
3.99827,100,100
3.99805,100,100
3.99783,100,100
3.99761,100,100
3.99739,100,100
3.99717,100,100
3.99695,100,100
3.99672,100,100
3.9965,100,100
3.99628,100,100
3.99606,100,100
3.99584,100,100
3.99562,100,100
3.9954,100,100
3.99518,100,100
3.99495,100,100
3.99473,100,100
3.99451,100,100
3.99429,100,100
3.99407,100,100
3.99385,100,100
3.99363,100,100
3.9934,100,100
3.99318,100,100
3.99296,100,100
3.99274,100,100
3.99252,100,100
3.9923,100,100
3.99209,100,100
3.99187,100,100
3.99165,100,100
3.99144,100,100
3.99122,100,100
3.991,100,100
3.99079,100,100
3.99057,100,100
3.99035,100,100
3.99014,100,100
3.98992,100,100
3.9897,100,100
3.98949,100,100
3.98927,100,100
3.98905,100,100
3.98884,100,100
3.98862,100,100
3.9884,100,100
3.98819,100,100
3.98797,100,100
3.98775,100,100
3.98754,100,100
3.98732,100,100
3.9871,100,100
3.98689,100,100
3.98667,100,100
3.98645,100,100
3.98624,100,100
3.98602,100,100
3.9858,100,100
3.98559,100,100
3.98537,100,100
3.98515,100,100
3.98494,100,100
3.98472,100,100
3.9845,100,100
3.98429,100,100
3.98407,100,100
3.98385,100,100
3.98364,100,100
3.98342,100,100
3.9832,100,100
3.98299,100,100
3.98277,100,100
3.98255,100,100
3.98234,100,100
3.98212,100,100
3.9819,100,100
3.98169,100,100
3.98147,100,100
3.98125,100,100
3.98104,100,100
3.98082,100,100
3.9806,100,100
3.98039,100,100
3.98017,100,100
3.97995,100,100
3.97974,100,100
3.97952,100,100
3.9793,100,100
3.97909,100,100
3.97887,100,100
3.97866,100,100
3.97844,100,100
3.97822,100,100
3.97801,100,100
3.97779,100,100
3.97757,100,100
3.97736,100,100
3.97714,100,100
3.97692,100,100
3.97671,100,100
3.97649,100,100
3.97627,100,100
3.97606,100,100
3.97584,100,100
3.97562,100,100
3.97541,100,100
3.97519,100,100
3.97497,100,100
3.97476,100,100
3.97454,100,100
3.97432,100,100
3.97411,100,100
3.97389,100,100
3.97367,100,100
3.97346,100,100
3.97324,100,100
3.97302,100,100
3.97281,100,100
3.97259,100,100
3.97237,100,100
3.97216,100,100
3.97194,100,100
3.97172,100,100
3.97151,100,100
3.97129,100,100
3.97107,100,100
3.97086,100,100
3.97064,100,100
3.97043,100,100
3.97022,100,100
3.97001,100,100
3.96979,100,100
3.96958,100,100
3.96937,100,100
3.96916,100,100
3.96894,100,100
3.96873,100,100
3.96852,100,100
3.96831,100,100
3.96809,100,100
3.96788,100,100
3.96767,100,100
3.96746,100,100
3.96724,100,100
3.96703,100,100
3.96682,100,100
3.9666,100,100
3.96639,100,100
3.96618,100,100
3.96597,100,100
3.96575,100,100
3.96554,100,100
3.96533,100,100
3.96512,100,100
3.9649,100,100
3.96469,100,100
3.96448,100,100
3.96427,100,100
3.96405,100,100
3.96384,100,100
3.96363,100,100
3.96342,100,100
3.9632,100,100
3.96299,100,100
3.96278,100,100
3.96257,100,100
3.96235,100,100
3.96214,100,100
3.96193,100,100
3.96172,100,100
3.9615,100,100
3.96129,100,100
3.96108,100,100
3.96087,100,100
3.96065,100,100
3.96044,100,100
3.96023,100,100
3.96002,100,100
3.9598,100,100
3.95959,100,100
3.95938,100,100
3.95916,100,100
3.95895,100,100
3.95874,100,100
3.95853,100,100
3.95831,100,100
3.9581,100,100
3.95789,100,100
3.95768,100,100
3.95746,100,100
3.95725,100,100
3.95704,100,100
3.95683,100,100
3.95661,100,100
3.9564,100,100
3.95619,100,100
3.95598,100,100
3.95576,100,100
3.95555,100,100
3.95534,100,100
3.95513,100,100
3.95491,100,100
3.9547,100,100
3.95449,100,100
3.95428,100,100
3.95406,100,100
3.95385,100,100
3.95364,100,100
3.95343,100,100
3.95321,100,100
3.953,100,100
3.95279,100,100
3.95258,100,100
3.95236,100,100
3.95215,100,100
3.95194,100,100
3.95172,100,100
3.95151,100,100
3.9513,100,100
3.95109,100,100
3.95087,100,100
3.95066,100,100
3.95045,100,100
3.95024,100,100
3.95002,100,100
3.94981,100,100
3.9496,100,100
3.94939,100,100
3.94918,100,100
3.94898,100,100
3.94877,100,100
3.94856,100,100
3.94835,100,100
3.94814,100,100
3.94794,100,100
3.94773,100,100
3.94752,100,100
3.94731,100,100
3.9471,100,100
3.9469,100,100
3.94669,100,100
3.94648,100,100
3.94627,100,100
3.94607,100,100
3.94586,100,100
3.94565,100,100
3.94544,100,100
3.94523,100,100
3.94503,100,100
3.94482,100,100
3.94461,100,100
3.9444,100,100
3.9442,100,100
3.94399,100,100
3.94378,100,100
3.94357,100,100
3.94336,100,100
3.94316,100,100
3.94295,100,100
3.94274,100,100
3.94253,100,100
3.94233,100,100
3.94212,100,100
3.94191,100,100
3.9417,100,100
3.94149,100,100
3.94129,100,100
3.94108,100,100
3.94087,100,100
3.94066,100,100
3.94046,100,100
3.94025,100,100
3.94004,100,100
3.93983,100,100
3.93962,100,100
3.93942,100,100
3.93921,100,100
3.939,100,100
3.93879,100,100
3.93859,100,100
3.93838,100,100
3.93817,100,100
3.93796,100,100
3.93775,100,100
3.93755,100,100
3.93734,100,100
3.93713,100,100
3.93692,100,100
3.93672,100,100
3.93651,100,100
3.9363,100,100
3.93609,100,100
3.93588,100,100
3.93568,100,100
3.93547,100,100
3.93526,100,100
3.93505,100,100
3.93485,100,100
3.93464,100,100
3.93443,100,100
3.93422,100,100
3.93401,100,100
3.93381,100,100
3.9336,100,100
3.93339,100,100
3.93318,100,100
3.93298,100,100
3.93277,100,100
3.93256,100,100
3.93235,100,100
3.93214,100,100
3.93194,100,100
3.93173,100,100
3.93152,100,100
3.93131,100,100
3.93111,100,100
3.9309,100,100
3.93069,100,100
3.93048,100,100
3.93027,100,100
3.93007,100,100
3.92986,100,100
3.92965,100,100
3.92944,100,100
3.92924,100,100
3.92903,100,100
3.92882,100,100
3.92861,100,100
3.92841,100,100
3.9282,100,100
3.92799,100,100
3.92778,100,100
3.92758,100,100
3.92737,100,100
3.92716,100,100
3.92696,100,100
3.92675,100,100
3.92654,100,100
3.92634,100,100
3.92613,100,100
3.92592,100,100
3.92571,100,100
3.92551,100,100
3.9253,100,100
3.92509,100,100
3.92489,100,100
3.92468,100,100
3.92447,100,100
3.92427,100,100
3.92406,100,100
3.92385,100,100
3.92364,100,100
3.92344,100,100
3.92323,100,100
3.92302,100,100
3.92282,100,100
3.92261,100,100
3.9224,100,100
3.9222,100,100
3.92199,100,100
3.92178,100,100
3.92158,100,100
3.92137,100,100
3.92116,100,100
3.92095,100,100
3.92075,100,100
3.92054,100,100
3.92033,100,100
3.92013,100,100
3.91992,100,100
3.91971,100,100
3.91951,100,100
3.9193,100,100
3.91909,100,100
3.91888,100,100
3.91868,100,100
3.91847,100,100
3.91826,100,100
3.91806,100,100
3.91785,100,100
3.91764,100,100
3.91744,100,100
3.91723,100,100
3.91702,100,100
3.91681,100,100
3.91661,100,100
3.9164,100,100
3.91619,100,100
3.91599,100,100
3.91578,100,100
3.91557,100,100
3.91537,100,100
3.91516,100,100
3.91495,100,100
3.91474,100,100
3.91454,100,100
3.91433,100,100
3.91412,100,100
3.91392,100,100
3.91371,100,100
3.9135,100,100
3.9133,100,100
3.91309,100,100
3.91288,100,100
3.91268,100,100
3.91247,100,100
3.91226,100,100
3.91205,100,100
3.91185,100,100
3.91164,100,100
3.91143,100,100
3.91123,100,100
3.91102,100,100
3.91081,100,100
3.91061,100,100
3.9104,100,100
3.91019,100,100
3.90998,100,100
3.90978,100,100
3.90957,100,100
3.90936,100,100
3.90916,100,100
3.90895,100,100
3.90874,100,100
3.90854,100,100
3.90833,100,100
3.90812,100,100
3.90792,100,100
3.90772,100,100
3.90751,100,100
3.90731,100,100
3.90711,100,100
3.90691,100,100
3.90671,100,100
3.9065,100,100
3.9063,100,100
3.9061,100,100
3.9059,100,100
3.90569,100,100
3.90549,100,100
3.90529,100,100
3.90509,100,100
3.90489,100,100
3.90468,100,100
3.90448,100,100
3.90428,100,100
3.90408,100,100
3.90388,100,100
3.90367,100,100
3.90347,100,100
3.90327,100,100
3.90307,100,100
3.90286,100,100
3.90266,100,100
3.90246,100,100
3.90226,100,100
3.90206,100,100
3.90185,100,100
3.90165,100,100
3.90145,100,100
3.90125,100,100
3.90104,100,100
3.90084,100,100
3.90064,100,100
3.90044,100,100
3.90024,100,100
3.90003,100,100
3.89983,100,100
3.89963,100,100
3.89943,100,100
3.89923,100,100
3.89902,100,100
3.89882,100,100
3.89862,100,100
3.89842,100,100
3.89821,100,100
3.89801,100,100
3.89781,100,100
3.89761,100,100
3.89741,100,100
3.8972,100,100
3.897,100,100
3.8968,100,100
3.8966,100,100
3.8964,100,100
3.89619,100,100
3.89599,100,100
3.89579,100,100
3.89559,100,100
3.89538,100,100
3.89518,100,100
3.89498,100,100
3.89478,100,100
3.89458,100,100
3.89437,100,100
3.89417,100,100
3.89397,100,100
3.89377,100,100
3.89356,100,100
3.89336,100,100
3.89316,100,100
3.89296,100,100
3.89276,100,100
3.89255,100,100
3.89235,100,100
3.89215,100,100
3.89195,100,100
3.89175,100,100
3.89154,100,100
3.89134,100,100
3.89114,100,100
3.89094,100,100
3.89073,100,100
3.89053,100,100
3.89033,100,100
3.89013,100,100
3.88993,100,100
3.88972,100,100
3.88952,100,100
3.88932,100,100
3.88912,100,100
3.88892,100,100
3.88871,100,100
3.88851,100,100
3.88831,100,100
3.88811,100,100
3.8879,100,100
3.8877,100,100
3.8875,100,100
3.8873,100,100
3.8871,100,100
3.88689,100,100
3.88669,100,100
3.88649,100,100
3.88629,100,100
3.88608,100,100
3.88588,100,100
3.88568,100,100
3.88548,100,100
3.88528,100,100
3.88507,100,100
3.88487,100,100
3.88467,100,100
3.88447,100,100
3.88427,100,100
3.88406,100,100
3.88386,100,100
3.88366,100,100
3.88346,100,100
3.88325,100,100
3.88305,100,100
3.88285,100,100
3.88265,100,100
3.88245,100,100
3.88224,100,100
3.88204,100,100
3.88184,100,100
3.88164,100,100
3.88144,100,100
3.88123,100,100
3.88103,100,100
3.88083,100,100
3.88063,100,100
3.88042,100,100
3.88022,100,100
3.88002,100,100
3.87982,100,100
3.87962,100,100
3.87941,100,100
3.87921,100,100
3.87901,100,100
3.87881,100,100
3.8786,100,100
3.8784,100,100
3.8782,100,100
3.878,100,100
3.8778,100,100
3.87759,100,100
3.87739,100,100
3.87719,100,100
3.87699,100,100
3.87679,100,100
3.87658,100,100
3.87638,100,100
3.87618,100,100
3.87598,100,100
3.87577,100,100
3.87557,100,100
3.87537,100,100
3.87517,100,100
3.87497,100,100
3.87476,100,100
3.87456,100,100
3.87436,100,100
3.87416,100,100
3.87395,100,100
3.87375,100,100
3.87355,100,100
3.87335,100,100
3.87315,100,100
3.87294,100,100
3.87274,100,100
3.87254,100,100
3.87234,100,100
3.87214,100,100
3.87193,100,100
3.87173,100,100
3.87153,100,100
3.87133,100,100
3.87112,100,100
3.87092,100,100
3.87072,100,100
3.87052,100,100
3.87032,100,100
3.87011,100,100
3.86991,100,100
3.86971,100,100
3.86951,100,100
3.86931,100,100
3.8691,100,100
3.8689,100,100
3.8687,100,100
3.8685,100,100
3.86829,100,100
3.86809,100,100
3.86789,100,100
3.86769,100,100
3.86749,100,100
3.86728,100,100
3.86708,100,100
3.86688,100,100
3.86668,100,100
3.86647,100,100
3.86627,100,100
3.86607,100,100
3.86587,100,100
3.86567,100,100
3.86546,100,100
3.86526,100,100
3.86506,100,100
3.86486,100,100
3.86466,100,100
3.86445,100,100
3.86425,100,100
3.86405,100,100
3.86385,100,100
3.86364,100,100
3.86344,100,100
3.86324,100,100
3.86304,100,100
3.86284,100,100
3.86263,100,100
3.86243,100,100
3.86223,100,100
3.86203,100,100
3.86183,100,100
3.86162,100,100
3.86142,100,100
3.86122,100,100
3.86102,100,100
3.86081,100,100
3.86061,100,100
3.86041,100,100
3.86021,100,100
3.86001,100,100
3.8598,100,100
3.8596,100,100
3.8594,100,100
3.8592,100,100
3.85899,100,100
3.85879,100,100
3.85859,100,100
3.85839,100,100
3.85819,100,100
3.85798,100,100
3.85778,100,100
3.85758,100,100
3.85738,100,100
3.85718,100,100
3.85697,100,100
3.85677,100,100
3.85657,100,100
3.85637,100,100
3.85616,100,100
3.85596,100,100
3.85576,100,100
3.85556,100,100
3.85536,100,100
3.85515,100,100
3.85495,100,100
3.85475,100,100
3.85455,100,100
3.85435,100,100
3.85414,100,100
3.85394,100,100
3.85374,100,100
3.85354,100,100
3.85333,100,100
3.85313,100,100
3.85293,100,100
3.85273,100,100
3.85253,100,100
3.85232,100,100
3.85212,100,100
3.85192,100,100
3.85172,100,100
3.85151,100,100
3.85131,100,100
3.85111,100,100
3.85091,100,100
3.85071,100,100
3.8505,100,100
3.8503,100,100
3.8501,100,100
3.8499,100,100
3.8497,100,100
3.84949,100,100
3.84929,100,100
3.84909,100,100
3.84889,100,100
3.84868,100,100
3.84848,100,100
3.84828,100,100
3.84808,100,100
3.84788,100,100
3.84767,100,100
3.84747,100,100
3.84727,100,100
3.84707,100,100
3.84687,100,100
3.84666,100,100
3.84646,100,100
3.84626,100,100
3.84606,100,100
3.84585,100,100
3.84565,100,100
3.84545,100,100
3.84525,100,100
3.84505,100,100
3.84484,100,100
3.84464,100,100
3.84444,100,100
3.84424,100,100
3.84403,100,100
3.84383,100,100
3.84363,100,100
3.84343,100,100
3.84323,100,100
3.84302,100,100
3.84282,100,100
3.84262,100,100
3.84242,100,100
3.84222,100,100
3.84201,100,100
3.84181,100,100
3.84161,100,100
3.84141,100,100
3.8412,100,100
3.841,100,100
3.8408,100,100
3.8406,100,100
3.8404,100,100
3.84019,100,100
3.83999,100,100
3.83979,100,100
3.83959,100,100
3.83938,100,100
3.83918,100,100
3.83898,100,100
3.83878,100,100
3.83858,100,100
3.83837,100,100
3.83817,100,100
3.83797,100,100
3.83777,100,100
3.83757,100,100
3.83736,100,100
3.83716,100,100
3.83696,100,100
3.83676,100,100
3.83655,100,100
3.83635,100,100
3.83615,100,100
3.83595,100,100
3.83575,100,100
3.83554,100,100
3.83534,100,100
3.83514,100,100
3.83494,100,100
3.83474,100,100
3.83453,100,100
3.83433,100,100
3.83413,100,100
3.83393,100,100
3.83372,100,100
3.83352,100,100
3.83332,100,100
3.83312,100,100
3.83292,100,100
3.83271,100,100
3.83251,100,100
3.83231,100,100
3.83211,100,100
3.8319,100,100
3.8317,100,100
3.8315,100,100
3.8313,100,100
3.8311,100,100
3.83089,100,100
3.83069,100,100
3.83049,100,100
3.83029,100,100
3.83009,100,100
3.82988,100,100
3.82968,100,100
3.82948,100,100
3.82928,100,100
3.82907,100,100
3.82887,100,100
3.82867,100,100
3.82847,100,100
3.82827,100,100
3.82806,100,100
3.82786,100,100
3.82766,100,100
3.82746,100,100
3.82726,100,100
3.82705,100,100
3.82685,100,100
3.82665,100,100
3.82645,100,100
3.82624,100,100
3.82604,100,100
3.82584,100,100
3.82564,100,100
3.82544,100,100
3.82523,100,100
3.82503,100,100
3.82483,100,100
3.82463,100,100
3.82442,100,100
3.82422,100,100
3.82402,100,100
3.82382,100,100
3.82362,100,100
3.82341,100,100
3.82321,100,100
3.82301,100,100
3.82281,100,100
3.82261,100,100
3.8224,100,100
3.8222,100,100
3.822,100,100
3.8218,100,100
3.82159,100,100
3.82139,100,100
3.82119,100,100
3.82099,100,100
3.82079,100,100
3.82058,100,100
3.82038,100,100
3.82018,100,100
3.81998,100,100
3.81978,100,100
3.81957,100,100
3.81937,100,100
3.81917,100,100
3.81897,100,100
3.81876,100,100
3.81856,100,100
3.81836,100,100
3.81816,100,100
3.81796,100,100
3.81775,100,100
3.81755,100,100
3.81735,100,100
3.81715,100,100
3.81694,100,100
3.81674,100,100
3.81654,100,100
3.81634,100,100
3.81614,100,100
3.81593,100,100
3.81573,100,100
3.81553,100,100
3.81533,100,100
3.81513,100,100
3.81492,100,100
3.81472,100,100
3.81452,100,100
3.81432,100,100
3.81411,100,100
3.81391,100,100
3.81371,100,100
3.81351,100,100
3.81331,100,100
3.8131,100,100
3.8129,100,100
3.8127,100,100
3.8125,100,100
3.8123,100,100
3.81209,100,100
3.81189,100,100
3.81169,100,100
3.81149,100,100
3.81128,100,100
3.81108,100,100
3.81088,100,100
3.81068,100,100
3.81048,100,100
3.81027,100,100
3.81007,100,100
3.80987,100,100
3.80967,100,100
3.80946,100,100
3.80926,100,100
3.80906,100,100
3.80886,100,100
3.80866,100,100
3.80845,100,100
3.80825,100,100
3.80805,100,100
3.80785,100,100
3.80765,100,100
3.80744,100,100
3.80724,100,100
3.80704,100,100
3.80684,100,100
3.80663,100,100
3.80643,100,100
3.80623,100,100
3.80603,100,100
3.80583,100,100
3.80562,100,100
3.80542,100,100
3.80522,100,100
3.80502,100,100
3.80481,100,100
3.80461,100,100
3.80441,100,100
3.80421,100,100
3.80401,100,100
3.8038,100,100
3.8036,100,100
3.8034,100,100
3.8032,100,100
3.803,100,100
3.80279,100,100
3.80259,100,100
3.80239,100,100
3.80219,100,100
3.80198,100,100
3.80178,100,100
3.80158,100,100
3.80138,100,100
3.80118,100,100
3.80097,100,100
3.80077,100,100
3.80057,100,100
3.80037,100,100
3.80017,100,100
3.79996,100,100
3.79976,100,100
3.79956,100,100
3.79936,100,100
3.79915,100,100
3.79895,100,100
3.79875,100,100
3.79855,100,100
3.79835,100,100
3.79814,100,100
3.79794,100,100
3.79774,100,100
3.79754,100,100
3.79733,100,100
3.79713,100,100
3.79693,100,100
3.79673,100,100
3.79653,100,100
3.79632,100,100
3.79612,100,100
3.79592,100,100
3.79572,100,100
3.79552,100,100
3.79531,100,100
3.79511,100,100
3.79491,100,100
3.79471,100,100
3.7945,100,100
3.7943,100,100
3.7941,100,100
3.7939,100,100
3.7937,100,100
3.79349,100,100
3.79329,100,100
3.79309,100,100
3.79289,100,100
3.79269,100,100
3.79248,100,100
3.79228,100,100
3.79208,100,100
3.79188,100,100
3.79167,100,100
3.79147,100,100
3.79127,100,100
3.79107,100,100
3.79087,100,100
3.79066,100,100
3.79046,100,100
3.79026,100,100
3.79006,100,100
3.78985,100,100
3.78965,100,100
3.78945,100,100
3.78925,100,100
3.78905,100,100
3.78884,100,100
3.78864,100,100
3.78844,100,100
3.78824,100,100
3.78804,100,100
3.78783,100,100
3.78763,100,100
3.78743,100,100
3.78723,100,100
3.78702,100,100
3.78682,100,100
3.78662,100,100
3.78642,100,100
3.78622,100,100
3.78601,100,100
3.78581,100,100
3.78561,100,100
3.78541,100,100
3.78521,100,100
3.785,100,100
3.7848,100,100
3.7846,100,100
3.7844,100,100
3.78419,100,100
3.78399,100,100
3.78379,100,100
3.78359,100,100
3.78339,100,100
3.78318,100,100
3.78298,100,100
3.78278,100,100
3.78258,100,100
3.78237,100,100
3.78217,100,100
3.78197,100,100
3.78177,100,100
3.78157,100,100
3.78136,100,100
3.78116,100,100
3.78096,100,100
3.78076,100,100
3.78056,100,100
3.78035,100,100
3.78015,100,100
3.77995,100,100
3.77975,100,100
3.77954,100,100
3.77934,100,100
3.77914,100,100
3.77894,100,100
3.77874,100,100
3.77853,100,100
3.77833,100,100
3.77813,100,100
3.77793,100,100
3.77772,100,100
3.77752,100,100
3.77732,100,100
3.77712,100,100
3.77692,100,100
3.77671,100,100
3.77651,100,100
3.77631,100,100
3.77611,100,100
3.77591,100,100
3.7757,100,100
3.7755,100,100
3.7753,100,100
3.7751,100,100
3.77489,100,100
3.77469,100,100
3.77449,100,100
3.77429,100,100
3.77409,100,100
3.77388,100,100
3.77368,100,100
3.77348,100,100
3.77328,100,100
3.77308,100,100
3.77287,100,100
3.77267,100,100
3.77247,100,100
3.77227,100,100
3.77206,100,100
3.77186,100,100
3.77166,100,100
3.77146,100,100
3.77126,100,100
3.77105,100,100
3.77085,100,100
3.77065,100,100
3.77045,100,100
3.77024,100,100
3.77004,100,100
3.76984,100,100
3.76964,100,100
3.76944,100,100
3.76923,100,100
3.76903,100,100
3.76883,100,100
3.76863,100,100
3.76843,100,100
3.76822,100,100
3.76802,100,100
3.76782,100,100
3.76762,100,100
3.76741,100,100
3.76721,100,100
3.76701,100,100
3.76681,100,100
3.76661,100,100
3.7664,100,100
3.7662,100,100
3.766,100,100
3.7658,100,100
3.7656,100,100
3.76539,100,100
3.76519,100,100
3.76499,100,100
3.76479,100,100
3.76458,100,100
3.76438,100,100
3.76418,100,100
3.76398,100,100
3.76378,100,100
3.76357,100,100
3.76337,100,100
3.76317,100,100
3.76297,100,100
3.76276,100,100
3.76256,100,100
3.76236,100,100
3.76216,100,100
3.76196,100,100
3.76175,100,100
3.76155,100,100
3.76135,100,100
3.76115,100,100
3.76095,100,100
3.76074,100,100
3.76054,100,100
3.76034,100,100
3.76014,100,100
3.75993,100,100
3.75973,100,100
3.75953,100,100
3.75933,100,100
3.75913,100,100
3.75892,100,100
3.75872,100,100
3.75852,100,100
3.75832,100,100
3.75812,100,100
3.75791,100,100
3.75771,100,100
3.75751,100,100
3.75731,100,100
3.7571,100,100
3.7569,100,100
3.7567,100,100
3.7565,100,100
3.7563,100,100
3.75609,100,100
3.75589,100,100
3.75569,100,100
3.75549,100,100
3.75528,100,100
3.75508,100,100
3.75488,100,100
3.75468,100,100
3.75448,100,100
3.75427,100,100
3.75407,100,100
3.75387,100,100
3.75367,100,100
3.75347,100,100
3.75326,100,100
3.75306,100,100
3.75286,100,100
3.75266,100,100
3.75245,100,100
3.75225,100,100
3.75205,100,100
3.75185,100,100
3.75165,100,100
3.75144,100,100
3.75124,100,100
3.75104,100,100
3.75084,100,100
3.75064,100,100
3.75043,100,100
3.75023,100,100
3.75003,100,100
3.74983,100,100
3.74962,100,100
3.74942,100,100
3.74922,100,100
3.74902,100,100
3.74882,100,100
3.74861,100,100
3.74841,100,100
3.74821,100,100
3.74801,100,100
3.7478,100,100
3.7476,100,100
3.7474,100,100
3.7472,100,100
3.747,100,100
3.74679,100,100
3.74659,100,100
3.74639,100,100
3.74619,100,100
3.74599,100,100
3.7458,100,100
3.7456,100,100
3.7454,100,100
3.7452,100,100
3.745,100,100
3.74481,100,100
3.74461,100,100
3.74441,100,100
3.74421,100,100
3.74401,100,100
3.74382,100,100
3.74362,100,100
3.74342,100,100
3.74322,100,100
3.74302,100,100
3.74283,100,100
3.74263,100,100
3.74243,100,100
3.74223,100,100
3.74203,100,100
3.74184,100,100
3.74164,100,100
3.74144,100,100
3.74124,100,100
3.74105,100,100
3.74085,100,100
3.74065,100,100
3.74045,100,100
3.74025,100,100
3.74006,100,100
3.73986,100,100
3.73966,100,100
3.73946,100,100
3.73926,100,100
3.73907,100,100
3.73887,100,100
3.73867,100,100
3.73847,100,100
3.73827,100,100
3.73808,100,100
3.73788,100,100
3.73768,100,100
3.73748,100,100
3.73728,100,100
3.73709,100,100
3.73689,100,100
3.73669,100,100
3.73649,100,100
3.7363,100,100
3.7361,100,100
3.7359,100,100
3.7357,100,100
3.7355,100,100
3.73531,100,100
3.73511,100,100
3.73491,100,100
3.73471,100,100
3.73451,100,100
3.73432,100,100
3.73412,100,100
3.73392,100,100
3.73372,100,100
3.73352,100,100
3.73333,100,100
3.73313,100,100
3.73293,100,100
3.73273,100,100
3.73253,100,100
3.73234,100,100
3.73214,100,100
3.73194,100,100
3.73174,100,100
3.73155,100,100
3.73135,100,100
3.73115,100,100
3.73095,100,100
3.73075,100,100
3.73056,100,100
3.73036,100,100
3.73016,100,100
3.72996,100,100
3.72976,100,100
3.72957,100,100
3.72937,100,100
3.72917,100,100
3.72897,100,100
3.72877,100,100
3.72858,100,100
3.72838,100,100
3.72818,100,100
3.72798,100,100
3.72778,100,100
3.72759,100,100
3.72739,100,100
3.72719,100,100
3.72699,100,100
3.7268,100,100
3.7266,100,100
3.7264,100,100
3.7262,100,100
3.72601,100,100
3.72581,100,100
3.72561,100,100
3.72542,100,100
3.72522,100,100
3.72502,100,100
3.72482,100,100
3.72463,100,100
3.72443,100,100
3.72423,100,100
3.72404,100,100
3.72384,100,100
3.72364,100,100
3.72344,100,100
3.72325,100,100
3.72305,100,100
3.72285,100,100
3.72266,100,100
3.72246,100,100
3.72226,100,100
3.72207,100,100
3.72187,100,100
3.72167,100,100
3.72147,100,100
3.72128,100,100
3.72108,100,100
3.72088,100,100
3.72069,100,100
3.72049,100,100
3.72029,100,100
3.7201,100,100
3.7199,100,100
3.7197,100,100
3.7195,100,100
3.71931,100,100
3.71911,100,100
3.71891,100,100
3.71872,100,100
3.71852,100,100
3.71832,100,100
3.71813,100,100
3.71793,100,100
3.71773,100,100
3.71753,100,100
3.71734,100,100
3.71714,100,100
3.71694,100,100
3.71675,100,100
3.71655,100,100
3.71635,100,100
3.71615,100,100
3.71596,100,100
3.71576,100,100
3.71556,100,100
3.71537,100,100
3.71517,100,100
3.71497,100,100
3.71478,100,100
3.71458,100,100
3.71438,100,100
3.71418,100,100
3.71399,100,100
3.71379,100,100
3.71359,100,100
3.7134,100,100
3.7132,100,100
3.713,100,100
3.71281,100,100
3.71261,100,100
3.71241,100,100
3.71221,100,100
3.71202,100,100
3.71182,100,100
3.71162,100,100
3.71143,100,100
3.71123,100,100
3.71103,100,100
3.71084,100,100
3.71064,100,100
3.71044,100,100
3.71024,100,100
3.71005,100,100
3.70985,100,100
3.70965,100,100
3.70946,100,100
3.70926,100,100
3.70906,100,100
3.70886,100,100
3.70867,100,100
3.70847,100,100
3.70827,100,100
3.70808,100,100
3.70788,100,100
3.70768,100,100
3.70749,100,100
3.70729,100,100
3.70709,100,100
3.70689,100,100
3.7067,100,100
3.7065,100,100
3.7063,100,100
3.7061,100,100
3.70591,100,100
3.70571,100,100
3.70551,100,100
3.70532,100,100
3.70512,100,100
3.70492,100,100
3.70472,100,100
3.70453,100,100
3.70433,100,100
3.70413,100,100
3.70393,100,100
3.70374,100,100
3.70354,100,100
3.70334,100,100
3.70314,100,100
3.70295,100,100
3.70275,100,100
3.70255,100,100
3.70235,100,100
3.70216,100,100
3.70196,100,100
3.70176,100,100
3.70157,100,100
3.70137,100,100
3.70117,100,100
3.70097,100,100
3.70078,100,100
3.70058,100,100
3.70038,100,100
3.70018,100,100
3.69999,100,100
3.69979,100,100
3.69959,100,100
3.69939,100,100
3.6992,100,100
3.699,100,100
3.6988,100,100
3.6986,100,100
3.69841,100,100
3.69821,100,100
3.69801,100,100
3.69781,100,100
3.69762,100,100
3.69742,100,100
3.69722,100,100
3.69703,100,100
3.69683,100,100
3.69663,100,100
3.69643,100,100
3.69624,100,100
3.69604,100,100
3.69584,100,100
3.69564,100,100
3.69545,100,100
3.69525,100,100
3.69505,100,100
3.69485,100,100
3.69466,100,100
3.69446,100,100
3.69426,100,100
3.69406,100,100
3.69387,100,100
3.69367,100,100
3.69347,100,100
3.69327,100,100
3.69308,100,100
3.69288,100,100
3.69268,100,100
3.69249,100,100
3.69229,100,100
3.69209,100,100
3.69189,100,100
3.6917,100,100
3.6915,100,100
3.6913,100,100
3.6911,100,100
3.69091,100,100
3.69071,100,100
3.69051,100,100
3.69031,100,100
3.69012,100,100
3.68992,100,100
3.68972,100,100
3.68952,100,100
3.68933,100,100
3.68913,100,100
3.68893,100,100
3.68873,100,100
3.68854,100,100
3.68834,100,100
3.68814,100,100
3.68795,100,100
3.68775,100,100
3.68755,100,100
3.68735,100,100
3.68716,100,100
3.68695,100,100
3.68675,100,100
3.68655,100,100
3.68635,100,100
3.68615,100,100
3.68594,100,100
3.68574,100,100
3.68554,100,100
3.68534,100,100
3.68513,100,100
3.68493,100,100
3.68473,100,100
3.68453,100,100
3.68433,100,100
3.68412,100,100
3.68392,100,100
3.68372,100,100
3.68352,100,100
3.68332,100,100
3.68311,100,100
3.68291,100,100
3.68271,100,100
3.68251,100,100
3.6823,100,100
3.6821,100,100
3.6819,100,100
3.6817,100,100
3.6815,100,100
3.68129,100,100
3.68109,100,100
3.68089,100,100
3.68069,100,100
3.68049,100,100
3.68028,100,100
3.68008,100,100
3.67988,100,100
3.67968,100,100
3.67947,100,100
3.67927,100,100
3.67907,100,100
3.67887,100,100
3.67867,100,100
3.67846,100,100
3.67826,100,100
3.67806,100,100
3.67786,100,100
3.67765,100,100
3.67745,100,100
3.67725,100,100
3.67705,100,100
3.67685,100,100
3.67664,100,100
3.67644,100,100
3.67624,100,100
3.67604,100,100
3.67584,100,100
3.67563,100,100
3.67543,100,100
3.67523,100,100
3.67503,100,100
3.67482,100,100
3.67462,100,100
3.67442,100,100
3.67422,100,100
3.67402,100,100
3.67381,100,100
3.67361,100,100
3.67341,100,100
3.67321,100,100
3.673,100,100
3.6728,100,100
3.6726,100,100
3.6724,100,100
3.6722,100,100
3.67199,100,100
3.67179,100,100
3.67159,100,100
3.67139,100,100
3.67119,100,100
3.67098,100,100
3.67078,100,100
3.67058,100,100
3.67038,100,100
3.67017,100,100
3.66997,100,100
3.66977,100,100
3.66957,100,100
3.66937,100,100
3.66916,100,100
3.66896,100,100
3.66876,100,100
3.66856,100,100
3.66836,100,100
3.66815,100,100
3.66795,100,100
3.66775,100,100
3.66755,100,100
3.66734,100,100
3.66714,100,100
3.66694,100,100
3.66674,100,100
3.66654,100,100
3.66634,100,100
3.66614,100,100
3.66594,100,100
3.66574,100,100
3.66554,100,100
3.66535,100,100
3.66515,100,100
3.66495,100,100
3.66475,100,100
3.66455,100,100
3.66435,100,100
3.66415,100,100
3.66395,100,100
3.66375,100,100
3.66355,100,100
3.66335,100,100
3.66315,100,100
3.66295,100,100
3.66275,100,100
3.66255,100,100
3.66236,100,100
3.66216,100,100
3.66196,100,100
3.66176,100,100
3.66156,100,100
3.66136,100,100
3.66116,100,100
3.66096,100,100
3.66076,100,100
3.66056,100,100
3.66036,100,100
3.66016,100,100
3.65996,100,100
3.65976,100,100
3.65956,100,100
3.65937,100,100
3.65917,100,100
3.65897,100,100
3.65877,100,100
3.65857,100,100
3.65837,100,100
3.65817,100,100
3.65797,100,100
3.65777,100,100
3.65757,100,100
3.65737,100,100
3.65717,100,100
3.65697,100,100
3.65677,100,100
3.65657,100,100
3.65638,100,100
3.65618,100,100
3.65598,100,100
3.65578,100,100
3.65558,100,100
3.65538,100,100
3.65518,100,100
3.65498,100,100
3.65478,100,100
3.65458,100,100
3.65438,100,100
3.65418,100,100
3.65398,100,100
3.65378,100,100
3.65359,100,100
3.65339,100,100
3.65319,100,100
3.65299,100,100
3.65279,100,100
3.65259,100,100
3.65239,100,100
3.65219,100,100
3.65199,100,100
3.65179,100,100
3.65159,100,100
3.65139,100,100
3.65119,100,100
3.65099,100,100
3.65079,100,100
3.6506,100,100
3.6504,100,100
3.6502,100,100
3.65,100,100
3.6498,100,100
3.6496,100,100
3.6494,100,100
3.6492,100,100
3.649,100,100
3.6488,100,100
3.6486,100,100
3.6484,100,100
3.6482,100,100
3.648,100,100
3.6478,100,100
3.64761,100,100
3.64741,100,100
3.64721,100,100
3.64701,100,100
3.64681,100,100
3.64661,100,100
3.64642,100,100
3.64622,100,100
3.64602,100,100
3.64582,100,100
3.64563,100,100
3.64543,100,100
3.64523,100,100
3.64504,100,100
3.64484,100,100
3.64464,100,100
3.64445,100,100
3.64425,100,100
3.64405,100,100
3.64385,100,100
3.64366,100,100
3.64346,100,100
3.64326,100,100
3.64307,100,100
3.64287,100,100
3.64267,100,100
3.64248,100,100
3.64228,100,100
3.64208,100,100
3.64188,100,100
3.64169,100,100
3.64149,100,100
3.64129,100,100
3.6411,100,100
3.6409,100,100
3.6407,100,100
3.64051,100,100
3.64031,100,100
3.64011,100,100
3.63991,100,100
3.63972,100,100
3.63952,100,100
3.63932,100,100
3.63913,100,100
3.63893,100,100
3.63873,100,100
3.63853,100,100
3.63834,100,100
3.63814,100,100
3.63794,100,100
3.63775,100,100
3.63755,100,100
3.63735,100,100
3.63716,100,100
3.63696,100,100
3.63676,100,100
3.63656,100,100
3.63637,100,100
3.63617,100,100
3.63597,100,100
3.63578,100,100
3.63558,100,100
3.63538,100,100
3.63519,100,100
3.63499,100,100
3.63479,100,100
3.63459,100,100
3.6344,100,100
3.6342,100,100
3.634,100,100
3.63381,100,100
3.63361,100,100
3.63341,100,100
3.63322,100,100
3.63302,100,100
3.63282,100,100
3.63262,100,100
3.63243,100,100
3.63223,100,100
3.63203,100,100
3.63184,100,100
3.63164,100,100
3.63144,100,100
3.63124,100,100
3.63105,100,100
3.63085,100,100
3.63065,100,100
3.63046,100,100
3.63026,100,100
3.63006,100,100
3.62987,100,100
3.62967,100,100
3.62947,100,100
3.62927,100,100
3.62908,100,100
3.62888,100,100
3.62868,100,100
3.62849,100,100
3.62829,100,100
3.62809,100,100
3.6279,100,100
3.6277,100,100
3.6275,100,100
3.6273,100,100
3.62711,100,100
3.62691,100,100
3.62671,100,100
3.62652,100,100
3.62632,100,100
3.62612,100,100
3.62593,100,100
3.62573,100,100
3.62553,100,100
3.62533,100,100
3.62514,100,100
3.62494,100,100
3.62474,100,100
3.62455,100,100
3.62435,100,100
3.62415,100,100
3.62395,100,100
3.62376,100,100
3.62356,100,100
3.62336,100,100
3.62317,100,100
3.62297,100,100
3.62277,100,100
3.62258,100,100
3.62238,100,100
3.62218,100,100
3.62198,100,100
3.62179,100,100
3.62159,100,100
3.62139,100,100
3.6212,100,100
3.621,100,100
3.6208,100,100
3.62061,100,100
3.62041,100,100
3.62021,100,100
3.62001,100,100
3.61982,100,100
3.61962,100,100
3.61942,100,100
3.61923,100,100
3.61903,100,100
3.61883,100,100
3.61863,100,100
3.61844,100,100
3.61824,100,100
3.61804,100,100
3.61785,100,100
3.61765,100,100
3.61745,100,100
3.61726,100,100
3.61706,100,100
3.61686,100,100
3.61666,100,100
3.61647,100,100
3.61627,100,100
3.61607,100,100
3.61588,100,100
3.61568,100,100
3.61548,100,100
3.61529,100,100
3.61509,100,100
3.61489,100,100
3.61469,100,100
3.6145,100,100
3.6143,100,100
3.6141,100,100
3.61391,100,100
3.61371,100,100
3.61351,100,100
3.61332,100,100
3.61312,100,100
3.61292,100,100
3.61272,100,100
3.61253,100,100
3.61233,100,100
3.61213,100,100
3.61194,100,100
3.61174,100,100
3.61154,100,100
3.61134,100,100
3.61115,100,100
3.61095,100,100
3.61075,100,100
3.61056,100,100
3.61036,100,100
3.61016,100,100
3.60997,100,100
3.60977,100,100
3.60957,100,100
3.60937,100,100
3.60918,100,100
3.60898,100,100
3.60878,100,100
3.60859,100,100
3.60839,100,100
3.60819,100,100
3.608,100,100
3.6078,100,100
3.6076,100,100
3.6074,100,100
3.60721,100,100
3.60701,100,100
3.60681,100,100
3.60662,100,100
3.60642,100,100
3.60622,100,100
3.60603,100,100
3.60583,100,100
3.60563,100,100
3.60543,100,100
3.60524,100,100
3.60504,100,100
3.60484,100,100
3.60465,100,100
3.60445,100,100
3.60425,100,100
3.60405,100,100
3.60386,100,100
3.60366,100,100
3.60346,100,100
3.60327,100,100
3.60307,100,100
3.60287,100,100
3.60268,100,100
3.60248,100,100
3.60228,100,100
3.60208,100,100
3.60189,100,100
3.60169,100,100
3.60149,100,100
3.6013,100,100
3.6011,100,100
3.6009,100,100
3.60071,100,100
3.60051,100,100
3.60031,100,100
3.60011,100,100
3.59992,100,100
3.59972,100,100
3.59952,100,100
3.59933,100,100
3.59913,100,100
3.59893,100,100
3.59874,100,100
3.59854,100,100
3.59834,100,100
3.59814,100,100
3.59795,100,100
3.59775,100,100
3.59755,100,100
3.59736,100,100
3.59716,100,100
3.59696,100,100
3.59676,100,100
3.59657,100,100
3.59637,100,100
3.59617,100,100
3.59598,100,100
3.59578,100,100
3.59558,100,100
3.59539,100,100
3.59519,100,100
3.59499,100,100
3.59479,100,100
3.5946,100,100
3.5944,100,100
3.5942,100,100
3.59401,100,100
3.59381,100,100
3.59361,100,100
3.59342,100,100
3.59322,100,100
3.59302,100,100
3.59282,100,100
3.59263,100,100
3.59243,100,100
3.59223,100,100
3.59204,100,100
3.59184,100,100
3.59164,100,100
3.59145,100,100
3.59125,100,100
3.59105,100,100
3.59085,100,100
3.59066,100,100
3.59046,100,100
3.59026,100,100
3.59007,100,100
3.58987,100,100
3.58967,100,100
3.58947,100,100
3.58928,100,100
3.58908,100,100
3.58888,100,100
3.58869,100,100
3.58849,100,100
3.58829,100,100
3.5881,100,100
3.5879,100,100
3.5877,100,100
3.5875,100,100
3.58731,100,100
3.58711,100,100
3.58691,100,100
3.58672,100,100
3.58652,100,100
3.58632,100,100
3.58613,100,100
3.58593,100,100
3.58573,100,100
3.58553,100,100
3.58534,100,100
3.58514,100,100
3.58494,100,100
3.58475,100,100
3.58455,100,100
3.58435,100,100
3.58415,100,100
3.58396,100,100
3.58376,100,100
3.58356,100,100
3.58337,100,100
3.58317,100,100
3.58297,100,100
3.58278,100,100
3.58258,100,100
3.58238,100,100
3.58218,100,100
3.58199,100,100
3.58179,100,100
3.58159,100,100
3.5814,100,100
3.5812,100,100
3.581,100,100
3.58081,100,100
3.58061,100,100
3.58041,100,100
3.58021,100,100
3.58002,100,100
3.57982,100,100
3.57962,100,100
3.57943,100,100
3.57923,100,100
3.57903,100,100
3.57884,100,100
3.57864,100,100
3.57844,100,100
3.57824,100,100
3.57805,100,100
3.57785,100,100
3.57765,100,100
3.57746,100,100
3.57726,100,100
3.57706,100,100
3.57686,100,100
3.57667,100,100
3.57647,100,100
3.57627,100,100
3.57608,100,100
3.57588,100,100
3.57568,100,100
3.57549,100,100
3.57529,100,100
3.57509,100,100
3.57489,100,100
3.5747,100,100
3.5745,100,100
3.5743,100,100
3.57411,100,100
3.57391,100,100
3.57371,100,100
3.57352,100,100
3.57332,100,100
3.57312,100,100
3.57292,100,100
3.57273,100,100
3.57253,100,100
3.57233,100,100
3.57214,100,100
3.57194,100,100
3.57174,100,100
3.57155,100,100
3.57135,100,100
3.57115,100,100
3.57095,100,100
3.57076,100,100
3.57056,100,100
3.57036,100,100
3.57017,100,100
3.56997,100,100
3.56977,100,100
3.56957,100,100
3.56938,100,100
3.56918,100,100
3.56898,100,100
3.56879,100,100
3.56859,100,100
3.56839,100,100
3.5682,100,100
3.568,100,100
3.5678,100,100
3.5676,100,100
3.56741,100,100
3.56721,100,100
3.56701,100,100
3.56682,100,100
3.56662,100,100
3.56642,100,100
3.56623,100,100
3.56603,100,100
3.56583,100,100
3.56563,100,100
3.56544,100,100
3.56524,100,100
3.56504,100,100
3.56485,100,100
3.56465,100,100
3.56445,100,100
3.56426,100,100
3.56406,100,100
3.56386,100,100
3.56366,100,100
3.56347,100,100
3.56327,100,100
3.56307,100,100
3.56288,100,100
3.56268,100,100
3.56248,100,100
3.56228,100,100
3.56209,100,100
3.56189,100,100
3.56169,100,100
3.5615,100,100
3.5613,100,100
3.5611,100,100
3.56091,100,100
3.56071,100,100
3.56051,100,100
3.56031,100,100
3.56012,100,100
3.55992,100,100
3.55972,100,100
3.55953,100,100
3.55933,100,100
3.55913,100,100
3.55894,100,100
3.55874,100,100
3.55854,100,100
3.55834,100,100
3.55815,100,100
3.55795,100,100
3.55775,100,100
3.55756,100,100
3.55736,100,100
3.55716,100,100
3.55697,100,100
3.55677,100,100
3.55657,100,100
3.55637,100,100
3.55618,100,100
3.55598,100,100
3.55578,100,100
3.55559,100,100
3.55539,100,100
3.55519,100,100
3.55499,100,100
3.5548,100,100
3.5546,100,100
3.5544,100,100
3.55421,100,100
3.55401,100,100
3.55381,100,100
3.55362,100,100
3.55342,100,100
3.55322,100,100
3.55302,100,100
3.55283,100,100
3.55263,100,100
3.55243,100,100
3.55224,100,100
3.55204,100,100
3.55184,100,100
3.55165,100,100
3.55145,100,100
3.55125,100,100
3.55105,100,100
3.55086,100,100
3.55066,100,100
3.55046,100,100
3.55027,100,100
3.55007,100,100
3.54987,100,100
3.54967,100,100
3.54948,100,100
3.54928,100,100
3.54908,100,100
3.54889,100,100
3.54869,100,100
3.54849,100,100
3.5483,100,100
3.5481,100,100
3.5479,100,100
3.5477,100,100
3.54751,100,100
3.54731,100,100
3.54711,100,100
3.54692,100,100
3.54672,100,100
3.54652,100,100
3.54633,100,100
3.54613,100,100
3.54593,100,100
3.54573,100,100
3.54554,100,100
3.54534,100,100
3.54514,100,100
3.54495,100,100
3.54475,100,100
3.54455,100,100
3.54436,100,100
3.54416,100,100
3.54396,100,100
3.54376,100,100
3.54357,100,100
3.54337,100,100
3.54317,100,100
3.54298,100,100
3.54278,100,100
3.54258,100,100
3.54238,100,100
3.54219,100,100
3.54199,100,100
3.54179,100,100
3.5416,100,100
3.5414,100,100
3.5412,100,100
3.54101,100,100
3.54081,100,100
3.54061,100,100
3.54041,100,100
3.54022,100,100
3.54002,100,100
3.53982,100,100
3.53963,100,100
3.53943,100,100
3.53923,100,100
3.53904,100,100
3.53884,100,100
3.53864,100,100
3.53844,100,100
3.53825,100,100
3.53805,100,100
3.53785,100,100
3.53766,100,100
3.53746,100,100
3.53726,100,100
3.53707,100,100
3.53687,100,100
3.53667,100,100
3.53647,100,100
3.53628,100,100
3.53608,100,100
3.53588,100,100
3.53569,100,100
3.53549,100,100
3.53529,100,100
3.53509,100,100
3.5349,100,100
3.5347,100,100
3.5345,100,100
3.53431,100,100
3.53411,100,100
3.53391,100,100
3.53372,100,100
3.53352,100,100
3.53332,100,100
3.53312,100,100
3.53293,100,100
3.53273,100,100
3.53253,100,100
3.53234,100,100
3.53214,100,100
3.53194,100,100
3.53175,100,100
3.53155,100,100
3.53135,100,100
3.53115,100,100
3.53096,100,100
3.53076,100,100
3.53056,100,100
3.53037,100,100
3.53017,100,100
3.52997,100,100
3.52978,100,100
3.52958,100,100
3.52938,100,100
3.52918,100,100
3.52899,100,100
3.52879,100,100
3.52859,100,100
3.5284,100,100
3.5282,100,100
3.528,100,100
3.5278,100,100
3.52761,100,100
3.52741,100,100
3.52721,100,100
3.52702,100,100
3.52682,100,100
3.52662,100,100
3.52643,100,100
3.52623,100,100
3.52603,100,100
3.52583,100,100
3.52564,100,100
3.52544,100,100
3.52524,100,100
3.52505,100,100
3.52485,100,100
3.52465,100,100
3.52446,100,100
3.52426,100,100
3.52406,100,100
3.52386,100,100
3.52367,100,100
3.52347,100,100
3.52327,100,100
3.52308,100,100
3.52288,100,100
3.52268,100,100
3.52249,100,100
3.52229,100,100
3.52209,100,100
3.52189,100,100
3.5217,100,100
3.5215,100,100
3.5213,100,100
3.52111,100,100
3.52091,100,100
3.52071,100,100
3.52051,100,100
3.52032,100,100
3.52012,100,100
3.51992,100,100
3.51973,100,100
3.51953,100,100
3.51933,100,100
3.51914,100,100
3.51894,100,100
3.51874,100,100
3.51854,100,100
3.51835,100,100
3.51815,100,100
3.51795,100,100
3.51776,100,100
3.51756,100,100
3.51736,100,100
3.51717,100,100
3.51697,100,100
3.51677,100,100
3.51657,100,100
3.51638,100,100
3.51618,100,100
3.51598,100,100
3.51579,100,100
3.51559,100,100
3.51539,100,100
3.51519,100,100
3.515,100,100
3.5148,100,100
3.5146,100,100
3.51441,100,100
3.51421,100,100
3.51401,100,100
3.51382,100,100
3.51362,100,100
3.51342,100,100
3.51322,100,100
3.51303,100,100
3.51283,100,100
3.51263,100,100
3.51244,100,100
3.51224,100,100
3.51204,100,100
3.51185,100,100
3.51165,100,100
3.51145,100,100
3.51125,100,100
3.51106,100,100
3.51086,100,100
3.51066,100,100
3.51047,100,100
3.51027,100,100
3.51007,100,100
3.50988,100,100
3.50968,100,100
3.50948,100,100
3.50928,100,100
3.50909,100,100
3.50889,100,100
3.50869,100,100
3.5085,100,100
3.5083,100,100
3.5081,100,100
3.50791,100,100
3.50771,100,100
3.50751,100,100
3.50732,100,100
3.50712,100,100
3.50692,100,100
3.50673,100,100
3.50653,100,100
3.50633,100,100
3.50614,100,100
3.50594,100,100
3.50574,100,100
3.50555,100,100
3.50535,100,100
3.50515,100,100
3.50496,100,100
3.50476,100,100
3.50456,100,100
3.50437,100,100
3.50417,100,100
3.50397,100,100
3.50377,100,100
3.50358,100,100
3.50338,100,100
3.50318,100,100
3.50299,100,100
3.50279,100,100
3.50259,100,100
3.5024,100,100
3.5022,100,100
3.502,100,100
3.50181,100,100
3.50161,100,100
3.50141,100,100
3.50122,100,100
3.50102,100,100
3.50082,100,100
3.50063,100,100
3.50043,100,100
3.50023,100,100
3.50004,100,100
3.49984,100,100
3.49964,100,100
3.49945,100,100
3.49925,100,100
3.49905,100,100
3.49886,100,100
3.49866,100,100
3.49846,100,100
3.49827,100,100
3.49807,100,100
3.49787,100,100
3.49768,100,100
3.49748,100,100
3.49728,100,100
3.49709,100,100
3.49689,100,100
3.49669,100,100
3.4965,100,100
3.4963,100,100
3.4961,100,100
3.4959,100,100
3.49571,100,100
3.49551,100,100
3.49531,100,100
3.49512,100,100
3.49492,100,100
3.49472,100,100
3.49453,100,100
3.49433,100,100
3.49413,100,100
3.49394,100,100
3.49374,100,100
3.49354,100,100
3.49335,100,100
3.49315,100,100
3.49295,100,100
3.49276,100,100
3.49256,100,100
3.49236,100,100
3.49217,100,100
3.49197,100,100
3.49177,100,100
3.49158,100,100
3.49138,100,100
3.49118,100,100
3.49099,100,100
3.49079,100,100
3.49059,100,100
3.4904,100,100
3.4902,100,100
3.49,100,100
3.48981,100,100
3.48961,100,100
3.48941,100,100
3.48922,100,100
3.48902,100,100
3.48882,100,100
3.48862,100,100
3.48843,100,100
3.48823,100,100
3.48803,100,100
3.48784,100,100
3.48764,100,100
3.48744,100,100
3.48724,100,100
3.48705,100,100
3.48685,100,100
3.48665,100,100
3.48646,100,100
3.48626,100,100
3.48606,100,100
3.48587,100,100
3.48567,100,100
3.48547,100,100
3.48527,100,100
3.48508,100,100
3.48488,100,100
3.48468,100,100
3.48449,100,100
3.48429,100,100
3.48409,100,100
3.4839,100,100
3.4837,100,100
3.4835,100,100
3.4833,100,100
3.48311,100,100
3.48291,100,100
3.48271,100,100
3.48252,100,100
3.48232,100,100
3.48212,100,100
3.48193,100,100
3.48173,100,100
3.48153,100,100
3.48133,100,100
3.48114,100,100
3.48094,100,100
3.48074,100,100
3.48055,100,100
3.48035,100,100
3.48015,100,100
3.47995,100,100
3.47976,100,100
3.47956,100,100
3.47936,100,100
3.47917,100,100
3.47897,100,100
3.47877,100,100
3.47858,100,100
3.47838,100,100
3.47818,100,100
3.47798,100,100
3.47779,100,100
3.47759,100,100
3.47739,100,100
3.4772,100,100
3.477,100,100
3.4768,100,100
3.47661,100,100
3.47641,100,100
3.47621,100,100
3.47601,100,100
3.47582,100,100
3.47562,100,100
3.47542,100,100
3.47523,100,100
3.47503,100,100
3.47483,100,100
3.47464,100,100
3.47444,100,100
3.47424,100,100
3.47404,100,100
3.47385,100,100
3.47365,100,100
3.47345,100,100
3.47326,100,100
3.47306,100,100
3.47286,100,100
3.47266,100,100
3.47247,100,100
3.47227,100,100
3.47207,100,100
3.47188,100,100
3.47168,100,100
3.47148,100,100
3.47129,100,100
3.47109,100,100
3.47089,100,100
3.47069,100,100
3.4705,100,100
3.4703,100,100
3.4701,100,100
3.46991,100,100
3.46971,100,100
3.46951,100,100
3.46932,100,100
3.46912,100,100
3.46892,100,100
3.46872,100,100
3.46853,100,100
3.46833,100,100
3.46813,100,100
3.46794,100,100
3.46774,100,100
3.46754,100,100
3.46735,100,100
3.46715,100,100
3.46695,100,100
3.46675,100,100
3.46656,100,100
3.46636,100,100
3.46616,100,100
3.46597,100,100
3.46577,100,100
3.46557,100,100
3.46537,100,100
3.46518,100,100
3.46498,100,100
3.46478,100,100
3.46459,100,100
3.46439,100,100
3.46419,100,100
3.464,100,100
3.4638,100,100
3.4636,100,100
3.4634,100,100
3.46321,100,100
3.46301,100,100
3.46281,100,100
3.46262,100,100
3.46242,100,100
3.46222,100,100
3.46203,100,100
3.46183,100,100
3.46163,100,100
3.46143,100,100
3.46124,100,100
3.46104,100,100
3.46084,100,100
3.46065,100,100
3.46045,100,100
3.46025,100,100
3.46005,100,100
3.45986,100,100
3.45966,100,100
3.45946,100,100
3.45927,100,100
3.45907,100,100
3.45887,100,100
3.45868,100,100
3.45848,100,100
3.45828,100,100
3.45808,100,100
3.45789,100,100
3.45769,100,100
3.45749,100,100
3.4573,100,100
3.4571,100,100
3.4569,100,100
3.45671,100,100
3.45651,100,100
3.45631,100,100
3.45611,100,100
3.45592,100,100
3.45572,100,100
3.45552,100,100
3.45533,100,100
3.45513,100,100
3.45493,100,100
3.45474,100,100
3.45454,100,100
3.45434,100,100
3.45414,100,100
3.45395,100,100
3.45375,100,100
3.45355,100,100
3.45336,100,100
3.45316,100,100
3.45296,100,100
3.45276,100,100
3.45257,100,100
3.45237,100,100
3.45217,100,100
3.45198,100,100
3.45178,100,100
3.45158,100,100
3.45139,100,100
3.45119,100,100
3.45099,100,100
3.45079,100,100
3.4506,100,100
3.4504,100,100
3.4502,100,100
3.45001,100,100
3.44981,100,100
3.44962,100,100
3.44942,100,100
3.44923,100,100
3.44903,100,100
3.44884,100,100
3.44864,100,100
3.44845,100,100
3.44825,100,100
3.44806,100,100
3.44786,100,100
3.44766,100,100
3.44747,100,100
3.44727,100,100
3.44708,100,100
3.44688,100,100
3.44669,100,100
3.44649,100,100
3.4463,100,100
3.4461,100,100
3.44591,100,100
3.44571,100,100
3.44552,100,100
3.44532,100,100
3.44513,100,100
3.44493,100,100
3.44474,100,100
3.44454,100,100
3.44435,100,100
3.44415,100,100
3.44396,100,100
3.44376,100,100
3.44357,100,100
3.44337,100,100
3.44318,100,100
3.44298,100,100
3.44279,100,100
3.44259,100,100
3.4424,100,100
3.4422,100,100
3.44201,100,100
3.44181,100,100
3.44162,100,100
3.44142,100,100
3.44123,100,100
3.44103,100,100
3.44084,100,100
3.44064,100,100
3.44045,100,100
3.44025,100,100
3.44006,100,100
3.43986,100,100
3.43967,100,100
3.43947,100,100
3.43928,100,100
3.43908,100,100
3.43889,100,100
3.43869,100,100
3.4385,100,100
3.4383,100,100
3.4381,100,100
3.43791,100,100
3.43771,100,100
3.43752,100,100
3.43732,100,100
3.43713,100,100
3.43693,100,100
3.43674,100,100
3.43654,100,100
3.43635,100,100
3.43615,100,100
3.43596,100,100
3.43576,100,100
3.43557,100,100
3.43537,100,100
3.43518,100,100
3.43498,100,100
3.43479,100,100
3.43459,100,100
3.4344,100,100
3.4342,100,100
3.43401,100,100
3.43381,100,100
3.43362,100,100
3.43342,100,100
3.43323,100,100
3.43303,100,100
3.43284,100,100
3.43264,100,100
3.43245,100,100
3.43225,100,100
3.43206,100,100
3.43186,100,100
3.43167,100,100
3.43147,100,100
3.43128,100,100
3.43108,100,100
3.43089,100,100
3.43069,100,100
3.4305,100,100
3.4303,100,100
3.43011,100,100
3.42992,100,100
3.42973,100,100
3.42954,100,100
3.42934,100,100
3.42915,100,100
3.42896,100,100
3.42877,100,100
3.42858,100,100
3.42838,100,100
3.42819,100,100
3.428,100,100
3.42781,100,100
3.42762,100,100
3.42743,100,100
3.42723,100,100
3.42704,100,100
3.42685,100,100
3.42666,100,100
3.42647,100,100
3.42627,100,100
3.42608,100,100
3.42589,100,100
3.4257,100,100
3.42551,100,100
3.42531,100,100
3.42512,100,100
3.42493,100,100
3.42474,100,100
3.42455,100,100
3.42435,100,100
3.42416,100,100
3.42397,100,100
3.42378,100,100
3.42359,100,100
3.4234,100,100
3.4232,100,100
3.42301,100,100
3.42282,100,100
3.42263,100,100
3.42244,100,100
3.42224,100,100
3.42205,100,100
3.42186,100,100
3.42167,100,100
3.42148,100,100
3.42128,100,100
3.42109,100,100
3.4209,100,100
3.42071,100,100
3.42052,100,100
3.42033,100,100
3.42013,100,100
3.41994,100,100
3.41975,100,100
3.41956,100,100
3.41937,100,100
3.41917,100,100
3.41898,100,100
3.41879,100,100
3.4186,100,100
3.41841,100,100
3.41821,100,100
3.41802,100,100
3.41783,100,100
3.41764,100,100
3.41745,100,100
3.41725,100,100
3.41706,100,100
3.41687,100,100
3.41668,100,100
3.41649,100,100
3.4163,100,100
3.4161,100,100
3.41591,100,100
3.41572,100,100
3.41553,100,100
3.41534,100,100
3.41514,100,100
3.41495,100,100
3.41476,100,100
3.41457,100,100
3.41438,100,100
3.41418,100,100
3.41399,100,100
3.4138,100,100
3.41361,100,100
3.41342,100,100
3.41322,100,100
3.41303,100,100
3.41284,100,100
3.41265,100,100
3.41246,100,100
3.41227,100,100
3.41207,100,100
3.41188,100,100
3.41169,100,100
3.4115,100,100
3.41131,100,100
3.41111,100,100
3.41092,100,100
3.41072,100,100
3.41053,100,100
3.41034,100,100
3.41014,100,100
3.40995,100,100
3.40975,100,100
3.40956,100,100
3.40937,100,100
3.40917,100,100
3.40898,100,100
3.40879,100,100
3.40859,100,100
3.4084,100,100
3.4082,100,100
3.40801,100,100
3.40782,100,100
3.40762,100,100
3.40743,100,100
3.40723,100,100
3.40704,100,100
3.40685,100,100
3.40665,100,100
3.40646,100,100
3.40626,100,100
3.40607,100,100
3.40588,100,100
3.40568,100,100
3.40549,100,100
3.40529,100,100
3.4051,100,100
3.40491,100,100
3.40471,100,100
3.40452,100,100
3.40432,100,100
3.40413,100,100
3.40394,100,100
3.40374,100,100
3.40355,100,100
3.40335,100,100
3.40316,100,100
3.40297,100,100
3.40277,100,100
3.40258,100,100
3.40238,100,100
3.40219,100,100
3.402,100,100
3.4018,100,100
3.40161,100,100
3.40142,100,100
3.40122,100,100
3.40103,100,100
3.40083,100,100
3.40064,100,100
3.40045,100,100
3.40025,100,100
3.40006,100,100
3.39986,100,100
3.39967,100,100
3.39948,100,100
3.39928,100,100
3.39909,100,100
3.39889,100,100
3.3987,100,100
3.39851,100,100
3.39831,100,100
3.39812,100,100
3.39792,100,100
3.39773,100,100
3.39754,100,100
3.39734,100,100
3.39715,100,100
3.39695,100,100
3.39676,100,100
3.39657,100,100
3.39637,100,100
3.39618,100,100
3.39598,100,100
3.39579,100,100
3.3956,100,100
3.3954,100,100
3.39521,100,100
3.39501,100,100
3.39482,100,100
3.39463,100,100
3.39443,100,100
3.39424,100,100
3.39405,100,100
3.39385,100,100
3.39366,100,100
3.39346,100,100
3.39327,100,100
3.39308,100,100
3.39288,100,100
3.39269,100,100
3.39249,100,100
3.3923,100,100
3.39211,100,100
3.39191,100,100
3.39172,100,100
3.39152,100,100
3.39132,100,100
3.39112,100,100
3.39093,100,100
3.39073,100,100
3.39053,100,100
3.39034,100,100
3.39014,100,100
3.38994,100,100
3.38974,100,100
3.38955,100,100
3.38935,100,100
3.38915,100,100
3.38896,100,100
3.38876,100,100
3.38856,100,100
3.38837,100,100
3.38817,100,100
3.38797,100,100
3.38777,100,100
3.38758,100,100
3.38738,100,100
3.38718,100,100
3.38699,100,100
3.38679,100,100
3.38659,100,100
3.3864,100,100
3.3862,100,100
3.386,100,100
3.3858,100,100
3.38561,100,100
3.38541,100,100
3.38521,100,100
3.38502,100,100
3.38482,100,100
3.38462,100,100
3.38443,100,100
3.38423,100,100
3.38403,100,100
3.38383,100,100
3.38364,100,100
3.38344,100,100
3.38324,100,100
3.38305,100,100
3.38285,100,100
3.38265,100,100
3.38245,100,100
3.38226,100,100
3.38206,100,100
3.38186,100,100
3.38167,100,100
3.38147,100,100
3.38127,100,100
3.38108,100,100
3.38088,100,100
3.38068,100,100
3.38048,100,100
3.38029,100,100
3.38009,100,100
3.37989,100,100
3.3797,100,100
3.3795,100,100
3.3793,100,100
3.37911,100,100
3.37891,100,100
3.37871,100,100
3.37851,100,100
3.37832,100,100
3.37812,100,100
3.37792,100,100
3.37773,100,100
3.37753,100,100
3.37733,100,100
3.37713,100,100
3.37694,100,100
3.37674,100,100
3.37654,100,100
3.37635,100,100
3.37615,100,100
3.37595,100,100
3.37576,100,100
3.37556,100,100
3.37536,100,100
3.37516,100,100
3.37497,100,100
3.37477,100,100
3.37457,100,100
3.37438,100,100
3.37418,100,100
3.37398,100,100
3.37379,100,100
3.37359,100,100
3.37339,100,100
3.37319,100,100
3.373,100,100
3.3728,100,100
3.3726,100,100
3.37241,100,100
3.37221,100,100
3.37201,100,100
3.37182,100,100
3.37162,100,100
3.37142,100,100
3.37123,100,100
3.37103,100,100
3.37083,100,100
3.37064,100,100
3.37044,100,100
3.37025,100,100
3.37005,100,100
3.36985,100,100
3.36966,100,100
3.36946,100,100
3.36926,100,100
3.36907,100,100
3.36887,100,100
3.36867,100,100
3.36848,100,100
3.36828,100,100
3.36809,100,100
3.36789,100,100
3.36769,100,100
3.3675,100,100
3.3673,100,100
3.3671,100,100
3.36691,100,100
3.36671,100,100
3.36651,100,100
3.36632,100,100
3.36612,100,100
3.36592,100,100
3.36573,100,100
3.36553,100,100
3.36534,100,100
3.36514,100,100
3.36494,100,100
3.36475,100,100
3.36455,100,100
3.36435,100,100
3.36416,100,100
3.36396,100,100
3.36376,100,100
3.36357,100,100
3.36337,100,100
3.36318,100,100
3.36298,100,100
3.36278,100,100
3.36259,100,100
3.36239,100,100
3.36219,100,100
3.362,100,100
3.3618,100,100
3.3616,100,100
3.36141,100,100
3.36121,100,100
3.36102,100,100
3.36082,100,100
3.36062,100,100
3.36043,100,100
3.36023,100,100
3.36003,100,100
3.35984,100,100
3.35964,100,100
3.35944,100,100
3.35925,100,100
3.35905,100,100
3.35885,100,100
3.35866,100,100
3.35846,100,100
3.35827,100,100
3.35807,100,100
3.35787,100,100
3.35768,100,100
3.35748,100,100
3.35728,100,100
3.35709,100,100
3.35689,100,100
3.35669,100,100
3.3565,100,100
3.3563,100,100
3.35611,100,100
3.35591,100,100
3.35571,100,100
3.35552,100,100
3.35532,100,100
3.35512,100,100
3.35493,100,100
3.35473,100,100
3.35453,100,100
3.35434,100,100
3.35414,100,100
3.35395,100,100
3.35375,100,100
3.35355,100,100
3.35336,100,100
3.35316,100,100
3.35296,100,100
3.35277,100,100
3.35257,100,100
3.35237,100,100
3.35218,100,100
3.35198,100,100
3.35178,100,100
3.35159,100,100
3.35139,100,100
3.35119,100,100
3.351,100,100
3.3508,100,100
3.3506,100,100
3.35041,100,100
3.35021,100,100
3.35001,100,100
3.34981,100,100
3.34962,100,100
3.34942,100,100
3.34922,100,100
3.34903,100,100
3.34883,100,100
3.34863,100,100
3.34844,100,100
3.34824,100,100
3.34804,100,100
3.34785,100,100
3.34765,100,100
3.34745,100,100
3.34726,100,100
3.34706,100,100
3.34686,100,100
3.34667,100,100
3.34647,100,100
3.34627,100,100
3.34607,100,100
3.34588,100,100
3.34568,100,100
3.34548,100,100
3.34529,100,100
3.34509,100,100
3.34489,100,100
3.3447,100,100
3.3445,100,100
3.3443,100,100
3.34411,100,100
3.34391,100,100
3.34371,100,100
3.34352,100,100
3.34332,100,100
3.34312,100,100
3.34293,100,100
3.34273,100,100
3.34253,100,100
3.34233,100,100
3.34214,100,100
3.34194,100,100
3.34174,100,100
3.34155,100,100
3.34135,100,100
3.34115,100,100
3.34096,100,100
3.34076,100,100
3.34056,100,100
3.34037,100,100
3.34017,100,100
3.33997,100,100
3.33978,100,100
3.33958,100,100
3.33938,100,100
3.33919,100,100
3.33899,100,100
3.33879,100,100
3.33859,100,100
3.3384,100,100
3.3382,100,100
3.338,100,100
3.33781,100,100
3.33761,100,100
3.33741,100,100
3.33722,100,100
3.33702,100,100
3.33682,100,100
3.33663,100,100
3.33643,100,100
3.33623,100,100
3.33604,100,100
3.33584,100,100
3.33564,100,100
3.33545,100,100
3.33525,100,100
3.33505,100,100
3.33485,100,100
3.33466,100,100
3.33446,100,100
3.33426,100,100
3.33407,100,100
3.33387,100,100
3.33367,100,100
3.33348,100,100
3.33328,100,100
3.33308,100,100
3.33289,100,100
3.33269,100,100
3.3325,100,100
3.3323,100,100
3.33211,100,100
3.33191,100,100
3.33171,100,100
3.33152,100,100
3.33132,100,100
3.33113,100,100
3.33093,100,100
3.33074,100,100
3.33054,100,100
3.33035,100,100
3.33015,100,100
3.32996,100,100
3.32976,100,100
3.32957,100,100
3.32937,100,100
3.32918,100,100
3.32898,100,100
3.32879,100,100
3.32859,100,100
3.3284,100,100
3.3282,100,100
3.32801,100,100
3.32781,100,100
3.32762,100,100
3.32742,100,100
3.32723,100,100
3.32703,100,100
3.32684,100,100
3.32664,100,100
3.32644,100,100
3.32625,100,100
3.32605,100,100
3.32586,100,100
3.32566,100,100
3.32547,100,100
3.32527,100,100
3.32508,100,100
3.32488,100,100
3.32469,100,100
3.32449,100,100
3.3243,100,100
3.3241,100,100
3.32391,100,100
3.32371,100,100
3.32352,100,100
3.32332,100,100
3.32313,100,100
3.32293,100,100
3.32274,100,100
3.32254,100,100
3.32235,100,100
3.32215,100,100
3.32196,100,100
3.32176,100,100
3.32156,100,100
3.32137,100,100
3.32117,100,100
3.32098,100,100
3.32078,100,100
3.32059,100,100
3.32039,100,100
3.3202,100,100
3.32,100,100
3.31981,100,100
3.31961,100,100
3.31942,100,100
3.31922,100,100
3.31903,100,100
3.31883,100,100
3.31864,100,100
3.31844,100,100
3.31825,100,100
3.31805,100,100
3.31786,100,100
3.31766,100,100
3.31747,100,100
3.31727,100,100
3.31708,100,100
3.31688,100,100
3.31668,100,100
3.31649,100,100
3.31629,100,100
3.3161,100,100
3.3159,100,100
3.31571,100,100
3.31551,100,100
3.31532,100,100
3.31512,100,100
3.31493,100,100
3.31473,100,100
3.31454,100,100
3.31434,100,100
3.31415,100,100
3.31395,100,100
3.31376,100,100
3.31356,100,100
3.31337,100,100
3.31317,100,100
3.31298,100,100
3.31278,100,100
3.31258,100,100
3.31239,100,100
3.31219,100,100
3.312,100,100
3.3118,100,100
3.31161,100,100
3.31141,100,100
3.31122,100,100
3.31102,100,100
3.31082,100,100
3.31063,100,100
3.31043,100,100
3.31024,100,100
3.31004,100,100
3.30985,100,100
3.30965,100,100
3.30946,100,100
3.30926,100,100
3.30906,100,100
3.30887,100,100
3.30867,100,100
3.30848,100,100
3.30828,100,100
3.30809,100,100
3.30789,100,100
3.3077,100,100
3.3075,100,100
3.3073,100,100
3.30711,100,100
3.30691,100,100
3.30672,100,100
3.30652,100,100
3.30633,100,100
3.30613,100,100
3.30594,100,100
3.30574,100,100
3.30554,100,100
3.30535,100,100
3.30515,100,100
3.30496,100,100
3.30476,100,100
3.30457,100,100
3.30437,100,100
3.30418,100,100
3.30398,100,100
3.30378,100,100
3.30359,100,100
3.30339,100,100
3.3032,100,100
3.303,100,100
3.30281,100,100
3.30261,100,100
3.30242,100,100
3.30222,100,100
3.30202,100,100
3.30183,100,100
3.30163,100,100
3.30144,100,100
3.30124,100,100
3.30105,100,100
3.30085,100,100
3.30066,100,100
3.30046,100,100
3.30026,100,100
3.30007,100,100
3.29987,100,100
3.29968,100,100
3.29948,100,100
3.29929,100,100
3.29909,100,100
3.2989,100,100
3.2987,100,100
3.2985,100,100
3.29831,100,100
3.29811,100,100
3.29792,100,100
3.29772,100,100
3.29753,100,100
3.29733,100,100
3.29714,100,100
3.29694,100,100
3.29674,100,100
3.29655,100,100
3.29635,100,100
3.29616,100,100
3.29596,100,100
3.29577,100,100
3.29557,100,100
3.29538,100,100
3.29518,100,100
3.29498,100,100
3.29479,100,100
3.29459,100,100
3.2944,100,100
3.2942,100,100
3.29401,100,100
3.29381,100,100
3.29361,100,100
3.29342,100,100
3.29322,100,100
3.29302,100,100
3.29283,100,100
3.29263,100,100
3.29243,100,100
3.29223,100,100
3.29204,100,100
3.29184,100,100
3.29164,100,100
3.29145,100,100
3.29125,100,100
3.29105,100,100
3.29086,100,100
3.29066,100,100
3.29046,100,100
3.29026,100,100
3.29007,100,100
3.28987,100,100
3.28967,100,100
3.28948,100,100
3.28928,100,100
3.28908,100,100
3.28889,100,100
3.28869,100,100
3.28849,100,100
3.28829,100,100
3.2881,100,100
3.2879,100,100
3.2877,100,100
3.28751,100,100
3.28731,100,100
3.28711,100,100
3.28691,100,100
3.28672,100,100
3.28652,100,100
3.28632,100,100
3.28613,100,100
3.28593,100,100
3.28573,100,100
3.28554,100,100
3.28534,100,100
3.28514,100,100
3.28494,100,100
3.28475,100,100
3.28455,100,100
3.28435,100,100
3.28416,100,100
3.28396,100,100
3.28376,100,100
3.28357,100,100
3.28337,100,100
3.28317,100,100
3.28297,100,100
3.28278,100,100
3.28258,100,100
3.28238,100,100
3.28219,100,100
3.28199,100,100
3.28179,100,100
3.2816,100,100
3.2814,100,100
3.2812,100,100
3.281,100,100
3.28081,100,100
3.28061,100,100
3.28041,100,100
3.28022,100,100
3.28002,100,100
3.27982,100,100
3.27962,100,100
3.27943,100,100
3.27923,100,100
3.27903,100,100
3.27884,100,100
3.27864,100,100
3.27844,100,100
3.27825,100,100
3.27805,100,100
3.27785,100,100
3.27765,100,100
3.27746,100,100
3.27726,100,100
3.27706,100,100
3.27687,100,100
3.27667,100,100
3.27647,100,100
3.27628,100,100
3.27608,100,100
3.27588,100,100
3.27568,100,100
3.27549,100,100
3.27529,100,100
3.27509,100,100
3.2749,100,100
3.2747,100,100
3.2745,100,100
3.2743,100,100
3.27411,100,100
3.27391,100,100
3.27371,100,100
3.27352,100,100
3.27332,100,100
3.27312,100,100
3.27293,100,100
3.27273,100,100
3.27253,100,100
3.27233,100,100
3.27214,100,100
3.27194,100,100
3.27174,100,100
3.27155,100,100
3.27135,100,100
3.27115,100,100
3.27096,100,100
3.27076,100,100
3.27056,100,100
3.27036,100,100
3.27017,100,100
3.26997,100,100
3.26977,100,100
3.26958,100,100
3.26938,100,100
3.26918,100,100
3.26899,100,100
3.26879,100,100
3.26859,100,100
3.26839,100,100
3.2682,100,100
3.268,100,100
3.2678,100,100
3.26761,100,100
3.26741,100,100
3.26721,100,100
3.26701,100,100
3.26682,100,100
3.26662,100,100
3.26642,100,100
3.26623,100,100
3.26603,100,100
3.26583,100,100
3.26564,100,100
3.26544,100,100
3.26524,100,100
3.26504,100,100
3.26485,100,100
3.26465,100,100
3.26445,100,100
3.26426,100,100
3.26406,100,100
3.26386,100,100
3.26367,100,100
3.26347,100,100
3.26327,100,100
3.26307,100,100
3.26288,100,100
3.26268,100,100
3.26248,100,100
3.26229,100,100
3.26209,100,100
3.26189,100,100
3.2617,100,100
3.2615,100,100
3.2613,100,100
3.2611,100,100
3.26091,100,100
3.26071,100,100
3.26051,100,100
3.26032,100,100
3.26012,100,100
3.25992,100,100
3.25972,100,100
3.25953,100,100
3.25933,100,100
3.25913,100,100
3.25894,100,100
3.25874,100,100
3.25854,100,100
3.25835,100,100
3.25815,100,100
3.25795,100,100
3.25775,100,100
3.25756,100,100
3.25736,100,100
3.25716,100,100
3.25697,100,100
3.25677,100,100
3.25657,100,100
3.25638,100,100
3.25618,100,100
3.25598,100,100
3.25578,100,100
3.25559,100,100
3.25539,100,100
3.25519,100,100
3.255,100,100
3.2548,100,100
3.2546,100,100
3.25441,100,100
3.25421,100,100
3.25401,100,100
3.25381,100,100
3.25362,100,100
3.25342,100,100
3.25322,100,100
3.25303,100,100
3.25283,100,100
3.25263,100,100
3.25243,100,100
3.25224,100,100
3.25204,100,100
3.25184,100,100
3.25165,100,100
3.25145,100,100
3.25125,100,100
3.25106,100,100
3.25086,100,100
3.25066,100,100
3.25046,100,100
3.25027,100,100
3.25007,100,100
3.24987,100,100
3.24968,100,100
3.24948,100,100
3.24928,100,100
3.24909,100,100
3.24889,100,100
3.24869,100,100
3.24849,100,100
3.2483,100,100
3.2481,100,100
3.2479,100,100
3.24771,100,100
3.24751,100,100
3.24731,100,100
3.24712,100,100
3.24692,100,100
3.24672,100,100
3.24652,100,100
3.24633,100,100
3.24613,100,100
3.24593,100,100
3.24574,100,100
3.24554,100,100
3.24534,100,100
3.24514,100,100
3.24495,100,100
3.24475,100,100
3.24455,100,100
3.24436,100,100
3.24416,100,100
3.24396,100,100
3.24377,100,100
3.24357,100,100
3.24337,100,100
3.24317,100,100
3.24298,100,100
3.24278,100,100
3.24258,100,100
3.24239,100,100
3.24219,100,100
3.24199,100,100
3.2418,100,100
3.2416,100,100
3.2414,100,100
3.2412,100,100
3.24101,100,100
3.24081,100,100
3.24061,100,100
3.24042,100,100
3.24022,100,100
3.24002,100,100
3.23982,100,100
3.23963,100,100
3.23943,100,100
3.23923,100,100
3.23904,100,100
3.23884,100,100
3.23864,100,100
3.23845,100,100
3.23825,100,100
3.23805,100,100
3.23785,100,100
3.23766,100,100
3.23746,100,100
3.23726,100,100
3.23707,100,100
3.23687,100,100
3.23667,100,100
3.23648,100,100
3.23628,100,100
3.23608,100,100
3.23588,100,100
3.23569,100,100
3.23549,100,100
3.23529,100,100
3.2351,100,100
3.2349,100,100
3.2347,100,100
3.23451,100,100
3.23431,100,100
3.23411,100,100
3.23391,100,100
3.23372,100,100
3.23352,100,100
3.23332,100,100
3.23313,100,100
3.23293,100,100
3.23273,100,100
3.23253,100,100
3.23234,100,100
3.23214,100,100
3.23194,100,100
3.23175,100,100
3.23155,100,100
3.23135,100,100
3.23116,100,100
3.23096,100,100
3.23076,100,100
3.23056,100,100
3.23037,100,100
3.23017,100,100
3.22997,100,100
3.22978,100,100
3.22958,100,100
3.22938,100,100
3.22919,100,100
3.22899,100,100
3.22879,100,100
3.22859,100,100
3.2284,100,100
3.2282,100,100
3.228,100,100
3.22781,100,100
3.22761,100,100
3.22741,100,100
3.22722,100,100
3.22702,100,100
3.22682,100,100
3.22662,100,100
3.22643,100,100
3.22623,100,100
3.22603,100,100
3.22584,100,100
3.22564,100,100
3.22544,100,100
3.22524,100,100
3.22505,100,100
3.22485,100,100
3.22465,100,100
3.22446,100,100
3.22426,100,100
3.22406,100,100
3.22387,100,100
3.22367,100,100
3.22347,100,100
3.22327,100,100
3.22308,100,100
3.22288,100,100
3.22268,100,100
3.22249,100,100
3.22229,100,100
3.22209,100,100
3.2219,100,100
3.2217,100,100
3.2215,100,100
3.2213,100,100
3.22111,100,100
3.22091,100,100
3.22071,100,100
3.22052,100,100
3.22032,100,100
3.22012,100,100
3.21993,100,100
3.21973,100,100
3.21953,100,100
3.21933,100,100
3.21914,100,100
3.21894,100,100
3.21874,100,100
3.21855,100,100
3.21835,100,100
3.21815,100,100
3.21795,100,100
3.21776,100,100
3.21756,100,100
3.21736,100,100
3.21717,100,100
3.21697,100,100
3.21677,100,100
3.21658,100,100
3.21638,100,100
3.21618,100,100
3.21598,100,100
3.21579,100,100
3.21559,100,100
3.21539,100,100
3.2152,100,100
3.215,100,100
3.2148,100,100
3.21461,100,100
3.21441,100,100
3.21421,100,100
3.21401,100,100
3.21382,100,100
3.21362,100,100
3.21342,100,100
3.21323,100,100
3.21303,100,100
3.21283,100,100
3.21264,100,100
3.21244,100,100
3.21224,100,100
3.21204,100,100
3.21185,100,100
3.21165,100,100
3.21145,100,100
3.21126,100,100
3.21106,100,100
3.21086,100,100
3.21066,100,100
3.21047,100,100
3.21027,100,100
3.21007,100,100
3.20988,100,100
3.20968,100,100
3.20948,100,100
3.20929,100,100
3.20909,100,100
3.20889,100,100
3.20869,100,100
3.2085,100,100
3.2083,100,100
3.2081,100,100
3.20791,100,100
3.20771,100,100
3.20751,100,100
3.20732,100,100
3.20712,100,100
3.20692,100,100
3.20672,100,100
3.20653,100,100
3.20633,100,100
3.20613,100,100
3.20594,100,100
3.20574,100,100
3.20554,100,100
3.20534,100,100
3.20515,100,100
3.20495,100,100
3.20475,100,100
3.20456,100,100
3.20436,100,100
3.20416,100,100
3.20397,100,100
3.20377,100,100
3.20357,100,100
3.20337,100,100
3.20318,100,100
3.20298,100,100
3.20278,100,100
3.20259,100,100
3.20239,100,100
3.20219,100,100
3.202,100,100
3.2018,100,100
3.2016,100,100
3.2014,100,100
3.20121,100,100
3.20101,100,100
3.20081,100,100
3.20062,100,100
3.20042,100,100
3.20022,100,100
3.20003,100,100
3.19983,100,100
3.19963,100,100
3.19943,100,100
3.19924,100,100
3.19904,100,100
3.19884,100,100
3.19865,100,100
3.19845,100,100
3.19825,100,100
3.19805,100,100
3.19786,100,100
3.19766,100,100
3.19746,100,100
3.19727,100,100
3.19707,100,100
3.19687,100,100
3.19668,100,100
3.19648,100,100
3.19628,100,100
3.19608,100,100
3.19589,100,100
3.19569,100,100
3.19549,100,100
3.1953,100,100
3.1951,100,100
3.1949,100,100
3.19471,100,100
3.19451,100,100
3.19431,100,100
3.19411,100,100
3.19392,100,100
3.19372,100,100
3.19352,100,100
3.19333,100,100
3.19313,100,100
3.19293,100,100
3.19274,100,100
3.19254,100,100
3.19234,100,100
3.19214,100,100
3.19195,100,100
3.19175,100,100
3.19155,100,100
3.19136,100,100
3.19116,100,100
3.19096,100,100
3.19076,100,100
3.19057,100,100
3.19037,100,100
3.19017,100,100
3.18998,100,100
3.18978,100,100
3.18958,100,100
3.18939,100,100
3.18919,100,100
3.18899,100,100
3.18879,100,100
3.1886,100,100
3.1884,100,100
3.1882,100,100
3.18801,100,100
3.18781,100,100
3.18761,100,100
3.18742,100,100
3.18722,100,100
3.18702,100,100
3.18682,100,100
3.18663,100,100
3.18643,100,100
3.18623,100,100
3.18604,100,100
3.18584,100,100
3.18564,100,100
3.18545,100,100
3.18525,100,100
3.18505,100,100
3.18485,100,100
3.18466,100,100
3.18446,100,100
3.18426,100,100
3.18407,100,100
3.18387,100,100
3.18367,100,100
3.18347,100,100
3.18328,100,100
3.18308,100,100
3.18288,100,100
3.18269,100,100
3.18249,100,100
3.18229,100,100
3.1821,100,100
3.1819,100,100
3.1817,100,100
3.1815,100,100
3.18131,100,100
3.18111,100,100
3.18091,100,100
3.18072,100,100
3.18052,100,100
3.18032,100,100
3.18013,100,100
3.17993,100,100
3.17973,100,100
3.17953,100,100
3.17934,100,100
3.17914,100,100
3.17894,100,100
3.17875,100,100
3.17855,100,100
3.17835,100,100
3.17816,100,100
3.17796,100,100
3.17776,100,100
3.17756,100,100
3.17737,100,100
3.17717,100,100
3.17697,100,100
3.17678,100,100
3.17658,100,100
3.17638,100,100
3.17618,100,100
3.17599,100,100
3.17579,100,100
3.17559,100,100
3.1754,100,100
3.1752,100,100
3.175,100,100
3.17481,100,100
3.17461,100,100
3.17441,100,100
3.17421,100,100
3.17402,100,100
3.17382,100,100
3.17362,100,100
3.17343,100,100
3.17323,100,100
3.17303,100,100
3.17284,100,100
3.17264,100,100
3.17244,100,100
3.17224,100,100
3.17205,100,100
3.17185,100,100
3.17165,100,100
3.17146,100,100
3.17126,100,100
3.17106,100,100
3.17086,100,100
3.17067,100,100
3.17047,100,100
3.17027,100,100
3.17008,100,100
3.16988,100,100
3.16968,100,100
3.16949,100,100
3.16929,100,100
3.16909,100,100
3.16889,100,100
3.1687,100,100
3.1685,100,100
3.1683,100,100
3.16811,100,100
3.16791,100,100
3.16771,100,100
3.16752,100,100
3.16732,100,100
3.16712,100,100
3.16692,100,100
3.16673,100,100
3.16653,100,100
3.16633,100,100
3.16614,100,100
3.16594,100,100
3.16574,100,100
3.16555,100,100
3.16535,100,100
3.16515,100,100
3.16495,100,100
3.16476,100,100
3.16456,100,100
3.16436,100,100
3.16417,100,100
3.16397,100,100
3.16377,100,100
3.16357,100,100
3.16338,100,100
3.16318,100,100
3.16298,100,100
3.16279,100,100
3.16259,100,100
3.16239,100,100
3.1622,100,100
3.162,100,100
3.1618,100,100
3.1616,100,100
3.16141,100,100
3.16121,100,100
3.16101,100,100
3.16082,100,100
3.16062,100,100
3.16042,100,100
3.16023,100,100
3.16003,100,100
3.15983,100,100
3.15963,100,100
3.15944,100,100
3.15924,100,100
3.15904,100,100
3.15885,100,100
3.15865,100,100
3.15845,100,100
3.15826,100,100
3.15806,100,100
3.15786,100,100
3.15766,100,100
3.15747,100,100
3.15727,100,100
3.15707,100,100
3.15688,100,100
3.15668,100,100
3.15648,100,100
3.15628,100,100
3.15609,100,100
3.15589,100,100
3.15569,100,100
3.1555,100,100
3.1553,100,100
3.15511,100,100
3.15491,100,100
3.15471,100,100
3.15452,100,100
3.15432,100,100
3.15412,100,100
3.15393,100,100
3.15373,100,100
3.15353,100,100
3.15334,100,100
3.15314,100,100
3.15295,100,100
3.15275,100,100
3.15255,100,100
3.15236,100,100
3.15216,100,100
3.15196,100,100
3.15177,100,100
3.15157,100,100
3.15138,100,100
3.15118,100,100
3.15098,100,100
3.15079,100,100
3.15059,100,100
3.15039,100,100
3.1502,100,100
3.15,100,100
3.14981,100,100
3.14961,100,100
3.14941,100,100
3.14922,100,100
3.14902,100,100
3.14882,100,100
3.14863,100,100
3.14843,100,100
3.14823,100,100
3.14804,100,100
3.14784,100,100
3.14765,100,100
3.14745,100,100
3.14725,100,100
3.14706,100,100
3.14686,100,100
3.14666,100,100
3.14647,100,100
3.14627,100,100
3.14608,100,100
3.14588,100,100
3.14568,100,100
3.14549,100,100
3.14529,100,100
3.14509,100,100
3.1449,100,100
3.1447,100,100
3.1445,100,100
3.14431,100,100
3.14411,100,100
3.14392,100,100
3.14372,100,100
3.14352,100,100
3.14333,100,100
3.14313,100,100
3.14293,100,100
3.14274,100,100
3.14254,100,100
3.14235,100,100
3.14215,100,100
3.14195,100,100
3.14176,100,100
3.14156,100,100
3.14136,100,100
3.14117,100,100
3.14097,100,100
3.14077,100,100
3.14058,100,100
3.14038,100,100
3.14019,100,100
3.13999,100,100
3.13979,100,100
3.1396,100,100
3.1394,100,100
3.1392,100,100
3.13901,100,100
3.13881,100,100
3.13862,100,100
3.13842,100,100
3.13822,100,100
3.13803,100,100
3.13783,100,100
3.13763,100,100
3.13744,100,100
3.13724,100,100
3.13704,100,100
3.13685,100,100
3.13665,100,100
3.13646,100,100
3.13626,100,100
3.13607,100,100
3.13587,100,100
3.13568,100,100
3.13549,100,100
3.13529,100,100
3.1351,100,100
3.13491,100,100
3.13472,100,100
3.13452,100,100
3.13433,100,100
3.13414,100,100
3.13394,100,100
3.13375,100,100
3.13356,100,100
3.13337,100,100
3.13317,100,100
3.13298,100,100
3.13279,100,100
3.13259,100,100
3.1324,100,100
3.13221,100,100
3.13202,100,100
3.13182,100,100
3.13163,100,100
3.13144,100,100
3.13124,100,100
3.13105,100,100
3.13086,100,100
3.13066,100,100
3.13047,100,100
3.13028,100,100
3.13009,100,100
3.12989,100,100
3.1297,100,100
3.12951,100,100
3.12931,100,100
3.12912,100,100
3.12893,100,100
3.12874,100,100
3.12854,100,100
3.12835,100,100
3.12816,100,100
3.12796,100,100
3.12777,100,100
3.12758,100,100
3.12739,100,100
3.12719,100,100
3.127,100,100
3.12681,100,100
3.12661,100,100
3.12642,100,100
3.12623,100,100
3.12604,100,100
3.12584,100,100
3.12565,100,100
3.12546,100,100
3.12526,100,100
3.12507,100,100
3.12488,100,100
3.12468,100,100
3.12449,100,100
3.1243,100,100
3.12411,100,100
3.12391,100,100
3.12372,100,100
3.12353,100,100
3.12333,100,100
3.12314,100,100
3.12295,100,100
3.12276,100,100
3.12256,100,100
3.12237,100,100
3.12218,100,100
3.12198,100,100
3.12179,100,100
3.1216,100,100
3.12141,100,100
3.12121,100,100
3.12102,100,100
3.12083,100,100
3.12063,100,100
3.12044,100,100
3.12025,100,100
3.12006,100,100
3.11986,100,100
3.11967,100,100
3.11948,100,100
3.11928,100,100
3.11909,100,100
3.1189,100,100
3.1187,100,100
3.11851,100,100
3.11832,100,100
3.11813,100,100
3.11793,100,100
3.11774,100,100
3.11755,100,100
3.11735,100,100
3.11716,100,100
3.11697,100,100
3.11678,100,100
3.11658,100,100
3.11639,100,100
3.1162,100,100
3.11601,100,100
3.11582,100,100
3.11563,100,100
3.11543,100,100
3.11524,100,100
3.11505,100,100
3.11486,100,100
3.11467,100,100
3.11447,100,100
3.11428,100,100
3.11409,100,100
3.1139,100,100
3.11371,100,100
3.11351,100,100
3.11332,100,100
3.11313,100,100
3.11294,100,100
3.11275,100,100
3.11255,100,100
3.11236,100,100
3.11217,100,100
3.11198,100,100
3.11179,100,100
3.1116,100,100
3.1114,100,100
3.11121,100,100
3.11102,100,100
3.11083,100,100
3.11064,100,100
3.11044,100,100
3.11025,100,100
3.11006,100,100
3.10987,100,100
3.10968,100,100
3.10948,100,100
3.10929,100,100
3.1091,100,100
3.10891,100,100
3.10872,100,100
3.10853,100,100
3.10833,100,100
3.10814,100,100
3.10795,100,100
3.10776,100,100
3.10757,100,100
3.10737,100,100
3.10718,100,100
3.10699,100,100
3.1068,100,100
3.10661,100,100
3.10641,100,100
3.10622,100,100
3.10603,100,100
3.10584,100,100
3.10565,100,100
3.10545,100,100
3.10526,100,100
3.10507,100,100
3.10488,100,100
3.10469,100,100
3.1045,100,100
3.1043,100,100
3.10411,100,100
3.10392,100,100
3.10373,100,100
3.10354,100,100
3.10334,100,100
3.10315,100,100
3.10296,100,100
3.10277,100,100
3.10258,100,100
3.10238,100,100
3.10219,100,100
3.102,100,100
3.10181,100,100
3.10162,100,100
3.10143,100,100
3.10123,100,100
3.10104,100,100
3.10085,100,100
3.10066,100,100
3.10047,100,100
3.10027,100,100
3.10008,100,100
3.09989,100,100
3.0997,100,100
3.09951,100,100
3.09931,100,100
3.09912,100,100
3.09893,100,100
3.09874,100,100
3.09855,100,100
3.09835,100,100
3.09816,100,100
3.09797,100,100
3.09778,100,100
3.09759,100,100
3.0974,100,100
3.0972,100,100
3.09701,100,100
3.09682,100,100
3.09663,100,100
3.09644,100,100
3.09624,100,100
3.09605,100,100
3.09586,100,100
3.09567,100,100
3.09548,100,100
3.09528,100,100
3.09509,100,100
3.0949,100,100
3.09471,100,100
3.09452,100,100
3.09433,100,100
3.09413,100,100
3.09394,100,100
3.09375,100,100
3.09356,100,100
3.09337,100,100
3.09317,100,100
3.09298,100,100
3.09279,100,100
3.0926,100,100
3.09241,100,100
3.09221,100,100
3.09202,100,100
3.09183,100,100
3.09164,100,100
3.09145,100,100
3.09125,100,100
3.09106,100,100
3.09087,100,100
3.09068,100,100
3.09049,100,100
3.0903,100,100
3.0901,100,100
3.08991,100,100
3.08972,100,100
3.08953,100,100
3.08934,100,100
3.08914,100,100
3.08895,100,100
3.08876,100,100
3.08857,100,100
3.08838,100,100
3.08818,100,100
3.08799,100,100
3.0878,100,100
3.08761,100,100
3.08742,100,100
3.08723,100,100
3.08703,100,100
3.08684,100,100
3.08665,100,100
3.08646,100,100
3.08627,100,100
3.08607,100,100
3.08588,100,100
3.08569,100,100
3.0855,100,100
3.08531,100,100
3.08511,100,100
3.08492,100,100
3.08473,100,100
3.08454,100,100
3.08435,100,100
3.08415,100,100
3.08396,100,100
3.08377,100,100
3.08358,100,100
3.08339,100,100
3.0832,100,100
3.083,100,100
3.08281,100,100
3.08262,100,100
3.08243,100,100
3.08224,100,100
3.08204,100,100
3.08185,100,100
3.08166,100,100
3.08147,100,100
3.08128,100,100
3.08108,100,100
3.08089,100,100
3.0807,100,100
3.08051,100,100
3.08032,100,100
3.08013,100,100
3.07993,100,100
3.07974,100,100
3.07955,100,100
3.07936,100,100
3.07917,100,100
3.07897,100,100
3.07878,100,100
3.07859,100,100
3.0784,100,100
3.07821,100,100
3.07801,100,100
3.07782,100,100
3.07763,100,100
3.07744,100,100
3.07725,100,100
3.07705,100,100
3.07686,100,100
3.07667,100,100
3.07648,100,100
3.07629,100,100
3.0761,100,100
3.0759,100,100
3.07571,100,100
3.07552,100,100
3.07533,100,100
3.07514,100,100
3.07494,100,100
3.07475,100,100
3.07456,100,100
3.07437,100,100
3.07418,100,100
3.07398,100,100
3.07379,100,100
3.0736,100,100
3.07341,100,100
3.07322,100,100
3.07302,100,100
3.07283,100,100
3.07264,100,100
3.07245,100,100
3.07226,100,100
3.07207,100,100
3.07187,100,100
3.07168,100,100
3.07149,100,100
3.0713,100,100
3.07111,100,100
3.07091,100,100
3.07072,100,100
3.07053,100,100
3.07034,100,100
3.07015,100,100
3.06995,100,100
3.06976,100,100
3.06957,100,100
3.06938,100,100
3.06919,100,100
3.069,100,100
3.0688,100,100
3.06861,100,100
3.06842,100,100
3.06823,100,100
3.06804,100,100
3.06784,100,100
3.06765,100,100
3.06746,100,100
3.06727,100,100
3.06708,100,100
3.06688,100,100
3.06669,100,100
3.0665,100,100
3.06631,100,100
3.06612,100,100
3.06592,100,100
3.06573,100,100
3.06554,100,100
3.06535,100,100
3.06516,100,100
3.06497,100,100
3.06477,100,100
3.06458,100,100
3.06439,100,100
3.0642,100,100
3.06401,100,100
3.06381,100,100
3.06362,100,100
3.06343,100,100
3.06324,100,100
3.06305,100,100
3.06285,100,100
3.06266,100,100
3.06247,100,100
3.06228,100,100
3.06209,100,100
3.0619,100,100
3.0617,100,100
3.06151,100,100
3.06132,100,100
3.06113,100,100
3.06094,100,100
3.06074,100,100
3.06055,100,100
3.06036,100,100
3.06017,100,100
3.05998,100,100
3.05978,100,100
3.05959,100,100
3.0594,100,100
3.05921,100,100
3.05902,100,100
3.05882,100,100
3.05863,100,100
3.05844,100,100
3.05825,100,100
3.05806,100,100
3.05787,100,100
3.05767,100,100
3.05748,100,100
3.05729,100,100
3.0571,100,100
3.05691,100,100
3.05671,100,100
3.05652,100,100
3.05633,100,100
3.05614,100,100
3.05595,100,100
3.05575,100,100
3.05556,100,100
3.05537,100,100
3.05518,100,100
3.05499,100,100
3.0548,100,100
3.0546,100,100
3.05441,100,100
3.05422,100,100
3.05403,100,100
3.05384,100,100
3.05364,100,100
3.05345,100,100
3.05326,100,100
3.05307,100,100
3.05288,100,100
3.05268,100,100
3.05249,100,100
3.0523,100,100
3.05211,100,100
3.05192,100,100
3.05172,100,100
3.05153,100,100
3.05134,100,100
3.05115,100,100
3.05096,100,100
3.05077,100,100
3.05057,100,100
3.05038,100,100
3.05019,100,100
3.05,100,100
3.04981,100,100
3.04961,100,100
3.04942,100,100
3.04923,100,100
3.04904,100,100
3.04885,100,100
3.04865,100,100
3.04846,100,100
3.04827,100,100
3.04808,100,100
3.04789,100,100
3.0477,100,100
3.0475,100,100
3.04731,100,100
3.04712,100,100
3.04693,100,100
3.04674,100,100
3.04654,100,100
3.04635,100,100
3.04616,100,100
3.04597,100,100
3.04578,100,100
3.04558,100,100
3.04539,100,100
3.0452,100,100
3.04501,100,100
3.04482,100,100
3.04462,100,100
3.04443,100,100
3.04424,100,100
3.04405,100,100
3.04386,100,100
3.04367,100,100
3.04347,100,100
3.04328,100,100
3.04309,100,100
3.0429,100,100
3.04271,100,100
3.04251,100,100
3.04232,100,100
3.04213,100,100
3.04194,100,100
3.04175,100,100
3.04155,100,100
3.04136,100,100
3.04117,100,100
3.04098,100,100
3.04079,100,100
3.04059,100,100
3.0404,100,100
3.04021,100,100
3.04002,100,100
3.03983,100,100
3.03964,100,100
3.03944,100,100
3.03925,100,100
3.03906,100,100
3.03887,100,100
3.03868,100,100
3.03848,100,100
3.03829,100,100
3.0381,100,100
3.03791,100,100
3.03772,100,100
3.03752,100,100
3.03733,100,100
3.03714,100,100
3.03695,100,100
3.03676,100,100
3.03657,100,100
3.03637,100,100
3.03618,100,100
3.03599,100,100
3.0358,100,100
3.03561,100,100
3.03541,100,100
3.03522,100,100
3.03503,100,100
3.03484,100,100
3.03465,100,100
3.03445,100,100
3.03426,100,100
3.03407,100,100
3.03388,100,100
3.03369,100,100
3.03349,100,100
3.0333,100,100
3.03311,100,100
3.03292,100,100
3.03273,100,100
3.03254,100,100
3.03234,100,100
3.03215,100,100
3.03196,100,100
3.03177,100,100
3.03158,100,100
3.03138,100,100
3.03119,100,100
3.031,100,100
3.03081,100,100
3.03062,100,100
3.03042,100,100
3.03023,100,100
3.03004,100,100
3.02985,100,100
3.02966,100,100
3.02947,100,100
3.02927,100,100
3.02908,100,100
3.02889,100,100
3.0287,100,100
3.02851,100,100
3.02831,100,100
3.02812,100,100
3.02793,100,100
3.02774,100,100
3.02755,100,100
3.02735,100,100
3.02716,100,100
3.02697,100,100
3.02678,100,100
3.02659,100,100
3.02639,100,100
3.0262,100,100
3.02601,100,100
3.02582,100,100
3.02563,100,100
3.02544,100,100
3.02524,100,100
3.02505,100,100
3.02486,100,100
3.02467,100,100
3.02448,100,100
3.02428,100,100
3.02409,100,100
3.0239,100,100
3.02371,100,100
3.02352,100,100
3.02332,100,100
3.02313,100,100
3.02294,100,100
3.02275,100,100
3.02256,100,100
3.02237,100,100
3.02217,100,100
3.02198,100,100
3.02179,100,100
3.0216,100,100
3.02141,100,100
3.02121,100,100
3.02102,100,100
3.02083,100,100
3.02064,100,100
3.02045,100,100
3.02025,100,100
3.02006,100,100
3.01987,100,100
3.01968,100,100
3.01949,100,100
3.01929,100,100
3.0191,100,100
3.01891,100,100
3.01872,100,100
3.01853,100,100
3.01834,100,100
3.01814,100,100
3.01795,100,100
3.01776,100,100
3.01757,100,100
3.01738,100,100
3.01718,100,100
3.01699,100,100
3.0168,100,100
3.01661,100,100
3.01642,100,100
3.01622,100,100
3.01603,100,100
3.01584,100,100
3.01565,100,100
3.01546,100,100
3.01527,100,100
3.01507,100,100
3.01488,100,100
3.01469,100,100
3.0145,100,100
3.01431,100,100
3.01411,100,100
3.01392,100,100
3.01373,100,100
3.01354,100,100
3.01335,100,100
3.01315,100,100
3.01296,100,100
3.01277,100,100
3.01258,100,100
3.01239,100,100
3.01219,100,100
3.012,100,100
3.01181,100,100
3.01162,100,100
3.01143,100,100
3.01124,100,100
3.01104,100,100
3.01085,100,100
3.01066,100,100
3.01047,100,100
3.01028,100,100
3.01008,100,100
3.00989,100,100
3.0097,100,100
3.00951,100,100
3.00932,100,100
3.00912,100,100
3.00893,100,100
3.00874,100,100
3.00855,100,100
3.00836,100,100
3.00816,100,100
3.00797,100,100
3.00778,100,100
3.00759,100,100
3.0074,100,100
3.00721,100,100
3.00701,100,100
3.00682,100,100
3.00663,100,100
3.00644,100,100
3.00625,100,100
3.00605,100,100
3.00586,100,100
3.00567,100,100
3.00548,100,100
3.00529,100,100
3.00509,100,100
3.0049,100,100
3.00471,100,100
3.00452,100,100
3.00433,100,100
3.00414,100,100
3.00394,100,100
3.00375,100,100
3.00356,100,100
3.00337,100,100
3.00318,100,100
3.00298,100,100
3.00279,100,100
3.0026,100,100
3.00241,100,100
3.00222,100,100
3.00202,100,100
3.00183,100,100
3.00164,100,100
3.00144,100,100
3.00125,100,100
3.00105,100,100
3.00086,100,100
3.00067,100,100
3.00047,100,100
3.00028,100,100
3.00008,100,100
2.99989,100,100
2.99969,100,100
2.9995,100,100
2.9993,100,100
2.99911,100,100
2.99891,100,100
2.99872,100,100
2.99852,100,100
2.99833,100,100
2.99813,100,100
2.99794,100,100
2.99775,100,100
2.99755,100,100
2.99736,100,100
2.99716,100,100
2.99697,100,100
2.99677,100,100
2.99658,100,100
2.99638,100,100
2.99619,100,100
2.99599,100,100
2.9958,100,100
2.9956,100,100
2.99541,100,100
2.99522,100,100
2.99502,100,100
2.99483,100,100
2.99463,100,100
2.99444,100,100
2.99424,100,100
2.99405,100,100
2.99385,100,100
2.99366,100,100
2.99346,100,100
2.99327,100,100
2.99307,100,100
2.99288,100,100
2.99268,100,100
2.99249,100,100
2.9923,100,100
2.9921,100,100
2.99191,100,100
2.99171,100,100
2.99152,100,100
2.99132,100,100
2.99113,100,100
2.99093,100,100
2.99074,100,100
2.99054,100,100
2.99035,100,100
2.99015,100,100
2.98996,100,100
2.98977,100,100
2.98957,100,100
2.98938,100,100
2.98918,100,100
2.98899,100,100
2.98879,100,100
2.9886,100,100
2.9884,100,100
2.98821,100,100
2.98801,100,100
2.98782,100,100
2.98762,100,100
2.98743,100,100
2.98723,100,100
2.98704,100,100
2.98685,100,100
2.98665,100,100
2.98646,100,100
2.98626,100,100
2.98607,100,100
2.98587,100,100
2.98568,100,100
2.98548,100,100
2.98529,100,100
2.98509,100,100
2.9849,100,100
2.9847,100,100
2.98451,100,100
2.98431,100,100
2.98412,100,100
2.98393,100,100
2.98373,100,100
2.98354,100,100
2.98334,100,100
2.98315,100,100
2.98295,100,100
2.98276,100,100
2.98256,100,100
2.98237,100,100
2.98218,100,100
2.98198,100,100
2.98179,100,100
2.9816,100,100
2.9814,100,100
2.98121,100,100
2.98102,100,100
2.98083,100,100
2.98063,100,100
2.98044,100,100
2.98025,100,100
2.98005,100,100
2.97986,100,100
2.97967,100,100
2.97948,100,100
2.97928,100,100
2.97909,100,100
2.9789,100,100
2.9787,100,100
2.97851,100,100
2.97832,100,100
2.97813,100,100
2.97793,100,100
2.97774,100,100
2.97755,100,100
2.97736,100,100
2.97716,100,100
2.97697,100,100
2.97678,100,100
2.97658,100,100
2.97639,100,100
2.9762,100,100
2.97601,100,100
2.97581,100,100
2.97562,100,100
2.97543,100,100
2.97523,100,100
2.97504,100,100
2.97485,100,100
2.97466,100,100
2.97446,100,100
2.97427,100,100
2.97408,100,100
2.97388,100,100
2.97369,100,100
2.9735,100,100
2.97331,100,100
2.97311,100,100
2.97292,100,100
2.97273,100,100
2.97253,100,100
2.97234,100,100
2.97215,100,100
2.97196,100,100
2.97176,100,100
2.97157,100,100
2.97138,100,100
2.97119,100,100
2.97099,100,100
2.9708,100,100
2.97061,100,100
2.97041,100,100
2.97022,100,100
2.97003,100,100
2.96984,100,100
2.96964,100,100
2.96945,100,100
2.96926,100,100
2.96906,100,100
2.96887,100,100
2.96868,100,100
2.96849,100,100
2.96829,100,100
2.9681,100,100
2.96791,100,100
2.96771,100,100
2.96752,100,100
2.96733,100,100
2.96714,100,100
2.96694,100,100
2.96675,100,100
2.96656,100,100
2.96636,100,100
2.96617,100,100
2.96598,100,100
2.96579,100,100
2.96559,100,100
2.9654,100,100
2.96521,100,100
2.96502,100,100
2.96482,100,100
2.96463,100,100
2.96444,100,100
2.96424,100,100
2.96405,100,100
2.96386,100,100
2.96367,100,100
2.96347,100,100
2.96328,100,100
2.96309,100,100
2.96289,100,100
2.9627,100,100
2.96251,100,100
2.96231,100,100
2.96212,100,100
2.96193,100,100
2.96173,100,100
2.96154,100,100
2.96134,100,100
2.96115,100,100
2.96096,100,100
2.96076,100,100
2.96057,100,100
2.96038,100,100
2.96018,100,100
2.95999,100,100
2.9598,100,100
2.9596,100,100
2.95941,100,100
2.95921,100,100
2.95902,100,100
2.95883,100,100
2.95863,100,100
2.95844,100,100
2.95825,100,100
2.95805,100,100
2.95786,100,100
2.95767,100,100
2.95747,100,100
2.95728,100,100
2.95708,100,100
2.95689,100,100
2.9567,100,100
2.9565,100,100
2.95631,100,100
2.95612,100,100
2.95592,100,100
2.95573,100,100
2.95554,100,100
2.95534,100,100
2.95515,100,100
2.95495,100,100
2.95476,100,100
2.95457,100,100
2.95437,100,100
2.95418,100,100
2.95399,100,100
2.95379,100,100
2.9536,100,100
2.95341,100,100
2.95321,100,100
2.95302,100,100
2.95282,100,100
2.95263,100,100
2.95244,100,100
2.95224,100,100
2.95205,100,100
2.95186,100,100
2.95166,100,100
2.95147,100,100
2.95128,100,100
2.95108,100,100
2.95089,100,100
2.95069,100,100
2.9505,100,100
2.95031,100,100
2.95011,100,100
2.94992,100,100
2.94973,100,100
2.94953,100,100
2.94934,100,100
2.94915,100,100
2.94895,100,100
2.94876,100,100
2.94856,100,100
2.94837,100,100
2.94818,100,100
2.94798,100,100
2.94779,100,100
2.9476,100,100
2.9474,100,100
2.94721,100,100
2.94702,100,100
2.94682,100,100
2.94663,100,100
2.94643,100,100
2.94624,100,100
2.94605,100,100
2.94585,100,100
2.94566,100,100
2.94547,100,100
2.94527,100,100
2.94508,100,100
2.94489,100,100
2.94469,100,100
2.9445,100,100
2.9443,100,100
2.94411,100,100
2.94392,100,100
2.94372,100,100
2.94353,100,100
2.94333,100,100
2.94313,100,100
2.94294,100,100
2.94274,100,100
2.94254,100,100
2.94234,100,100
2.94215,100,100
2.94195,100,100
2.94175,100,100
2.94156,100,100
2.94136,100,100
2.94116,100,100
2.94097,100,100
2.94077,100,100
2.94057,100,100
2.94037,100,100
2.94018,100,100
2.93998,100,100
2.93978,100,100
2.93959,100,100
2.93939,100,100
2.93919,100,100
2.939,100,100
2.9388,100,100
2.9386,100,100
2.9384,100,100
2.93821,100,100
2.93801,100,100
2.93781,100,100
2.93762,100,100
2.93742,100,100
2.93722,100,100
2.93703,100,100
2.93683,100,100
2.93663,100,100
2.93643,100,100
2.93624,100,100
2.93604,100,100
2.93584,100,100
2.93565,100,100
2.93545,100,100
2.93525,100,100
2.93505,100,100
2.93486,100,100
2.93466,100,100
2.93446,100,100
2.93427,100,100
2.93407,100,100
2.93387,100,100
2.93368,100,100
2.93348,100,100
2.93328,100,100
2.93308,100,100
2.93289,100,100
2.93269,100,100
2.93249,100,100
2.9323,100,100
2.9321,100,100
2.9319,100,100
2.93171,100,100
2.93151,100,100
2.93131,100,100
2.93111,100,100
2.93092,100,100
2.93072,100,100
2.93052,100,100
2.93033,100,100
2.93013,100,100
2.92993,100,100
2.92974,100,100
2.92954,100,100
2.92934,100,100
2.92914,100,100
2.92895,100,100
2.92875,100,100
2.92855,100,100
2.92836,100,100
2.92816,100,100
2.92796,100,100
2.92776,100,100
2.92757,100,100
2.92737,100,100
2.92717,100,100
2.92698,100,100
2.92678,100,100
2.92658,100,100
2.92639,100,100
2.92619,100,100
2.92599,100,100
2.92579,100,100
2.9256,100,100
2.9254,100,100
2.9252,100,100
2.92501,100,100
2.92481,100,100
2.92461,100,100
2.92442,100,100
2.92422,100,100
2.92402,100,100
2.92382,100,100
2.92363,100,100
2.92343,100,100
2.92323,100,100
2.92304,100,100
2.92284,100,100
2.92264,100,100
2.92245,100,100
2.92225,100,100
2.92205,100,100
2.92185,100,100
2.92166,100,100
2.92146,100,100
2.92126,100,100
2.92107,100,100
2.92087,100,100
2.92067,100,100
2.92047,100,100
2.92028,100,100
2.92008,100,100
2.91988,100,100
2.91969,100,100
2.91949,100,100
2.91929,100,100
2.9191,100,100
2.9189,100,100
2.9187,100,100
2.9185,100,100
2.91831,100,100
2.91811,100,100
2.91791,100,100
2.91772,100,100
2.91752,100,100
2.91732,100,100
2.91713,100,100
2.91693,100,100
2.91673,100,100
2.91653,100,100
2.91634,100,100
2.91614,100,100
2.91594,100,100
2.91575,100,100
2.91555,100,100
2.91535,100,100
2.91515,100,100
2.91496,100,100
2.91476,100,100
2.91456,100,100
2.91437,100,100
2.91417,100,100
2.91397,100,100
2.91378,100,100
2.91358,100,100
2.91338,100,100
2.91318,100,100
2.91299,100,100
2.91279,100,100
2.91259,100,100
2.9124,100,100
2.9122,100,100
2.912,100,100
2.91181,100,100
2.91161,100,100
2.91141,100,100
2.91121,100,100
2.91102,100,100
2.91082,100,100
2.91062,100,100
2.91043,100,100
2.91023,100,100
2.91003,100,100
2.90984,100,100
2.90964,100,100
2.90944,100,100
2.90924,100,100
2.90905,100,100
2.90885,100,100
2.90865,100,100
2.90846,100,100
2.90826,100,100
2.90806,100,100
2.90786,100,100
2.90767,100,100
2.90747,100,100
2.90727,100,100
2.90708,100,100
2.90688,100,100
2.90668,100,100
2.90649,100,100
2.90629,100,100
2.90609,100,100
2.90589,100,100
2.9057,100,100
2.9055,100,100
2.9053,100,100
2.90511,100,100
2.90491,100,100
2.90471,100,100
2.90452,100,100
2.90432,100,100
2.90412,100,100
